source,grouping_definition,target_date,decision_rule,request_id,run_id,forecast_issue_time_utc,decision_time_utc,source_rows,target_day_rows,unique_local_hours,conflicting_hours,earliest_valid_hour_hkt,latest_valid_hour_hkt,forecast_daily_max_c,source_preference,status,reason
data/interim/notebook02_sources/hourly_forecasts/01_19a_hko_ecmwf_single_run_hourly_forecasts.csv,source_target_date_decision_rule_issue_time,2026-03-15,6h_prior,,,2026-03-14 06:00:00+00:00,2026-03-14 06:00:00+00:00,1,1,1,0,2026-03-15 14:00:00+08:00,2026-03-15 14:00:00+08:00,,1500.0,REJECTED,local_hour_count_1
data/interim/notebook02_sources/hourly_forecasts/01_19a_hko_ecmwf_single_run_hourly_forecasts.csv,source_target_date_decision_rule_issue_time,2026-03-15,12h_prior,,,2026-03-14 06:00:00+00:00,2026-03-14 06:00:00+00:00,1,1,1,0,2026-03-15 20:00:00+08:00,2026-03-15 20:00:00+08:00,,1500.0,REJECTED,local_hour_count_1
data/interim/notebook02_sources/hourly_forecasts/01_19a_hko_ecmwf_single_run_hourly_forecasts.csv,source_target_date_decision_rule_issue_time,2026-03-16,6h_prior,,,2026-03-14 06:00:00+00:00,2026-03-14 06:00:00+00:00,1,1,1,0,2026-03-16 14:00:00+08:00,2026-03-16 14:00:00+08:00,,1500.0,REJECTED,local_hour_count_1
data/interim/notebook02_sources/hourly_forecasts/01_19a_hko_ecmwf_single_run_hourly_forecasts.csv,source_target_date_decision_rule_issue_time,2026-03-16,12h_prior,,,2026-03-14 06:00:00+00:00,2026-03-14 06:00:00+00:00,1,1,1,0,2026-03-16 20:00:00+08:00,2026-03-16 20:00:00+08:00,,1500.0,REJECTED,local_hour_count_1
data/interim/notebook02_sources/hourly_forecasts/01_19a_hko_ecmwf_single_run_hourly_forecasts.csv,source_target_date_decision_rule_issue_time,2026-03-17,6h_prior,,,2026-03-14 06:00:00+00:00,2026-03-14 06:00:00+00:00,1,1,1,0,2026-03-17 14:00:00+08:00,2026-03-17 14:00:00+08:00,,1500.0,REJECTED,local_hour_count_1
data/interim/notebook02_sources/hourly_forecasts/01_19a_hko_ecmwf_single_run_hourly_forecasts.csv,source_target_date_decision_rule_issue_time,2026-03-17,12h_prior,,,2026-03-14 06:00:00+00:00,2026-03-14 06:00:00+00:00,1,1,1,0,2026-03-17 20:00:00+08:00,2026-03-17 20:00:00+08:00,,1500.0,REJECTED,local_hour_count_1
data/interim/notebook02_sources/hourly_forecasts/01_19a_hko_ecmwf_single_run_hourly_forecasts.csv,source_target_date_decision_rule_issue_time,2026-03-18,6h_prior,,,2026-03-14 06:00:00+00:00,2026-03-14 06:00:00+00:00,1,1,1,0,2026-03-18 14:00:00+08:00,2026-03-18 14:00:00+08:00,,1500.0,REJECTED,local_hour_count_1
data/interim/notebook02_sources/hourly_forecasts/01_19a_hko_ecmwf_single_run_hourly_forecasts.csv,source_target_date_decision_rule_issue_time,2026-03-18,12h_prior,,,2026-03-14 06:00:00+00:00,2026-03-14 06:00:00+00:00,1,1,1,0,2026-03-18 20:00:00+08:00,2026-03-18 20:00:00+08:00,,1500.0,REJECTED,local_hour_count_1
data/interim/notebook02_sources/hourly_forecasts/01_19a_hko_ecmwf_single_run_hourly_forecasts.csv,source_target_date_decision_rule_issue_time,2026-03-19,6h_prior,,,2026-03-14 06:00:00+00:00,2026-03-14 06:00:00+00:00,1,1,1,0,2026-03-19 14:00:00+08:00,2026-03-19 14:00:00+08:00,,1500.0,REJECTED,local_hour_count_1
data/interim/notebook02_sources/hourly_forecasts/01_19a_hko_ecmwf_single_run_hourly_forecasts.csv,source_target_date_decision_rule_issue_time,2026-03-19,12h_prior,,,2026-03-14 06:00:00+00:00,2026-03-14 06:00:00+00:00,1,1,1,0,2026-03-19 20:00:00+08:00,2026-03-19 20:00:00+08:00,,1500.0,REJECTED,local_hour_count_1
data/interim/notebook02_sources/hourly_forecasts/01_19a_hko_ecmwf_single_run_hourly_forecasts.csv,source_target_date_decision_rule_issue_time,2026-03-20,6h_prior,,,2026-03-14 06:00:00+00:00,2026-03-14 06:00:00+00:00,1,1,1,0,2026-03-20 14:00:00+08:00,2026-03-20 14:00:00+08:00,,1500.0,REJECTED,local_hour_count_1
data/interim/notebook02_sources/hourly_forecasts/01_19a_hko_ecmwf_single_run_hourly_forecasts.csv,source_target_date_decision_rule_issue_time,2026-03-20,12h_prior,,,2026-03-14 06:00:00+00:00,2026-03-14 06:00:00+00:00,1,1,1,0,2026-03-20 20:00:00+08:00,2026-03-20 20:00:00+08:00,,1500.0,REJECTED,local_hour_count_1
data/interim/notebook02_sources/hourly_forecasts/01_19a_hko_ecmwf_single_run_hourly_forecasts.csv,source_target_date_decision_rule_issue_time,2026-03-16,12h_prior,,,2026-03-16 00:00:00+00:00,2026-03-16 00:00:00+00:00,1,1,1,0,2026-03-16 20:00:00+08:00,2026-03-16 20:00:00+08:00,,1500.0,REJECTED,local_hour_count_1
data/interim/notebook02_sources/hourly_forecasts/01_19a_hko_ecmwf_single_run_hourly_forecasts.csv,source_target_date_decision_rule_issue_time,2026-03-17,6h_prior,,,2026-03-16 00:00:00+00:00,2026-03-16 00:00:00+00:00,1,1,1,0,2026-03-17 14:00:00+08:00,2026-03-17 14:00:00+08:00,,1500.0,REJECTED,local_hour_count_1
data/interim/notebook02_sources/hourly_forecasts/01_19a_hko_ecmwf_single_run_hourly_forecasts.csv,source_target_date_decision_rule_issue_time,2026-03-17,12h_prior,,,2026-03-16 00:00:00+00:00,2026-03-16 00:00:00+00:00,1,1,1,0,2026-03-17 20:00:00+08:00,2026-03-17 20:00:00+08:00,,1500.0,REJECTED,local_hour_count_1
data/interim/notebook02_sources/hourly_forecasts/01_19a_hko_ecmwf_single_run_hourly_forecasts.csv,source_target_date_decision_rule_issue_time,2026-03-18,6h_prior,,,2026-03-16 00:00:00+00:00,2026-03-16 00:00:00+00:00,1,1,1,0,2026-03-18 14:00:00+08:00,2026-03-18 14:00:00+08:00,,1500.0,REJECTED,local_hour_count_1
data/interim/notebook02_sources/hourly_forecasts/01_19a_hko_ecmwf_single_run_hourly_forecasts.csv,source_target_date_decision_rule_issue_time,2026-03-18,12h_prior,,,2026-03-16 00:00:00+00:00,2026-03-16 00:00:00+00:00,1,1,1,0,2026-03-18 20:00:00+08:00,2026-03-18 20:00:00+08:00,,1500.0,REJECTED,local_hour_count_1
data/interim/notebook02_sources/hourly_forecasts/01_19a_hko_ecmwf_single_run_hourly_forecasts.csv,source_target_date_decision_rule_issue_time,2026-03-19,6h_prior,,,2026-03-16 00:00:00+00:00,2026-03-16 00:00:00+00:00,1,1,1,0,2026-03-19 14:00:00+08:00,2026-03-19 14:00:00+08:00,,1500.0,REJECTED,local_hour_count_1
data/interim/notebook02_sources/hourly_forecasts/01_19a_hko_ecmwf_single_run_hourly_forecasts.csv,source_target_date_decision_rule_issue_time,2026-03-19,12h_prior,,,2026-03-16 00:00:00+00:00,2026-03-16 00:00:00+00:00,1,1,1,0,2026-03-19 20:00:00+08:00,2026-03-19 20:00:00+08:00,,1500.0,REJECTED,local_hour_count_1
data/interim/notebook02_sources/hourly_forecasts/01_19a_hko_ecmwf_single_run_hourly_forecasts.csv,source_target_date_decision_rule_issue_time,2026-03-20,6h_prior,,,2026-03-16 00:00:00+00:00,2026-03-16 00:00:00+00:00,1,1,1,0,2026-03-20 14:00:00+08:00,2026-03-20 14:00:00+08:00,,1500.0,REJECTED,local_hour_count_1
data/interim/notebook02_sources/hourly_forecasts/01_19a_hko_ecmwf_single_run_hourly_forecasts.csv,source_target_date_decision_rule_issue_time,2026-03-20,12h_prior,,,2026-03-16 00:00:00+00:00,2026-03-16 00:00:00+00:00,1,1,1,0,2026-03-20 20:00:00+08:00,2026-03-20 20:00:00+08:00,,1500.0,REJECTED,local_hour_count_1
data/interim/notebook02_sources/hourly_forecasts/01_19a_hko_ecmwf_single_run_hourly_forecasts.csv,source_target_date_decision_rule_issue_time,2026-03-21,6h_prior,,,2026-03-16 00:00:00+00:00,2026-03-16 00:00:00+00:00,1,1,1,0,2026-03-21 14:00:00+08:00,2026-03-21 14:00:00+08:00,,1500.0,REJECTED,local_hour_count_1
data/interim/notebook02_sources/hourly_forecasts/01_19a_hko_ecmwf_single_run_hourly_forecasts.csv,source_target_date_decision_rule_issue_time,2026-03-21,12h_prior,,,2026-03-16 00:00:00+00:00,2026-03-16 00:00:00+00:00,1,1,1,0,2026-03-21 20:00:00+08:00,2026-03-21 20:00:00+08:00,,1500.0,REJECTED,local_hour_count_1
data/interim/notebook02_sources/hourly_forecasts/01_19a_hko_ecmwf_single_run_hourly_forecasts.csv,source_target_date_decision_rule_issue_time,2026-03-22,6h_prior,,,2026-03-16 00:00:00+00:00,2026-03-16 00:00:00+00:00,1,1,1,0,2026-03-22 14:00:00+08:00,2026-03-22 14:00:00+08:00,,1500.0,REJECTED,local_hour_count_1
data/interim/notebook02_sources/hourly_forecasts/01_19a_hko_ecmwf_single_run_hourly_forecasts.csv,source_target_date_decision_rule_issue_time,2026-03-22,12h_prior,,,2026-03-16 00:00:00+00:00,2026-03-16 00:00:00+00:00,1,1,1,0,2026-03-22 20:00:00+08:00,2026-03-22 20:00:00+08:00,,1500.0,REJECTED,local_hour_count_1
data/interim/notebook02_sources/hourly_forecasts/01_19a_hko_ecmwf_single_run_hourly_forecasts.csv,source_target_date_decision_rule_issue_time,2026-03-23,6h_prior,,,2026-03-16 00:00:00+00:00,2026-03-16 00:00:00+00:00,1,1,1,0,2026-03-23 14:00:00+08:00,2026-03-23 14:00:00+08:00,,1500.0,REJECTED,local_hour_count_1
data/interim/notebook02_sources/hourly_forecasts/01_19a_hko_ecmwf_single_run_hourly_forecasts.csv,source_target_date_decision_rule_issue_time,2026-03-23,12h_prior,,,2026-03-16 00:00:00+00:00,2026-03-16 00:00:00+00:00,1,1,1,0,2026-03-23 20:00:00+08:00,2026-03-23 20:00:00+08:00,,1500.0,REJECTED,local_hour_count_1
data/interim/notebook02_sources/hourly_forecasts/01_19a_hko_ecmwf_single_run_hourly_forecasts.csv,source_target_date_decision_rule_issue_time,2026-03-24,6h_prior,,,2026-03-16 00:00:00+00:00,2026-03-16 00:00:00+00:00,1,1,1,0,2026-03-24 14:00:00+08:00,2026-03-24 14:00:00+08:00,,1500.0,REJECTED,local_hour_count_1
data/interim/notebook02_sources/hourly_forecasts/01_19a_hko_ecmwf_single_run_hourly_forecasts.csv,source_target_date_decision_rule_issue_time,2026-03-24,12h_prior,,,2026-03-16 00:00:00+00:00,2026-03-16 00:00:00+00:00,1,1,1,0,2026-03-24 20:00:00+08:00,2026-03-24 20:00:00+08:00,,1500.0,REJECTED,local_hour_count_1
data/interim/notebook02_sources/hourly_forecasts/01_19a_hko_ecmwf_single_run_hourly_forecasts.csv,source_target_date_decision_rule_issue_time,2026-03-25,6h_prior,,,2026-03-16 00:00:00+00:00,2026-03-16 00:00:00+00:00,1,1,1,0,2026-03-25 14:00:00+08:00,2026-03-25 14:00:00+08:00,,1500.0,REJECTED,local_hour_count_1
data/interim/notebook02_sources/hourly_forecasts/01_19a_hko_ecmwf_single_run_hourly_forecasts.csv,source_target_date_decision_rule_issue_time,2026-03-25,12h_prior,,,2026-03-16 00:00:00+00:00,2026-03-16 00:00:00+00:00,1,1,1,0,2026-03-25 20:00:00+08:00,2026-03-25 20:00:00+08:00,,1500.0,REJECTED,local_hour_count_1
data/interim/notebook02_sources/hourly_forecasts/01_19a_hko_ecmwf_single_run_hourly_forecasts.csv,source_target_date_decision_rule_issue_time,2026-03-26,6h_prior,,,2026-03-16 00:00:00+00:00,2026-03-16 00:00:00+00:00,1,1,1,0,2026-03-26 14:00:00+08:00,2026-03-26 14:00:00+08:00,,1500.0,REJECTED,local_hour_count_1
data/interim/notebook02_sources/hourly_forecasts/01_19a_hko_ecmwf_single_run_hourly_forecasts.csv,source_target_date_decision_rule_issue_time,2026-03-17,6h_prior,,,2026-03-16 18:00:00+00:00,2026-03-16 18:00:00+00:00,1,1,1,0,2026-03-17 14:00:00+08:00,2026-03-17 14:00:00+08:00,,1500.0,REJECTED,local_hour_count_1
data/interim/notebook02_sources/hourly_forecasts/01_19a_hko_ecmwf_single_run_hourly_forecasts.csv,source_target_date_decision_rule_issue_time,2026-03-17,12h_prior,,,2026-03-16 18:00:00+00:00,2026-03-16 18:00:00+00:00,1,1,1,0,2026-03-17 20:00:00+08:00,2026-03-17 20:00:00+08:00,,1500.0,REJECTED,local_hour_count_1
data/interim/notebook02_sources/hourly_forecasts/01_19a_hko_ecmwf_single_run_hourly_forecasts.csv,source_target_date_decision_rule_issue_time,2026-03-18,6h_prior,,,2026-03-16 18:00:00+00:00,2026-03-16 18:00:00+00:00,1,1,1,0,2026-03-18 14:00:00+08:00,2026-03-18 14:00:00+08:00,,1500.0,REJECTED,local_hour_count_1
data/interim/notebook02_sources/hourly_forecasts/01_19a_hko_ecmwf_single_run_hourly_forecasts.csv,source_target_date_decision_rule_issue_time,2026-03-18,12h_prior,,,2026-03-16 18:00:00+00:00,2026-03-16 18:00:00+00:00,1,1,1,0,2026-03-18 20:00:00+08:00,2026-03-18 20:00:00+08:00,,1500.0,REJECTED,local_hour_count_1
data/interim/notebook02_sources/hourly_forecasts/01_19a_hko_ecmwf_single_run_hourly_forecasts.csv,source_target_date_decision_rule_issue_time,2026-03-19,6h_prior,,,2026-03-16 18:00:00+00:00,2026-03-16 18:00:00+00:00,1,1,1,0,2026-03-19 14:00:00+08:00,2026-03-19 14:00:00+08:00,,1500.0,REJECTED,local_hour_count_1
data/interim/notebook02_sources/hourly_forecasts/01_19a_hko_ecmwf_single_run_hourly_forecasts.csv,source_target_date_decision_rule_issue_time,2026-03-19,12h_prior,,,2026-03-16 18:00:00+00:00,2026-03-16 18:00:00+00:00,1,1,1,0,2026-03-19 20:00:00+08:00,2026-03-19 20:00:00+08:00,,1500.0,REJECTED,local_hour_count_1
data/interim/notebook02_sources/hourly_forecasts/01_19a_hko_ecmwf_single_run_hourly_forecasts.csv,source_target_date_decision_rule_issue_time,2026-03-20,6h_prior,,,2026-03-16 18:00:00+00:00,2026-03-16 18:00:00+00:00,1,1,1,0,2026-03-20 14:00:00+08:00,2026-03-20 14:00:00+08:00,,1500.0,REJECTED,local_hour_count_1
data/interim/notebook02_sources/hourly_forecasts/01_19a_hko_ecmwf_single_run_hourly_forecasts.csv,source_target_date_decision_rule_issue_time,2026-03-20,12h_prior,,,2026-03-16 18:00:00+00:00,2026-03-16 18:00:00+00:00,1,1,1,0,2026-03-20 20:00:00+08:00,2026-03-20 20:00:00+08:00,,1500.0,REJECTED,local_hour_count_1
data/interim/notebook02_sources/hourly_forecasts/01_19a_hko_ecmwf_single_run_hourly_forecasts.csv,source_target_date_decision_rule_issue_time,2026-03-21,6h_prior,,,2026-03-16 18:00:00+00:00,2026-03-16 18:00:00+00:00,1,1,1,0,2026-03-21 14:00:00+08:00,2026-03-21 14:00:00+08:00,,1500.0,REJECTED,local_hour_count_1
data/interim/notebook02_sources/hourly_forecasts/01_19a_hko_ecmwf_single_run_hourly_forecasts.csv,source_target_date_decision_rule_issue_time,2026-03-21,12h_prior,,,2026-03-16 18:00:00+00:00,2026-03-16 18:00:00+00:00,1,1,1,0,2026-03-21 20:00:00+08:00,2026-03-21 20:00:00+08:00,,1500.0,REJECTED,local_hour_count_1
data/interim/notebook02_sources/hourly_forecasts/01_19a_hko_ecmwf_single_run_hourly_forecasts.csv,source_target_date_decision_rule_issue_time,2026-03-22,6h_prior,,,2026-03-16 18:00:00+00:00,2026-03-16 18:00:00+00:00,1,1,1,0,2026-03-22 14:00:00+08:00,2026-03-22 14:00:00+08:00,,1500.0,REJECTED,local_hour_count_1
data/interim/notebook02_sources/hourly_forecasts/01_19a_hko_ecmwf_single_run_hourly_forecasts.csv,source_target_date_decision_rule_issue_time,2026-03-22,12h_prior,,,2026-03-16 18:00:00+00:00,2026-03-16 18:00:00+00:00,1,1,1,0,2026-03-22 20:00:00+08:00,2026-03-22 20:00:00+08:00,,1500.0,REJECTED,local_hour_count_1
data/interim/notebook02_sources/hourly_forecasts/01_19a_hko_ecmwf_single_run_hourly_forecasts.csv,source_target_date_decision_rule_issue_time,2026-03-17,12h_prior,,,2026-03-17 00:00:00+00:00,2026-03-17 00:00:00+00:00,1,1,1,0,2026-03-17 20:00:00+08:00,2026-03-17 20:00:00+08:00,,1500.0,REJECTED,local_hour_count_1
data/interim/notebook02_sources/hourly_forecasts/01_19a_hko_ecmwf_single_run_hourly_forecasts.csv,source_target_date_decision_rule_issue_time,2026-03-18,6h_prior,,,2026-03-17 00:00:00+00:00,2026-03-17 00:00:00+00:00,1,1,1,0,2026-03-18 14:00:00+08:00,2026-03-18 14:00:00+08:00,,1500.0,REJECTED,local_hour_count_1
data/interim/notebook02_sources/hourly_forecasts/01_19a_hko_ecmwf_single_run_hourly_forecasts.csv,source_target_date_decision_rule_issue_time,2026-03-18,12h_prior,,,2026-03-17 00:00:00+00:00,2026-03-17 00:00:00+00:00,1,1,1,0,2026-03-18 20:00:00+08:00,2026-03-18 20:00:00+08:00,,1500.0,REJECTED,local_hour_count_1
data/interim/notebook02_sources/hourly_forecasts/01_19a_hko_ecmwf_single_run_hourly_forecasts.csv,source_target_date_decision_rule_issue_time,2026-03-19,6h_prior,,,2026-03-17 00:00:00+00:00,2026-03-17 00:00:00+00:00,1,1,1,0,2026-03-19 14:00:00+08:00,2026-03-19 14:00:00+08:00,,1500.0,REJECTED,local_hour_count_1
data/interim/notebook02_sources/hourly_forecasts/01_19a_hko_ecmwf_single_run_hourly_forecasts.csv,source_target_date_decision_rule_issue_time,2026-03-19,12h_prior,,,2026-03-17 00:00:00+00:00,2026-03-17 00:00:00+00:00,1,1,1,0,2026-03-19 20:00:00+08:00,2026-03-19 20:00:00+08:00,,1500.0,REJECTED,local_hour_count_1
data/interim/notebook02_sources/hourly_forecasts/01_19a_hko_ecmwf_single_run_hourly_forecasts.csv,source_target_date_decision_rule_issue_time,2026-03-20,6h_prior,,,2026-03-17 00:00:00+00:00,2026-03-17 00:00:00+00:00,1,1,1,0,2026-03-20 14:00:00+08:00,2026-03-20 14:00:00+08:00,,1500.0,REJECTED,local_hour_count_1
data/interim/notebook02_sources/hourly_forecasts/01_19a_hko_ecmwf_single_run_hourly_forecasts.csv,source_target_date_decision_rule_issue_time,2026-03-20,12h_prior,,,2026-03-17 00:00:00+00:00,2026-03-17 00:00:00+00:00,1,1,1,0,2026-03-20 20:00:00+08:00,2026-03-20 20:00:00+08:00,,1500.0,REJECTED,local_hour_count_1
data/interim/notebook02_sources/hourly_forecasts/01_19a_hko_ecmwf_single_run_hourly_forecasts.csv,source_target_date_decision_rule_issue_time,2026-03-21,6h_prior,,,2026-03-17 00:00:00+00:00,2026-03-17 00:00:00+00:00,1,1,1,0,2026-03-21 14:00:00+08:00,2026-03-21 14:00:00+08:00,,1500.0,REJECTED,local_hour_count_1
data/interim/notebook02_sources/hourly_forecasts/01_19a_hko_ecmwf_single_run_hourly_forecasts.csv,source_target_date_decision_rule_issue_time,2026-03-21,12h_prior,,,2026-03-17 00:00:00+00:00,2026-03-17 00:00:00+00:00,1,1,1,0,2026-03-21 20:00:00+08:00,2026-03-21 20:00:00+08:00,,1500.0,REJECTED,local_hour_count_1
data/interim/notebook02_sources/hourly_forecasts/01_19a_hko_ecmwf_single_run_hourly_forecasts.csv,source_target_date_decision_rule_issue_time,2026-03-22,6h_prior,,,2026-03-17 00:00:00+00:00,2026-03-17 00:00:00+00:00,1,1,1,0,2026-03-22 14:00:00+08:00,2026-03-22 14:00:00+08:00,,1500.0,REJECTED,local_hour_count_1
data/interim/notebook02_sources/hourly_forecasts/01_19a_hko_ecmwf_single_run_hourly_forecasts.csv,source_target_date_decision_rule_issue_time,2026-03-22,12h_prior,,,2026-03-17 00:00:00+00:00,2026-03-17 00:00:00+00:00,1,1,1,0,2026-03-22 20:00:00+08:00,2026-03-22 20:00:00+08:00,,1500.0,REJECTED,local_hour_count_1
data/interim/notebook02_sources/hourly_forecasts/01_19a_hko_ecmwf_single_run_hourly_forecasts.csv,source_target_date_decision_rule_issue_time,2026-03-23,6h_prior,,,2026-03-17 00:00:00+00:00,2026-03-17 00:00:00+00:00,1,1,1,0,2026-03-23 14:00:00+08:00,2026-03-23 14:00:00+08:00,,1500.0,REJECTED,local_hour_count_1
data/interim/notebook02_sources/hourly_forecasts/01_19a_hko_ecmwf_single_run_hourly_forecasts.csv,source_target_date_decision_rule_issue_time,2026-03-23,12h_prior,,,2026-03-17 00:00:00+00:00,2026-03-17 00:00:00+00:00,1,1,1,0,2026-03-23 20:00:00+08:00,2026-03-23 20:00:00+08:00,,1500.0,REJECTED,local_hour_count_1
data/interim/notebook02_sources/hourly_forecasts/01_19a_hko_ecmwf_single_run_hourly_forecasts.csv,source_target_date_decision_rule_issue_time,2026-03-24,6h_prior,,,2026-03-17 00:00:00+00:00,2026-03-17 00:00:00+00:00,1,1,1,0,2026-03-24 14:00:00+08:00,2026-03-24 14:00:00+08:00,,1500.0,REJECTED,local_hour_count_1
data/interim/notebook02_sources/hourly_forecasts/01_19a_hko_ecmwf_single_run_hourly_forecasts.csv,source_target_date_decision_rule_issue_time,2026-03-24,12h_prior,,,2026-03-17 00:00:00+00:00,2026-03-17 00:00:00+00:00,1,1,1,0,2026-03-24 20:00:00+08:00,2026-03-24 20:00:00+08:00,,1500.0,REJECTED,local_hour_count_1
data/interim/notebook02_sources/hourly_forecasts/01_19a_hko_ecmwf_single_run_hourly_forecasts.csv,source_target_date_decision_rule_issue_time,2026-03-25,6h_prior,,,2026-03-17 00:00:00+00:00,2026-03-17 00:00:00+00:00,1,1,1,0,2026-03-25 14:00:00+08:00,2026-03-25 14:00:00+08:00,,1500.0,REJECTED,local_hour_count_1
data/interim/notebook02_sources/hourly_forecasts/01_19a_hko_ecmwf_single_run_hourly_forecasts.csv,source_target_date_decision_rule_issue_time,2026-03-25,12h_prior,,,2026-03-17 00:00:00+00:00,2026-03-17 00:00:00+00:00,1,1,1,0,2026-03-25 20:00:00+08:00,2026-03-25 20:00:00+08:00,,1500.0,REJECTED,local_hour_count_1
data/interim/notebook02_sources/hourly_forecasts/01_19a_hko_ecmwf_single_run_hourly_forecasts.csv,source_target_date_decision_rule_issue_time,2026-03-26,6h_prior,,,2026-03-17 00:00:00+00:00,2026-03-17 00:00:00+00:00,1,1,1,0,2026-03-26 14:00:00+08:00,2026-03-26 14:00:00+08:00,,1500.0,REJECTED,local_hour_count_1
data/interim/notebook02_sources/hourly_forecasts/01_19a_hko_ecmwf_single_run_hourly_forecasts.csv,source_target_date_decision_rule_issue_time,2026-03-26,12h_prior,,,2026-03-17 00:00:00+00:00,2026-03-17 00:00:00+00:00,1,1,1,0,2026-03-26 20:00:00+08:00,2026-03-26 20:00:00+08:00,,1500.0,REJECTED,local_hour_count_1
data/interim/notebook02_sources/hourly_forecasts/01_19a_hko_ecmwf_single_run_hourly_forecasts.csv,source_target_date_decision_rule_issue_time,2026-03-27,6h_prior,,,2026-03-17 00:00:00+00:00,2026-03-17 00:00:00+00:00,1,1,1,0,2026-03-27 14:00:00+08:00,2026-03-27 14:00:00+08:00,,1500.0,REJECTED,local_hour_count_1
data/interim/notebook02_sources/hourly_forecasts/01_19a_hko_ecmwf_single_run_hourly_forecasts.csv,source_target_date_decision_rule_issue_time,2026-03-20,6h_prior,,,2026-03-19 18:00:00+00:00,2026-03-19 18:00:00+00:00,1,1,1,0,2026-03-20 14:00:00+08:00,2026-03-20 14:00:00+08:00,,1500.0,REJECTED,local_hour_count_1
data/interim/notebook02_sources/hourly_forecasts/01_19a_hko_ecmwf_single_run_hourly_forecasts.csv,source_target_date_decision_rule_issue_time,2026-03-20,12h_prior,,,2026-03-19 18:00:00+00:00,2026-03-19 18:00:00+00:00,1,1,1,0,2026-03-20 20:00:00+08:00,2026-03-20 20:00:00+08:00,,1500.0,REJECTED,local_hour_count_1
data/interim/notebook02_sources/hourly_forecasts/01_19a_hko_ecmwf_single_run_hourly_forecasts.csv,source_target_date_decision_rule_issue_time,2026-03-21,6h_prior,,,2026-03-19 18:00:00+00:00,2026-03-19 18:00:00+00:00,1,1,1,0,2026-03-21 14:00:00+08:00,2026-03-21 14:00:00+08:00,,1500.0,REJECTED,local_hour_count_1
data/interim/notebook02_sources/hourly_forecasts/01_19a_hko_ecmwf_single_run_hourly_forecasts.csv,source_target_date_decision_rule_issue_time,2026-03-21,12h_prior,,,2026-03-19 18:00:00+00:00,2026-03-19 18:00:00+00:00,1,1,1,0,2026-03-21 20:00:00+08:00,2026-03-21 20:00:00+08:00,,1500.0,REJECTED,local_hour_count_1
data/interim/notebook02_sources/hourly_forecasts/01_19a_hko_ecmwf_single_run_hourly_forecasts.csv,source_target_date_decision_rule_issue_time,2026-03-22,6h_prior,,,2026-03-19 18:00:00+00:00,2026-03-19 18:00:00+00:00,1,1,1,0,2026-03-22 14:00:00+08:00,2026-03-22 14:00:00+08:00,,1500.0,REJECTED,local_hour_count_1
data/interim/notebook02_sources/hourly_forecasts/01_19a_hko_ecmwf_single_run_hourly_forecasts.csv,source_target_date_decision_rule_issue_time,2026-03-22,12h_prior,,,2026-03-19 18:00:00+00:00,2026-03-19 18:00:00+00:00,1,1,1,0,2026-03-22 20:00:00+08:00,2026-03-22 20:00:00+08:00,,1500.0,REJECTED,local_hour_count_1
data/interim/notebook02_sources/hourly_forecasts/01_19a_hko_ecmwf_single_run_hourly_forecasts.csv,source_target_date_decision_rule_issue_time,2026-03-23,6h_prior,,,2026-03-19 18:00:00+00:00,2026-03-19 18:00:00+00:00,1,1,1,0,2026-03-23 14:00:00+08:00,2026-03-23 14:00:00+08:00,,1500.0,REJECTED,local_hour_count_1
data/interim/notebook02_sources/hourly_forecasts/01_19a_hko_ecmwf_single_run_hourly_forecasts.csv,source_target_date_decision_rule_issue_time,2026-03-23,12h_prior,,,2026-03-19 18:00:00+00:00,2026-03-19 18:00:00+00:00,1,1,1,0,2026-03-23 20:00:00+08:00,2026-03-23 20:00:00+08:00,,1500.0,REJECTED,local_hour_count_1
data/interim/notebook02_sources/hourly_forecasts/01_19a_hko_ecmwf_single_run_hourly_forecasts.csv,source_target_date_decision_rule_issue_time,2026-03-24,6h_prior,,,2026-03-19 18:00:00+00:00,2026-03-19 18:00:00+00:00,1,1,1,0,2026-03-24 14:00:00+08:00,2026-03-24 14:00:00+08:00,,1500.0,REJECTED,local_hour_count_1
data/interim/notebook02_sources/hourly_forecasts/01_19a_hko_ecmwf_single_run_hourly_forecasts.csv,source_target_date_decision_rule_issue_time,2026-03-24,12h_prior,,,2026-03-19 18:00:00+00:00,2026-03-19 18:00:00+00:00,1,1,1,0,2026-03-24 20:00:00+08:00,2026-03-24 20:00:00+08:00,,1500.0,REJECTED,local_hour_count_1
data/interim/notebook02_sources/hourly_forecasts/01_19a_hko_ecmwf_single_run_hourly_forecasts.csv,source_target_date_decision_rule_issue_time,2026-03-25,6h_prior,,,2026-03-19 18:00:00+00:00,2026-03-19 18:00:00+00:00,1,1,1,0,2026-03-25 14:00:00+08:00,2026-03-25 14:00:00+08:00,,1500.0,REJECTED,local_hour_count_1
data/interim/notebook02_sources/hourly_forecasts/01_19a_hko_ecmwf_single_run_hourly_forecasts.csv,source_target_date_decision_rule_issue_time,2026-03-25,12h_prior,,,2026-03-19 18:00:00+00:00,2026-03-19 18:00:00+00:00,1,1,1,0,2026-03-25 20:00:00+08:00,2026-03-25 20:00:00+08:00,,1500.0,REJECTED,local_hour_count_1
data/interim/notebook02_sources/hourly_forecasts/01_19a_hko_ecmwf_single_run_hourly_forecasts.csv,source_target_date_decision_rule_issue_time,2026-03-21,6h_prior,,,2026-03-20 18:00:00+00:00,2026-03-20 18:00:00+00:00,1,1,1,0,2026-03-21 14:00:00+08:00,2026-03-21 14:00:00+08:00,,1500.0,REJECTED,local_hour_count_1
data/interim/notebook02_sources/hourly_forecasts/01_19a_hko_ecmwf_single_run_hourly_forecasts.csv,source_target_date_decision_rule_issue_time,2026-03-21,12h_prior,,,2026-03-20 18:00:00+00:00,2026-03-20 18:00:00+00:00,1,1,1,0,2026-03-21 20:00:00+08:00,2026-03-21 20:00:00+08:00,,1500.0,REJECTED,local_hour_count_1
data/interim/notebook02_sources/hourly_forecasts/01_19a_hko_ecmwf_single_run_hourly_forecasts.csv,source_target_date_decision_rule_issue_time,2026-03-22,6h_prior,,,2026-03-20 18:00:00+00:00,2026-03-20 18:00:00+00:00,1,1,1,0,2026-03-22 14:00:00+08:00,2026-03-22 14:00:00+08:00,,1500.0,REJECTED,local_hour_count_1
data/interim/notebook02_sources/hourly_forecasts/01_19a_hko_ecmwf_single_run_hourly_forecasts.csv,source_target_date_decision_rule_issue_time,2026-03-22,12h_prior,,,2026-03-20 18:00:00+00:00,2026-03-20 18:00:00+00:00,1,1,1,0,2026-03-22 20:00:00+08:00,2026-03-22 20:00:00+08:00,,1500.0,REJECTED,local_hour_count_1
data/interim/notebook02_sources/hourly_forecasts/01_19a_hko_ecmwf_single_run_hourly_forecasts.csv,source_target_date_decision_rule_issue_time,2026-03-23,6h_prior,,,2026-03-20 18:00:00+00:00,2026-03-20 18:00:00+00:00,1,1,1,0,2026-03-23 14:00:00+08:00,2026-03-23 14:00:00+08:00,,1500.0,REJECTED,local_hour_count_1
data/interim/notebook02_sources/hourly_forecasts/01_19a_hko_ecmwf_single_run_hourly_forecasts.csv,source_target_date_decision_rule_issue_time,2026-03-23,12h_prior,,,2026-03-20 18:00:00+00:00,2026-03-20 18:00:00+00:00,1,1,1,0,2026-03-23 20:00:00+08:00,2026-03-23 20:00:00+08:00,,1500.0,REJECTED,local_hour_count_1
data/interim/notebook02_sources/hourly_forecasts/01_19a_hko_ecmwf_single_run_hourly_forecasts.csv,source_target_date_decision_rule_issue_time,2026-03-24,6h_prior,,,2026-03-20 18:00:00+00:00,2026-03-20 18:00:00+00:00,1,1,1,0,2026-03-24 14:00:00+08:00,2026-03-24 14:00:00+08:00,,1500.0,REJECTED,local_hour_count_1
data/interim/notebook02_sources/hourly_forecasts/01_19a_hko_ecmwf_single_run_hourly_forecasts.csv,source_target_date_decision_rule_issue_time,2026-03-24,12h_prior,,,2026-03-20 18:00:00+00:00,2026-03-20 18:00:00+00:00,1,1,1,0,2026-03-24 20:00:00+08:00,2026-03-24 20:00:00+08:00,,1500.0,REJECTED,local_hour_count_1
data/interim/notebook02_sources/hourly_forecasts/01_19a_hko_ecmwf_single_run_hourly_forecasts.csv,source_target_date_decision_rule_issue_time,2026-03-25,6h_prior,,,2026-03-20 18:00:00+00:00,2026-03-20 18:00:00+00:00,1,1,1,0,2026-03-25 14:00:00+08:00,2026-03-25 14:00:00+08:00,,1500.0,REJECTED,local_hour_count_1
data/interim/notebook02_sources/hourly_forecasts/01_19a_hko_ecmwf_single_run_hourly_forecasts.csv,source_target_date_decision_rule_issue_time,2026-03-25,12h_prior,,,2026-03-20 18:00:00+00:00,2026-03-20 18:00:00+00:00,1,1,1,0,2026-03-25 20:00:00+08:00,2026-03-25 20:00:00+08:00,,1500.0,REJECTED,local_hour_count_1
data/interim/notebook02_sources/hourly_forecasts/01_19a_hko_ecmwf_single_run_hourly_forecasts.csv,source_target_date_decision_rule_issue_time,2026-03-26,6h_prior,,,2026-03-20 18:00:00+00:00,2026-03-20 18:00:00+00:00,1,1,1,0,2026-03-26 14:00:00+08:00,2026-03-26 14:00:00+08:00,,1500.0,REJECTED,local_hour_count_1
data/interim/notebook02_sources/hourly_forecasts/01_19a_hko_ecmwf_single_run_hourly_forecasts.csv,source_target_date_decision_rule_issue_time,2026-03-26,12h_prior,,,2026-03-20 18:00:00+00:00,2026-03-20 18:00:00+00:00,1,1,1,0,2026-03-26 20:00:00+08:00,2026-03-26 20:00:00+08:00,,1500.0,REJECTED,local_hour_count_1
data/interim/notebook02_sources/hourly_forecasts/01_19a_hko_ecmwf_single_run_hourly_forecasts.csv,source_target_date_decision_rule_issue_time,2026-03-22,6h_prior,,,2026-03-21 06:00:00+00:00,2026-03-21 06:00:00+00:00,1,1,1,0,2026-03-22 14:00:00+08:00,2026-03-22 14:00:00+08:00,,1500.0,REJECTED,local_hour_count_1
data/interim/notebook02_sources/hourly_forecasts/01_19a_hko_ecmwf_single_run_hourly_forecasts.csv,source_target_date_decision_rule_issue_time,2026-03-22,12h_prior,,,2026-03-21 06:00:00+00:00,2026-03-21 06:00:00+00:00,1,1,1,0,2026-03-22 20:00:00+08:00,2026-03-22 20:00:00+08:00,,1500.0,REJECTED,local_hour_count_1
data/interim/notebook02_sources/hourly_forecasts/01_19a_hko_ecmwf_single_run_hourly_forecasts.csv,source_target_date_decision_rule_issue_time,2026-03-23,6h_prior,,,2026-03-21 06:00:00+00:00,2026-03-21 06:00:00+00:00,1,1,1,0,2026-03-23 14:00:00+08:00,2026-03-23 14:00:00+08:00,,1500.0,REJECTED,local_hour_count_1
data/interim/notebook02_sources/hourly_forecasts/01_19a_hko_ecmwf_single_run_hourly_forecasts.csv,source_target_date_decision_rule_issue_time,2026-03-23,12h_prior,,,2026-03-21 06:00:00+00:00,2026-03-21 06:00:00+00:00,1,1,1,0,2026-03-23 20:00:00+08:00,2026-03-23 20:00:00+08:00,,1500.0,REJECTED,local_hour_count_1
data/interim/notebook02_sources/hourly_forecasts/01_19a_hko_ecmwf_single_run_hourly_forecasts.csv,source_target_date_decision_rule_issue_time,2026-03-24,6h_prior,,,2026-03-21 06:00:00+00:00,2026-03-21 06:00:00+00:00,1,1,1,0,2026-03-24 14:00:00+08:00,2026-03-24 14:00:00+08:00,,1500.0,REJECTED,local_hour_count_1
data/interim/notebook02_sources/hourly_forecasts/01_19a_hko_ecmwf_single_run_hourly_forecasts.csv,source_target_date_decision_rule_issue_time,2026-03-24,12h_prior,,,2026-03-21 06:00:00+00:00,2026-03-21 06:00:00+00:00,1,1,1,0,2026-03-24 20:00:00+08:00,2026-03-24 20:00:00+08:00,,1500.0,REJECTED,local_hour_count_1
data/interim/notebook02_sources/hourly_forecasts/01_19a_hko_ecmwf_single_run_hourly_forecasts.csv,source_target_date_decision_rule_issue_time,2026-03-25,6h_prior,,,2026-03-21 06:00:00+00:00,2026-03-21 06:00:00+00:00,1,1,1,0,2026-03-25 14:00:00+08:00,2026-03-25 14:00:00+08:00,,1500.0,REJECTED,local_hour_count_1
data/interim/notebook02_sources/hourly_forecasts/01_19a_hko_ecmwf_single_run_hourly_forecasts.csv,source_target_date_decision_rule_issue_time,2026-03-25,12h_prior,,,2026-03-21 06:00:00+00:00,2026-03-21 06:00:00+00:00,1,1,1,0,2026-03-25 20:00:00+08:00,2026-03-25 20:00:00+08:00,,1500.0,REJECTED,local_hour_count_1
data/interim/notebook02_sources/hourly_forecasts/01_19a_hko_ecmwf_single_run_hourly_forecasts.csv,source_target_date_decision_rule_issue_time,2026-03-26,6h_prior,,,2026-03-21 06:00:00+00:00,2026-03-21 06:00:00+00:00,1,1,1,0,2026-03-26 14:00:00+08:00,2026-03-26 14:00:00+08:00,,1500.0,REJECTED,local_hour_count_1
data/interim/notebook02_sources/hourly_forecasts/01_19a_hko_ecmwf_single_run_hourly_forecasts.csv,source_target_date_decision_rule_issue_time,2026-03-26,12h_prior,,,2026-03-21 06:00:00+00:00,2026-03-21 06:00:00+00:00,1,1,1,0,2026-03-26 20:00:00+08:00,2026-03-26 20:00:00+08:00,,1500.0,REJECTED,local_hour_count_1
data/interim/notebook02_sources/hourly_forecasts/01_19a_hko_ecmwf_single_run_hourly_forecasts.csv,source_target_date_decision_rule_issue_time,2026-03-27,6h_prior,,,2026-03-21 06:00:00+00:00,2026-03-21 06:00:00+00:00,1,1,1,0,2026-03-27 14:00:00+08:00,2026-03-27 14:00:00+08:00,,1500.0,REJECTED,local_hour_count_1
data/interim/notebook02_sources/hourly_forecasts/01_19a_hko_ecmwf_single_run_hourly_forecasts.csv,source_target_date_decision_rule_issue_time,2026-03-27,12h_prior,,,2026-03-21 06:00:00+00:00,2026-03-21 06:00:00+00:00,1,1,1,0,2026-03-27 20:00:00+08:00,2026-03-27 20:00:00+08:00,,1500.0,REJECTED,local_hour_count_1
data/interim/notebook02_sources/hourly_forecasts/01_19a_hko_ecmwf_single_run_hourly_forecasts.csv,source_target_date_decision_rule_issue_time,2026-03-22,6h_prior,,,2026-03-21 18:00:00+00:00,2026-03-21 18:00:00+00:00,1,1,1,0,2026-03-22 14:00:00+08:00,2026-03-22 14:00:00+08:00,,1500.0,REJECTED,local_hour_count_1
data/interim/notebook02_sources/hourly_forecasts/01_19a_hko_ecmwf_single_run_hourly_forecasts.csv,source_target_date_decision_rule_issue_time,2026-03-22,12h_prior,,,2026-03-21 18:00:00+00:00,2026-03-21 18:00:00+00:00,1,1,1,0,2026-03-22 20:00:00+08:00,2026-03-22 20:00:00+08:00,,1500.0,REJECTED,local_hour_count_1
data/interim/notebook02_sources/hourly_forecasts/01_19a_hko_ecmwf_single_run_hourly_forecasts.csv,source_target_date_decision_rule_issue_time,2026-03-23,6h_prior,,,2026-03-21 18:00:00+00:00,2026-03-21 18:00:00+00:00,1,1,1,0,2026-03-23 14:00:00+08:00,2026-03-23 14:00:00+08:00,,1500.0,REJECTED,local_hour_count_1
data/interim/notebook02_sources/hourly_forecasts/01_19a_hko_ecmwf_single_run_hourly_forecasts.csv,source_target_date_decision_rule_issue_time,2026-03-23,12h_prior,,,2026-03-21 18:00:00+00:00,2026-03-21 18:00:00+00:00,1,1,1,0,2026-03-23 20:00:00+08:00,2026-03-23 20:00:00+08:00,,1500.0,REJECTED,local_hour_count_1
data/interim/notebook02_sources/hourly_forecasts/01_19a_hko_ecmwf_single_run_hourly_forecasts.csv,source_target_date_decision_rule_issue_time,2026-03-24,6h_prior,,,2026-03-21 18:00:00+00:00,2026-03-21 18:00:00+00:00,1,1,1,0,2026-03-24 14:00:00+08:00,2026-03-24 14:00:00+08:00,,1500.0,REJECTED,local_hour_count_1
data/interim/notebook02_sources/hourly_forecasts/01_19a_hko_ecmwf_single_run_hourly_forecasts.csv,source_target_date_decision_rule_issue_time,2026-03-24,12h_prior,,,2026-03-21 18:00:00+00:00,2026-03-21 18:00:00+00:00,1,1,1,0,2026-03-24 20:00:00+08:00,2026-03-24 20:00:00+08:00,,1500.0,REJECTED,local_hour_count_1
data/interim/notebook02_sources/hourly_forecasts/01_19a_hko_ecmwf_single_run_hourly_forecasts.csv,source_target_date_decision_rule_issue_time,2026-03-25,6h_prior,,,2026-03-21 18:00:00+00:00,2026-03-21 18:00:00+00:00,1,1,1,0,2026-03-25 14:00:00+08:00,2026-03-25 14:00:00+08:00,,1500.0,REJECTED,local_hour_count_1
data/interim/notebook02_sources/hourly_forecasts/01_19a_hko_ecmwf_single_run_hourly_forecasts.csv,source_target_date_decision_rule_issue_time,2026-03-25,12h_prior,,,2026-03-21 18:00:00+00:00,2026-03-21 18:00:00+00:00,1,1,1,0,2026-03-25 20:00:00+08:00,2026-03-25 20:00:00+08:00,,1500.0,REJECTED,local_hour_count_1
data/interim/notebook02_sources/hourly_forecasts/01_19a_hko_ecmwf_single_run_hourly_forecasts.csv,source_target_date_decision_rule_issue_time,2026-03-26,6h_prior,,,2026-03-21 18:00:00+00:00,2026-03-21 18:00:00+00:00,1,1,1,0,2026-03-26 14:00:00+08:00,2026-03-26 14:00:00+08:00,,1500.0,REJECTED,local_hour_count_1
data/interim/notebook02_sources/hourly_forecasts/01_19a_hko_ecmwf_single_run_hourly_forecasts.csv,source_target_date_decision_rule_issue_time,2026-03-26,12h_prior,,,2026-03-21 18:00:00+00:00,2026-03-21 18:00:00+00:00,1,1,1,0,2026-03-26 20:00:00+08:00,2026-03-26 20:00:00+08:00,,1500.0,REJECTED,local_hour_count_1
data/interim/notebook02_sources/hourly_forecasts/01_19a_hko_ecmwf_single_run_hourly_forecasts.csv,source_target_date_decision_rule_issue_time,2026-03-27,6h_prior,,,2026-03-21 18:00:00+00:00,2026-03-21 18:00:00+00:00,1,1,1,0,2026-03-27 14:00:00+08:00,2026-03-27 14:00:00+08:00,,1500.0,REJECTED,local_hour_count_1
data/interim/notebook02_sources/hourly_forecasts/01_19a_hko_ecmwf_single_run_hourly_forecasts.csv,source_target_date_decision_rule_issue_time,2026-03-27,12h_prior,,,2026-03-21 18:00:00+00:00,2026-03-21 18:00:00+00:00,1,1,1,0,2026-03-27 20:00:00+08:00,2026-03-27 20:00:00+08:00,,1500.0,REJECTED,local_hour_count_1
data/interim/notebook02_sources/hourly_forecasts/01_19a_hko_ecmwf_single_run_hourly_forecasts.csv,source_target_date_decision_rule_issue_time,2026-03-23,6h_prior,,,2026-03-22 06:00:00+00:00,2026-03-22 06:00:00+00:00,1,1,1,0,2026-03-23 14:00:00+08:00,2026-03-23 14:00:00+08:00,,1500.0,REJECTED,local_hour_count_1
data/interim/notebook02_sources/hourly_forecasts/01_19a_hko_ecmwf_single_run_hourly_forecasts.csv,source_target_date_decision_rule_issue_time,2026-03-23,12h_prior,,,2026-03-22 06:00:00+00:00,2026-03-22 06:00:00+00:00,1,1,1,0,2026-03-23 20:00:00+08:00,2026-03-23 20:00:00+08:00,,1500.0,REJECTED,local_hour_count_1
data/interim/notebook02_sources/hourly_forecasts/01_19a_hko_ecmwf_single_run_hourly_forecasts.csv,source_target_date_decision_rule_issue_time,2026-03-24,6h_prior,,,2026-03-22 06:00:00+00:00,2026-03-22 06:00:00+00:00,1,1,1,0,2026-03-24 14:00:00+08:00,2026-03-24 14:00:00+08:00,,1500.0,REJECTED,local_hour_count_1
data/interim/notebook02_sources/hourly_forecasts/01_19a_hko_ecmwf_single_run_hourly_forecasts.csv,source_target_date_decision_rule_issue_time,2026-03-24,12h_prior,,,2026-03-22 06:00:00+00:00,2026-03-22 06:00:00+00:00,1,1,1,0,2026-03-24 20:00:00+08:00,2026-03-24 20:00:00+08:00,,1500.0,REJECTED,local_hour_count_1
data/interim/notebook02_sources/hourly_forecasts/01_19a_hko_ecmwf_single_run_hourly_forecasts.csv,source_target_date_decision_rule_issue_time,2026-03-25,6h_prior,,,2026-03-22 06:00:00+00:00,2026-03-22 06:00:00+00:00,1,1,1,0,2026-03-25 14:00:00+08:00,2026-03-25 14:00:00+08:00,,1500.0,REJECTED,local_hour_count_1
data/interim/notebook02_sources/hourly_forecasts/01_19a_hko_ecmwf_single_run_hourly_forecasts.csv,source_target_date_decision_rule_issue_time,2026-03-25,12h_prior,,,2026-03-22 06:00:00+00:00,2026-03-22 06:00:00+00:00,1,1,1,0,2026-03-25 20:00:00+08:00,2026-03-25 20:00:00+08:00,,1500.0,REJECTED,local_hour_count_1
data/interim/notebook02_sources/hourly_forecasts/01_19a_hko_ecmwf_single_run_hourly_forecasts.csv,source_target_date_decision_rule_issue_time,2026-03-26,6h_prior,,,2026-03-22 06:00:00+00:00,2026-03-22 06:00:00+00:00,1,1,1,0,2026-03-26 14:00:00+08:00,2026-03-26 14:00:00+08:00,,1500.0,REJECTED,local_hour_count_1
data/interim/notebook02_sources/hourly_forecasts/01_19a_hko_ecmwf_single_run_hourly_forecasts.csv,source_target_date_decision_rule_issue_time,2026-03-26,12h_prior,,,2026-03-22 06:00:00+00:00,2026-03-22 06:00:00+00:00,1,1,1,0,2026-03-26 20:00:00+08:00,2026-03-26 20:00:00+08:00,,1500.0,REJECTED,local_hour_count_1
data/interim/notebook02_sources/hourly_forecasts/01_19a_hko_ecmwf_single_run_hourly_forecasts.csv,source_target_date_decision_rule_issue_time,2026-03-27,6h_prior,,,2026-03-22 06:00:00+00:00,2026-03-22 06:00:00+00:00,1,1,1,0,2026-03-27 14:00:00+08:00,2026-03-27 14:00:00+08:00,,1500.0,REJECTED,local_hour_count_1
data/interim/notebook02_sources/hourly_forecasts/01_19a_hko_ecmwf_single_run_hourly_forecasts.csv,source_target_date_decision_rule_issue_time,2026-03-27,12h_prior,,,2026-03-22 06:00:00+00:00,2026-03-22 06:00:00+00:00,1,1,1,0,2026-03-27 20:00:00+08:00,2026-03-27 20:00:00+08:00,,1500.0,REJECTED,local_hour_count_1
data/interim/notebook02_sources/hourly_forecasts/01_19a_hko_ecmwf_single_run_hourly_forecasts.csv,source_target_date_decision_rule_issue_time,2026-03-28,6h_prior,,,2026-03-22 06:00:00+00:00,2026-03-22 06:00:00+00:00,1,1,1,0,2026-03-28 14:00:00+08:00,2026-03-28 14:00:00+08:00,,1500.0,REJECTED,local_hour_count_1
data/interim/notebook02_sources/hourly_forecasts/01_19a_hko_ecmwf_single_run_hourly_forecasts.csv,source_target_date_decision_rule_issue_time,2026-03-28,12h_prior,,,2026-03-22 06:00:00+00:00,2026-03-22 06:00:00+00:00,1,1,1,0,2026-03-28 20:00:00+08:00,2026-03-28 20:00:00+08:00,,1500.0,REJECTED,local_hour_count_1
data/interim/notebook02_sources/hourly_forecasts/01_19a_hko_ecmwf_single_run_hourly_forecasts.csv,source_target_date_decision_rule_issue_time,2026-03-24,6h_prior,,,2026-03-23 06:00:00+00:00,2026-03-23 06:00:00+00:00,1,1,1,0,2026-03-24 14:00:00+08:00,2026-03-24 14:00:00+08:00,,1500.0,REJECTED,local_hour_count_1
data/interim/notebook02_sources/hourly_forecasts/01_19a_hko_ecmwf_single_run_hourly_forecasts.csv,source_target_date_decision_rule_issue_time,2026-03-24,12h_prior,,,2026-03-23 06:00:00+00:00,2026-03-23 06:00:00+00:00,1,1,1,0,2026-03-24 20:00:00+08:00,2026-03-24 20:00:00+08:00,,1500.0,REJECTED,local_hour_count_1
data/interim/notebook02_sources/hourly_forecasts/01_19a_hko_ecmwf_single_run_hourly_forecasts.csv,source_target_date_decision_rule_issue_time,2026-03-25,6h_prior,,,2026-03-23 06:00:00+00:00,2026-03-23 06:00:00+00:00,1,1,1,0,2026-03-25 14:00:00+08:00,2026-03-25 14:00:00+08:00,,1500.0,REJECTED,local_hour_count_1
data/interim/notebook02_sources/hourly_forecasts/01_19a_hko_ecmwf_single_run_hourly_forecasts.csv,source_target_date_decision_rule_issue_time,2026-03-25,12h_prior,,,2026-03-23 06:00:00+00:00,2026-03-23 06:00:00+00:00,1,1,1,0,2026-03-25 20:00:00+08:00,2026-03-25 20:00:00+08:00,,1500.0,REJECTED,local_hour_count_1
data/interim/notebook02_sources/hourly_forecasts/01_19a_hko_ecmwf_single_run_hourly_forecasts.csv,source_target_date_decision_rule_issue_time,2026-03-26,6h_prior,,,2026-03-23 06:00:00+00:00,2026-03-23 06:00:00+00:00,1,1,1,0,2026-03-26 14:00:00+08:00,2026-03-26 14:00:00+08:00,,1500.0,REJECTED,local_hour_count_1
data/interim/notebook02_sources/hourly_forecasts/01_19a_hko_ecmwf_single_run_hourly_forecasts.csv,source_target_date_decision_rule_issue_time,2026-03-26,12h_prior,,,2026-03-23 06:00:00+00:00,2026-03-23 06:00:00+00:00,1,1,1,0,2026-03-26 20:00:00+08:00,2026-03-26 20:00:00+08:00,,1500.0,REJECTED,local_hour_count_1
data/interim/notebook02_sources/hourly_forecasts/01_19a_hko_ecmwf_single_run_hourly_forecasts.csv,source_target_date_decision_rule_issue_time,2026-03-27,6h_prior,,,2026-03-23 06:00:00+00:00,2026-03-23 06:00:00+00:00,1,1,1,0,2026-03-27 14:00:00+08:00,2026-03-27 14:00:00+08:00,,1500.0,REJECTED,local_hour_count_1
data/interim/notebook02_sources/hourly_forecasts/01_19a_hko_ecmwf_single_run_hourly_forecasts.csv,source_target_date_decision_rule_issue_time,2026-03-27,12h_prior,,,2026-03-23 06:00:00+00:00,2026-03-23 06:00:00+00:00,1,1,1,0,2026-03-27 20:00:00+08:00,2026-03-27 20:00:00+08:00,,1500.0,REJECTED,local_hour_count_1
data/interim/notebook02_sources/hourly_forecasts/01_19a_hko_ecmwf_single_run_hourly_forecasts.csv,source_target_date_decision_rule_issue_time,2026-03-28,6h_prior,,,2026-03-23 06:00:00+00:00,2026-03-23 06:00:00+00:00,1,1,1,0,2026-03-28 14:00:00+08:00,2026-03-28 14:00:00+08:00,,1500.0,REJECTED,local_hour_count_1
data/interim/notebook02_sources/hourly_forecasts/01_19a_hko_ecmwf_single_run_hourly_forecasts.csv,source_target_date_decision_rule_issue_time,2026-03-28,12h_prior,,,2026-03-23 06:00:00+00:00,2026-03-23 06:00:00+00:00,1,1,1,0,2026-03-28 20:00:00+08:00,2026-03-28 20:00:00+08:00,,1500.0,REJECTED,local_hour_count_1
data/interim/notebook02_sources/hourly_forecasts/01_19a_hko_ecmwf_single_run_hourly_forecasts.csv,source_target_date_decision_rule_issue_time,2026-03-29,6h_prior,,,2026-03-23 06:00:00+00:00,2026-03-23 06:00:00+00:00,1,1,1,0,2026-03-29 14:00:00+08:00,2026-03-29 14:00:00+08:00,,1500.0,REJECTED,local_hour_count_1
data/interim/notebook02_sources/hourly_forecasts/01_19a_hko_ecmwf_single_run_hourly_forecasts.csv,source_target_date_decision_rule_issue_time,2026-03-29,12h_prior,,,2026-03-23 06:00:00+00:00,2026-03-23 06:00:00+00:00,1,1,1,0,2026-03-29 20:00:00+08:00,2026-03-29 20:00:00+08:00,,1500.0,REJECTED,local_hour_count_1
data/interim/notebook02_sources/hourly_forecasts/01_19a_hko_ecmwf_single_run_hourly_forecasts.csv,source_target_date_decision_rule_issue_time,2026-03-26,6h_prior,,,2026-03-25 06:00:00+00:00,2026-03-25 06:00:00+00:00,1,1,1,0,2026-03-26 14:00:00+08:00,2026-03-26 14:00:00+08:00,,1500.0,REJECTED,local_hour_count_1
data/interim/notebook02_sources/hourly_forecasts/01_19a_hko_ecmwf_single_run_hourly_forecasts.csv,source_target_date_decision_rule_issue_time,2026-03-26,12h_prior,,,2026-03-25 06:00:00+00:00,2026-03-25 06:00:00+00:00,1,1,1,0,2026-03-26 20:00:00+08:00,2026-03-26 20:00:00+08:00,,1500.0,REJECTED,local_hour_count_1
data/interim/notebook02_sources/hourly_forecasts/01_19a_hko_ecmwf_single_run_hourly_forecasts.csv,source_target_date_decision_rule_issue_time,2026-03-27,6h_prior,,,2026-03-25 06:00:00+00:00,2026-03-25 06:00:00+00:00,1,1,1,0,2026-03-27 14:00:00+08:00,2026-03-27 14:00:00+08:00,,1500.0,REJECTED,local_hour_count_1
data/interim/notebook02_sources/hourly_forecasts/01_19a_hko_ecmwf_single_run_hourly_forecasts.csv,source_target_date_decision_rule_issue_time,2026-03-27,12h_prior,,,2026-03-25 06:00:00+00:00,2026-03-25 06:00:00+00:00,1,1,1,0,2026-03-27 20:00:00+08:00,2026-03-27 20:00:00+08:00,,1500.0,REJECTED,local_hour_count_1
data/interim/notebook02_sources/hourly_forecasts/01_19a_hko_ecmwf_single_run_hourly_forecasts.csv,source_target_date_decision_rule_issue_time,2026-03-28,6h_prior,,,2026-03-25 06:00:00+00:00,2026-03-25 06:00:00+00:00,1,1,1,0,2026-03-28 14:00:00+08:00,2026-03-28 14:00:00+08:00,,1500.0,REJECTED,local_hour_count_1
data/interim/notebook02_sources/hourly_forecasts/01_19a_hko_ecmwf_single_run_hourly_forecasts.csv,source_target_date_decision_rule_issue_time,2026-03-28,12h_prior,,,2026-03-25 06:00:00+00:00,2026-03-25 06:00:00+00:00,1,1,1,0,2026-03-28 20:00:00+08:00,2026-03-28 20:00:00+08:00,,1500.0,REJECTED,local_hour_count_1
data/interim/notebook02_sources/hourly_forecasts/01_19a_hko_ecmwf_single_run_hourly_forecasts.csv,source_target_date_decision_rule_issue_time,2026-03-29,6h_prior,,,2026-03-25 06:00:00+00:00,2026-03-25 06:00:00+00:00,1,1,1,0,2026-03-29 14:00:00+08:00,2026-03-29 14:00:00+08:00,,1500.0,REJECTED,local_hour_count_1
data/interim/notebook02_sources/hourly_forecasts/01_19a_hko_ecmwf_single_run_hourly_forecasts.csv,source_target_date_decision_rule_issue_time,2026-03-29,12h_prior,,,2026-03-25 06:00:00+00:00,2026-03-25 06:00:00+00:00,1,1,1,0,2026-03-29 20:00:00+08:00,2026-03-29 20:00:00+08:00,,1500.0,REJECTED,local_hour_count_1
data/interim/notebook02_sources/hourly_forecasts/01_19a_hko_ecmwf_single_run_hourly_forecasts.csv,source_target_date_decision_rule_issue_time,2026-03-30,6h_prior,,,2026-03-25 06:00:00+00:00,2026-03-25 06:00:00+00:00,1,1,1,0,2026-03-30 14:00:00+08:00,2026-03-30 14:00:00+08:00,,1500.0,REJECTED,local_hour_count_1
data/interim/notebook02_sources/hourly_forecasts/01_19a_hko_ecmwf_single_run_hourly_forecasts.csv,source_target_date_decision_rule_issue_time,2026-03-30,12h_prior,,,2026-03-25 06:00:00+00:00,2026-03-25 06:00:00+00:00,1,1,1,0,2026-03-30 20:00:00+08:00,2026-03-30 20:00:00+08:00,,1500.0,REJECTED,local_hour_count_1
data/interim/notebook02_sources/hourly_forecasts/01_19a_hko_ecmwf_single_run_hourly_forecasts.csv,source_target_date_decision_rule_issue_time,2026-03-31,6h_prior,,,2026-03-25 06:00:00+00:00,2026-03-25 06:00:00+00:00,1,1,1,0,2026-03-31 14:00:00+08:00,2026-03-31 14:00:00+08:00,,1500.0,REJECTED,local_hour_count_1
data/interim/notebook02_sources/hourly_forecasts/01_19a_hko_ecmwf_single_run_hourly_forecasts.csv,source_target_date_decision_rule_issue_time,2026-03-31,12h_prior,,,2026-03-25 06:00:00+00:00,2026-03-25 06:00:00+00:00,1,1,1,0,2026-03-31 20:00:00+08:00,2026-03-31 20:00:00+08:00,,1500.0,REJECTED,local_hour_count_1
data/interim/notebook02_sources/hourly_forecasts/01_19a_hko_ecmwf_single_run_hourly_forecasts.csv,source_target_date_decision_rule_issue_time,2026-03-27,6h_prior,,,2026-03-26 06:00:00+00:00,2026-03-26 06:00:00+00:00,1,1,1,0,2026-03-27 14:00:00+08:00,2026-03-27 14:00:00+08:00,,1500.0,REJECTED,local_hour_count_1
data/interim/notebook02_sources/hourly_forecasts/01_19a_hko_ecmwf_single_run_hourly_forecasts.csv,source_target_date_decision_rule_issue_time,2026-03-27,12h_prior,,,2026-03-26 06:00:00+00:00,2026-03-26 06:00:00+00:00,1,1,1,0,2026-03-27 20:00:00+08:00,2026-03-27 20:00:00+08:00,,1500.0,REJECTED,local_hour_count_1
data/interim/notebook02_sources/hourly_forecasts/01_19a_hko_ecmwf_single_run_hourly_forecasts.csv,source_target_date_decision_rule_issue_time,2026-03-28,6h_prior,,,2026-03-26 06:00:00+00:00,2026-03-26 06:00:00+00:00,1,1,1,0,2026-03-28 14:00:00+08:00,2026-03-28 14:00:00+08:00,,1500.0,REJECTED,local_hour_count_1
data/interim/notebook02_sources/hourly_forecasts/01_19a_hko_ecmwf_single_run_hourly_forecasts.csv,source_target_date_decision_rule_issue_time,2026-03-28,12h_prior,,,2026-03-26 06:00:00+00:00,2026-03-26 06:00:00+00:00,1,1,1,0,2026-03-28 20:00:00+08:00,2026-03-28 20:00:00+08:00,,1500.0,REJECTED,local_hour_count_1
data/interim/notebook02_sources/hourly_forecasts/01_19a_hko_ecmwf_single_run_hourly_forecasts.csv,source_target_date_decision_rule_issue_time,2026-03-29,6h_prior,,,2026-03-26 06:00:00+00:00,2026-03-26 06:00:00+00:00,1,1,1,0,2026-03-29 14:00:00+08:00,2026-03-29 14:00:00+08:00,,1500.0,REJECTED,local_hour_count_1
data/interim/notebook02_sources/hourly_forecasts/01_19a_hko_ecmwf_single_run_hourly_forecasts.csv,source_target_date_decision_rule_issue_time,2026-03-29,12h_prior,,,2026-03-26 06:00:00+00:00,2026-03-26 06:00:00+00:00,1,1,1,0,2026-03-29 20:00:00+08:00,2026-03-29 20:00:00+08:00,,1500.0,REJECTED,local_hour_count_1
data/interim/notebook02_sources/hourly_forecasts/01_19a_hko_ecmwf_single_run_hourly_forecasts.csv,source_target_date_decision_rule_issue_time,2026-03-30,6h_prior,,,2026-03-26 06:00:00+00:00,2026-03-26 06:00:00+00:00,1,1,1,0,2026-03-30 14:00:00+08:00,2026-03-30 14:00:00+08:00,,1500.0,REJECTED,local_hour_count_1
data/interim/notebook02_sources/hourly_forecasts/01_19a_hko_ecmwf_single_run_hourly_forecasts.csv,source_target_date_decision_rule_issue_time,2026-03-30,12h_prior,,,2026-03-26 06:00:00+00:00,2026-03-26 06:00:00+00:00,1,1,1,0,2026-03-30 20:00:00+08:00,2026-03-30 20:00:00+08:00,,1500.0,REJECTED,local_hour_count_1
data/interim/notebook02_sources/hourly_forecasts/01_19a_hko_ecmwf_single_run_hourly_forecasts.csv,source_target_date_decision_rule_issue_time,2026-03-31,6h_prior,,,2026-03-26 06:00:00+00:00,2026-03-26 06:00:00+00:00,1,1,1,0,2026-03-31 14:00:00+08:00,2026-03-31 14:00:00+08:00,,1500.0,REJECTED,local_hour_count_1
data/interim/notebook02_sources/hourly_forecasts/01_19a_hko_ecmwf_single_run_hourly_forecasts.csv,source_target_date_decision_rule_issue_time,2026-03-31,12h_prior,,,2026-03-26 06:00:00+00:00,2026-03-26 06:00:00+00:00,1,1,1,0,2026-03-31 20:00:00+08:00,2026-03-31 20:00:00+08:00,,1500.0,REJECTED,local_hour_count_1
data/interim/notebook02_sources/hourly_forecasts/01_19a_hko_ecmwf_single_run_hourly_forecasts.csv,source_target_date_decision_rule_issue_time,2026-04-01,6h_prior,,,2026-03-26 06:00:00+00:00,2026-03-26 06:00:00+00:00,1,1,1,0,2026-04-01 14:00:00+08:00,2026-04-01 14:00:00+08:00,,1500.0,REJECTED,local_hour_count_1
data/interim/notebook02_sources/hourly_forecasts/01_19a_hko_ecmwf_single_run_hourly_forecasts.csv,source_target_date_decision_rule_issue_time,2026-04-01,12h_prior,,,2026-03-26 06:00:00+00:00,2026-03-26 06:00:00+00:00,1,1,1,0,2026-04-01 20:00:00+08:00,2026-04-01 20:00:00+08:00,,1500.0,REJECTED,local_hour_count_1
data/interim/notebook02_sources/hourly_forecasts/01_19a_hko_ecmwf_single_run_hourly_forecasts.csv,source_target_date_decision_rule_issue_time,2026-03-27,12h_prior,,,2026-03-27 00:00:00+00:00,2026-03-27 00:00:00+00:00,1,1,1,0,2026-03-27 20:00:00+08:00,2026-03-27 20:00:00+08:00,,1500.0,REJECTED,local_hour_count_1
data/interim/notebook02_sources/hourly_forecasts/01_19a_hko_ecmwf_single_run_hourly_forecasts.csv,source_target_date_decision_rule_issue_time,2026-03-28,6h_prior,,,2026-03-27 00:00:00+00:00,2026-03-27 00:00:00+00:00,1,1,1,0,2026-03-28 14:00:00+08:00,2026-03-28 14:00:00+08:00,,1500.0,REJECTED,local_hour_count_1
data/interim/notebook02_sources/hourly_forecasts/01_19a_hko_ecmwf_single_run_hourly_forecasts.csv,source_target_date_decision_rule_issue_time,2026-03-28,12h_prior,,,2026-03-27 00:00:00+00:00,2026-03-27 00:00:00+00:00,1,1,1,0,2026-03-28 20:00:00+08:00,2026-03-28 20:00:00+08:00,,1500.0,REJECTED,local_hour_count_1
data/interim/notebook02_sources/hourly_forecasts/01_19a_hko_ecmwf_single_run_hourly_forecasts.csv,source_target_date_decision_rule_issue_time,2026-03-29,6h_prior,,,2026-03-27 00:00:00+00:00,2026-03-27 00:00:00+00:00,1,1,1,0,2026-03-29 14:00:00+08:00,2026-03-29 14:00:00+08:00,,1500.0,REJECTED,local_hour_count_1
data/interim/notebook02_sources/hourly_forecasts/01_19a_hko_ecmwf_single_run_hourly_forecasts.csv,source_target_date_decision_rule_issue_time,2026-03-29,12h_prior,,,2026-03-27 00:00:00+00:00,2026-03-27 00:00:00+00:00,1,1,1,0,2026-03-29 20:00:00+08:00,2026-03-29 20:00:00+08:00,,1500.0,REJECTED,local_hour_count_1
data/interim/notebook02_sources/hourly_forecasts/01_19a_hko_ecmwf_single_run_hourly_forecasts.csv,source_target_date_decision_rule_issue_time,2026-03-30,6h_prior,,,2026-03-27 00:00:00+00:00,2026-03-27 00:00:00+00:00,1,1,1,0,2026-03-30 14:00:00+08:00,2026-03-30 14:00:00+08:00,,1500.0,REJECTED,local_hour_count_1
data/interim/notebook02_sources/hourly_forecasts/01_19a_hko_ecmwf_single_run_hourly_forecasts.csv,source_target_date_decision_rule_issue_time,2026-03-30,12h_prior,,,2026-03-27 00:00:00+00:00,2026-03-27 00:00:00+00:00,1,1,1,0,2026-03-30 20:00:00+08:00,2026-03-30 20:00:00+08:00,,1500.0,REJECTED,local_hour_count_1
data/interim/notebook02_sources/hourly_forecasts/01_19a_hko_ecmwf_single_run_hourly_forecasts.csv,source_target_date_decision_rule_issue_time,2026-03-31,6h_prior,,,2026-03-27 00:00:00+00:00,2026-03-27 00:00:00+00:00,1,1,1,0,2026-03-31 14:00:00+08:00,2026-03-31 14:00:00+08:00,,1500.0,REJECTED,local_hour_count_1
data/interim/notebook02_sources/hourly_forecasts/01_19a_hko_ecmwf_single_run_hourly_forecasts.csv,source_target_date_decision_rule_issue_time,2026-03-31,12h_prior,,,2026-03-27 00:00:00+00:00,2026-03-27 00:00:00+00:00,1,1,1,0,2026-03-31 20:00:00+08:00,2026-03-31 20:00:00+08:00,,1500.0,REJECTED,local_hour_count_1
data/interim/notebook02_sources/hourly_forecasts/01_19a_hko_ecmwf_single_run_hourly_forecasts.csv,source_target_date_decision_rule_issue_time,2026-04-01,6h_prior,,,2026-03-27 00:00:00+00:00,2026-03-27 00:00:00+00:00,1,1,1,0,2026-04-01 14:00:00+08:00,2026-04-01 14:00:00+08:00,,1500.0,REJECTED,local_hour_count_1
data/interim/notebook02_sources/hourly_forecasts/01_19a_hko_ecmwf_single_run_hourly_forecasts.csv,source_target_date_decision_rule_issue_time,2026-04-01,12h_prior,,,2026-03-27 00:00:00+00:00,2026-03-27 00:00:00+00:00,1,1,1,0,2026-04-01 20:00:00+08:00,2026-04-01 20:00:00+08:00,,1500.0,REJECTED,local_hour_count_1
data/interim/notebook02_sources/hourly_forecasts/01_19a_hko_ecmwf_single_run_hourly_forecasts.csv,source_target_date_decision_rule_issue_time,2026-04-02,6h_prior,,,2026-03-27 00:00:00+00:00,2026-03-27 00:00:00+00:00,1,1,1,0,2026-04-02 14:00:00+08:00,2026-04-02 14:00:00+08:00,,1500.0,REJECTED,local_hour_count_1
data/interim/notebook02_sources/hourly_forecasts/01_19a_hko_ecmwf_single_run_hourly_forecasts.csv,source_target_date_decision_rule_issue_time,2026-04-02,12h_prior,,,2026-03-27 00:00:00+00:00,2026-03-27 00:00:00+00:00,1,1,1,0,2026-04-02 20:00:00+08:00,2026-04-02 20:00:00+08:00,,1500.0,REJECTED,local_hour_count_1
data/interim/notebook02_sources/hourly_forecasts/01_19a_hko_ecmwf_single_run_hourly_forecasts.csv,source_target_date_decision_rule_issue_time,2026-04-03,6h_prior,,,2026-03-27 00:00:00+00:00,2026-03-27 00:00:00+00:00,1,1,1,0,2026-04-03 14:00:00+08:00,2026-04-03 14:00:00+08:00,,1500.0,REJECTED,local_hour_count_1
data/interim/notebook02_sources/hourly_forecasts/01_19a_hko_ecmwf_single_run_hourly_forecasts.csv,source_target_date_decision_rule_issue_time,2026-04-03,12h_prior,,,2026-03-27 00:00:00+00:00,2026-03-27 00:00:00+00:00,1,1,1,0,2026-04-03 20:00:00+08:00,2026-04-03 20:00:00+08:00,,1500.0,REJECTED,local_hour_count_1
data/interim/notebook02_sources/hourly_forecasts/01_19a_hko_ecmwf_single_run_hourly_forecasts.csv,source_target_date_decision_rule_issue_time,2026-04-04,6h_prior,,,2026-03-27 00:00:00+00:00,2026-03-27 00:00:00+00:00,1,1,1,0,2026-04-04 14:00:00+08:00,2026-04-04 14:00:00+08:00,,1500.0,REJECTED,local_hour_count_1
data/interim/notebook02_sources/hourly_forecasts/01_19a_hko_ecmwf_single_run_hourly_forecasts.csv,source_target_date_decision_rule_issue_time,2026-04-04,12h_prior,,,2026-03-27 00:00:00+00:00,2026-03-27 00:00:00+00:00,1,1,1,0,2026-04-04 20:00:00+08:00,2026-04-04 20:00:00+08:00,,1500.0,REJECTED,local_hour_count_1
data/interim/notebook02_sources/hourly_forecasts/01_19a_hko_ecmwf_single_run_hourly_forecasts.csv,source_target_date_decision_rule_issue_time,2026-04-05,6h_prior,,,2026-03-27 00:00:00+00:00,2026-03-27 00:00:00+00:00,1,1,1,0,2026-04-05 14:00:00+08:00,2026-04-05 14:00:00+08:00,,1500.0,REJECTED,local_hour_count_1
data/interim/notebook02_sources/hourly_forecasts/01_19a_hko_ecmwf_single_run_hourly_forecasts.csv,source_target_date_decision_rule_issue_time,2026-04-05,12h_prior,,,2026-03-27 00:00:00+00:00,2026-03-27 00:00:00+00:00,1,1,1,0,2026-04-05 20:00:00+08:00,2026-04-05 20:00:00+08:00,,1500.0,REJECTED,local_hour_count_1
data/interim/notebook02_sources/hourly_forecasts/01_19a_hko_ecmwf_single_run_hourly_forecasts.csv,source_target_date_decision_rule_issue_time,2026-04-06,6h_prior,,,2026-03-27 00:00:00+00:00,2026-03-27 00:00:00+00:00,1,1,1,0,2026-04-06 14:00:00+08:00,2026-04-06 14:00:00+08:00,,1500.0,REJECTED,local_hour_count_1
data/interim/notebook02_sources/hourly_forecasts/01_19a_hko_ecmwf_single_run_hourly_forecasts.csv,source_target_date_decision_rule_issue_time,2026-03-28,6h_prior,,,2026-03-27 06:00:00+00:00,2026-03-27 06:00:00+00:00,1,1,1,0,2026-03-28 14:00:00+08:00,2026-03-28 14:00:00+08:00,,1500.0,REJECTED,local_hour_count_1
data/interim/notebook02_sources/hourly_forecasts/01_19a_hko_ecmwf_single_run_hourly_forecasts.csv,source_target_date_decision_rule_issue_time,2026-03-28,12h_prior,,,2026-03-27 06:00:00+00:00,2026-03-27 06:00:00+00:00,1,1,1,0,2026-03-28 20:00:00+08:00,2026-03-28 20:00:00+08:00,,1500.0,REJECTED,local_hour_count_1
data/interim/notebook02_sources/hourly_forecasts/01_19a_hko_ecmwf_single_run_hourly_forecasts.csv,source_target_date_decision_rule_issue_time,2026-03-29,6h_prior,,,2026-03-27 06:00:00+00:00,2026-03-27 06:00:00+00:00,1,1,1,0,2026-03-29 14:00:00+08:00,2026-03-29 14:00:00+08:00,,1500.0,REJECTED,local_hour_count_1
data/interim/notebook02_sources/hourly_forecasts/01_19a_hko_ecmwf_single_run_hourly_forecasts.csv,source_target_date_decision_rule_issue_time,2026-03-29,12h_prior,,,2026-03-27 06:00:00+00:00,2026-03-27 06:00:00+00:00,1,1,1,0,2026-03-29 20:00:00+08:00,2026-03-29 20:00:00+08:00,,1500.0,REJECTED,local_hour_count_1
data/interim/notebook02_sources/hourly_forecasts/01_19a_hko_ecmwf_single_run_hourly_forecasts.csv,source_target_date_decision_rule_issue_time,2026-03-30,6h_prior,,,2026-03-27 06:00:00+00:00,2026-03-27 06:00:00+00:00,1,1,1,0,2026-03-30 14:00:00+08:00,2026-03-30 14:00:00+08:00,,1500.0,REJECTED,local_hour_count_1
data/interim/notebook02_sources/hourly_forecasts/01_19a_hko_ecmwf_single_run_hourly_forecasts.csv,source_target_date_decision_rule_issue_time,2026-03-30,12h_prior,,,2026-03-27 06:00:00+00:00,2026-03-27 06:00:00+00:00,1,1,1,0,2026-03-30 20:00:00+08:00,2026-03-30 20:00:00+08:00,,1500.0,REJECTED,local_hour_count_1
data/interim/notebook02_sources/hourly_forecasts/01_19a_hko_ecmwf_single_run_hourly_forecasts.csv,source_target_date_decision_rule_issue_time,2026-03-31,6h_prior,,,2026-03-27 06:00:00+00:00,2026-03-27 06:00:00+00:00,1,1,1,0,2026-03-31 14:00:00+08:00,2026-03-31 14:00:00+08:00,,1500.0,REJECTED,local_hour_count_1
data/interim/notebook02_sources/hourly_forecasts/01_19a_hko_ecmwf_single_run_hourly_forecasts.csv,source_target_date_decision_rule_issue_time,2026-03-31,12h_prior,,,2026-03-27 06:00:00+00:00,2026-03-27 06:00:00+00:00,1,1,1,0,2026-03-31 20:00:00+08:00,2026-03-31 20:00:00+08:00,,1500.0,REJECTED,local_hour_count_1
data/interim/notebook02_sources/hourly_forecasts/01_19a_hko_ecmwf_single_run_hourly_forecasts.csv,source_target_date_decision_rule_issue_time,2026-04-01,6h_prior,,,2026-03-27 06:00:00+00:00,2026-03-27 06:00:00+00:00,1,1,1,0,2026-04-01 14:00:00+08:00,2026-04-01 14:00:00+08:00,,1500.0,REJECTED,local_hour_count_1
data/interim/notebook02_sources/hourly_forecasts/01_19a_hko_ecmwf_single_run_hourly_forecasts.csv,source_target_date_decision_rule_issue_time,2026-04-01,12h_prior,,,2026-03-27 06:00:00+00:00,2026-03-27 06:00:00+00:00,1,1,1,0,2026-04-01 20:00:00+08:00,2026-04-01 20:00:00+08:00,,1500.0,REJECTED,local_hour_count_1
data/interim/notebook02_sources/hourly_forecasts/01_19a_hko_ecmwf_single_run_hourly_forecasts.csv,source_target_date_decision_rule_issue_time,2026-04-02,6h_prior,,,2026-03-27 06:00:00+00:00,2026-03-27 06:00:00+00:00,1,1,1,0,2026-04-02 14:00:00+08:00,2026-04-02 14:00:00+08:00,,1500.0,REJECTED,local_hour_count_1
data/interim/notebook02_sources/hourly_forecasts/01_19a_hko_ecmwf_single_run_hourly_forecasts.csv,source_target_date_decision_rule_issue_time,2026-04-02,12h_prior,,,2026-03-27 06:00:00+00:00,2026-03-27 06:00:00+00:00,1,1,1,0,2026-04-02 20:00:00+08:00,2026-04-02 20:00:00+08:00,,1500.0,REJECTED,local_hour_count_1
data/interim/notebook02_sources/hourly_forecasts/01_19a_hko_ecmwf_single_run_hourly_forecasts.csv,source_target_date_decision_rule_issue_time,2026-03-29,6h_prior,,,2026-03-28 06:00:00+00:00,2026-03-28 06:00:00+00:00,1,1,1,0,2026-03-29 14:00:00+08:00,2026-03-29 14:00:00+08:00,,1500.0,REJECTED,local_hour_count_1
data/interim/notebook02_sources/hourly_forecasts/01_19a_hko_ecmwf_single_run_hourly_forecasts.csv,source_target_date_decision_rule_issue_time,2026-03-29,12h_prior,,,2026-03-28 06:00:00+00:00,2026-03-28 06:00:00+00:00,1,1,1,0,2026-03-29 20:00:00+08:00,2026-03-29 20:00:00+08:00,,1500.0,REJECTED,local_hour_count_1
data/interim/notebook02_sources/hourly_forecasts/01_19a_hko_ecmwf_single_run_hourly_forecasts.csv,source_target_date_decision_rule_issue_time,2026-03-30,6h_prior,,,2026-03-28 06:00:00+00:00,2026-03-28 06:00:00+00:00,1,1,1,0,2026-03-30 14:00:00+08:00,2026-03-30 14:00:00+08:00,,1500.0,REJECTED,local_hour_count_1
data/interim/notebook02_sources/hourly_forecasts/01_19a_hko_ecmwf_single_run_hourly_forecasts.csv,source_target_date_decision_rule_issue_time,2026-03-30,12h_prior,,,2026-03-28 06:00:00+00:00,2026-03-28 06:00:00+00:00,1,1,1,0,2026-03-30 20:00:00+08:00,2026-03-30 20:00:00+08:00,,1500.0,REJECTED,local_hour_count_1
data/interim/notebook02_sources/hourly_forecasts/01_19a_hko_ecmwf_single_run_hourly_forecasts.csv,source_target_date_decision_rule_issue_time,2026-03-31,6h_prior,,,2026-03-28 06:00:00+00:00,2026-03-28 06:00:00+00:00,1,1,1,0,2026-03-31 14:00:00+08:00,2026-03-31 14:00:00+08:00,,1500.0,REJECTED,local_hour_count_1
data/interim/notebook02_sources/hourly_forecasts/01_19a_hko_ecmwf_single_run_hourly_forecasts.csv,source_target_date_decision_rule_issue_time,2026-03-31,12h_prior,,,2026-03-28 06:00:00+00:00,2026-03-28 06:00:00+00:00,1,1,1,0,2026-03-31 20:00:00+08:00,2026-03-31 20:00:00+08:00,,1500.0,REJECTED,local_hour_count_1
data/interim/notebook02_sources/hourly_forecasts/01_19a_hko_ecmwf_single_run_hourly_forecasts.csv,source_target_date_decision_rule_issue_time,2026-04-01,6h_prior,,,2026-03-28 06:00:00+00:00,2026-03-28 06:00:00+00:00,1,1,1,0,2026-04-01 14:00:00+08:00,2026-04-01 14:00:00+08:00,,1500.0,REJECTED,local_hour_count_1
data/interim/notebook02_sources/hourly_forecasts/01_19a_hko_ecmwf_single_run_hourly_forecasts.csv,source_target_date_decision_rule_issue_time,2026-04-01,12h_prior,,,2026-03-28 06:00:00+00:00,2026-03-28 06:00:00+00:00,1,1,1,0,2026-04-01 20:00:00+08:00,2026-04-01 20:00:00+08:00,,1500.0,REJECTED,local_hour_count_1
data/interim/notebook02_sources/hourly_forecasts/01_19a_hko_ecmwf_single_run_hourly_forecasts.csv,source_target_date_decision_rule_issue_time,2026-04-02,6h_prior,,,2026-03-28 06:00:00+00:00,2026-03-28 06:00:00+00:00,1,1,1,0,2026-04-02 14:00:00+08:00,2026-04-02 14:00:00+08:00,,1500.0,REJECTED,local_hour_count_1
data/interim/notebook02_sources/hourly_forecasts/01_19a_hko_ecmwf_single_run_hourly_forecasts.csv,source_target_date_decision_rule_issue_time,2026-04-02,12h_prior,,,2026-03-28 06:00:00+00:00,2026-03-28 06:00:00+00:00,1,1,1,0,2026-04-02 20:00:00+08:00,2026-04-02 20:00:00+08:00,,1500.0,REJECTED,local_hour_count_1
data/interim/notebook02_sources/hourly_forecasts/01_19a_hko_ecmwf_single_run_hourly_forecasts.csv,source_target_date_decision_rule_issue_time,2026-04-03,6h_prior,,,2026-03-28 06:00:00+00:00,2026-03-28 06:00:00+00:00,1,1,1,0,2026-04-03 14:00:00+08:00,2026-04-03 14:00:00+08:00,,1500.0,REJECTED,local_hour_count_1
data/interim/notebook02_sources/hourly_forecasts/01_19a_hko_ecmwf_single_run_hourly_forecasts.csv,source_target_date_decision_rule_issue_time,2026-04-03,12h_prior,,,2026-03-28 06:00:00+00:00,2026-03-28 06:00:00+00:00,1,1,1,0,2026-04-03 20:00:00+08:00,2026-04-03 20:00:00+08:00,,1500.0,REJECTED,local_hour_count_1
data/interim/notebook02_sources/hourly_forecasts/01_19a_hko_ecmwf_single_run_hourly_forecasts.csv,source_target_date_decision_rule_issue_time,2026-03-31,6h_prior,,,2026-03-30 06:00:00+00:00,2026-03-30 06:00:00+00:00,1,1,1,0,2026-03-31 14:00:00+08:00,2026-03-31 14:00:00+08:00,,1500.0,REJECTED,local_hour_count_1
data/interim/notebook02_sources/hourly_forecasts/01_19a_hko_ecmwf_single_run_hourly_forecasts.csv,source_target_date_decision_rule_issue_time,2026-03-31,12h_prior,,,2026-03-30 06:00:00+00:00,2026-03-30 06:00:00+00:00,1,1,1,0,2026-03-31 20:00:00+08:00,2026-03-31 20:00:00+08:00,,1500.0,REJECTED,local_hour_count_1
data/interim/notebook02_sources/hourly_forecasts/01_19a_hko_ecmwf_single_run_hourly_forecasts.csv,source_target_date_decision_rule_issue_time,2026-04-01,6h_prior,,,2026-03-30 06:00:00+00:00,2026-03-30 06:00:00+00:00,1,1,1,0,2026-04-01 14:00:00+08:00,2026-04-01 14:00:00+08:00,,1500.0,REJECTED,local_hour_count_1
data/interim/notebook02_sources/hourly_forecasts/01_19a_hko_ecmwf_single_run_hourly_forecasts.csv,source_target_date_decision_rule_issue_time,2026-04-01,12h_prior,,,2026-03-30 06:00:00+00:00,2026-03-30 06:00:00+00:00,1,1,1,0,2026-04-01 20:00:00+08:00,2026-04-01 20:00:00+08:00,,1500.0,REJECTED,local_hour_count_1
data/interim/notebook02_sources/hourly_forecasts/01_19a_hko_ecmwf_single_run_hourly_forecasts.csv,source_target_date_decision_rule_issue_time,2026-04-02,6h_prior,,,2026-03-30 06:00:00+00:00,2026-03-30 06:00:00+00:00,1,1,1,0,2026-04-02 14:00:00+08:00,2026-04-02 14:00:00+08:00,,1500.0,REJECTED,local_hour_count_1
data/interim/notebook02_sources/hourly_forecasts/01_19a_hko_ecmwf_single_run_hourly_forecasts.csv,source_target_date_decision_rule_issue_time,2026-04-02,12h_prior,,,2026-03-30 06:00:00+00:00,2026-03-30 06:00:00+00:00,1,1,1,0,2026-04-02 20:00:00+08:00,2026-04-02 20:00:00+08:00,,1500.0,REJECTED,local_hour_count_1
data/interim/notebook02_sources/hourly_forecasts/01_19a_hko_ecmwf_single_run_hourly_forecasts.csv,source_target_date_decision_rule_issue_time,2026-04-03,6h_prior,,,2026-03-30 06:00:00+00:00,2026-03-30 06:00:00+00:00,1,1,1,0,2026-04-03 14:00:00+08:00,2026-04-03 14:00:00+08:00,,1500.0,REJECTED,local_hour_count_1
data/interim/notebook02_sources/hourly_forecasts/01_19a_hko_ecmwf_single_run_hourly_forecasts.csv,source_target_date_decision_rule_issue_time,2026-04-03,12h_prior,,,2026-03-30 06:00:00+00:00,2026-03-30 06:00:00+00:00,1,1,1,0,2026-04-03 20:00:00+08:00,2026-04-03 20:00:00+08:00,,1500.0,REJECTED,local_hour_count_1
data/interim/notebook02_sources/hourly_forecasts/01_19a_hko_ecmwf_single_run_hourly_forecasts.csv,source_target_date_decision_rule_issue_time,2026-04-04,6h_prior,,,2026-03-30 06:00:00+00:00,2026-03-30 06:00:00+00:00,1,1,1,0,2026-04-04 14:00:00+08:00,2026-04-04 14:00:00+08:00,,1500.0,REJECTED,local_hour_count_1
data/interim/notebook02_sources/hourly_forecasts/01_19a_hko_ecmwf_single_run_hourly_forecasts.csv,source_target_date_decision_rule_issue_time,2026-04-04,12h_prior,,,2026-03-30 06:00:00+00:00,2026-03-30 06:00:00+00:00,1,1,1,0,2026-04-04 20:00:00+08:00,2026-04-04 20:00:00+08:00,,1500.0,REJECTED,local_hour_count_1
data/interim/notebook02_sources/hourly_forecasts/01_19a_hko_ecmwf_single_run_hourly_forecasts.csv,source_target_date_decision_rule_issue_time,2026-04-05,6h_prior,,,2026-03-30 06:00:00+00:00,2026-03-30 06:00:00+00:00,1,1,1,0,2026-04-05 14:00:00+08:00,2026-04-05 14:00:00+08:00,,1500.0,REJECTED,local_hour_count_1
data/interim/notebook02_sources/hourly_forecasts/01_19a_hko_ecmwf_single_run_hourly_forecasts.csv,source_target_date_decision_rule_issue_time,2026-04-05,12h_prior,,,2026-03-30 06:00:00+00:00,2026-03-30 06:00:00+00:00,1,1,1,0,2026-04-05 20:00:00+08:00,2026-04-05 20:00:00+08:00,,1500.0,REJECTED,local_hour_count_1
data/interim/notebook02_sources/hourly_forecasts/01_19a_hko_ecmwf_single_run_hourly_forecasts.csv,source_target_date_decision_rule_issue_time,2026-03-31,6h_prior,,,2026-03-30 18:00:00+00:00,2026-03-30 18:00:00+00:00,1,1,1,0,2026-03-31 14:00:00+08:00,2026-03-31 14:00:00+08:00,,1500.0,REJECTED,local_hour_count_1
data/interim/notebook02_sources/hourly_forecasts/01_19a_hko_ecmwf_single_run_hourly_forecasts.csv,source_target_date_decision_rule_issue_time,2026-03-31,12h_prior,,,2026-03-30 18:00:00+00:00,2026-03-30 18:00:00+00:00,1,1,1,0,2026-03-31 20:00:00+08:00,2026-03-31 20:00:00+08:00,,1500.0,REJECTED,local_hour_count_1
data/interim/notebook02_sources/hourly_forecasts/01_19a_hko_ecmwf_single_run_hourly_forecasts.csv,source_target_date_decision_rule_issue_time,2026-04-01,6h_prior,,,2026-03-30 18:00:00+00:00,2026-03-30 18:00:00+00:00,1,1,1,0,2026-04-01 14:00:00+08:00,2026-04-01 14:00:00+08:00,,1500.0,REJECTED,local_hour_count_1
data/interim/notebook02_sources/hourly_forecasts/01_19a_hko_ecmwf_single_run_hourly_forecasts.csv,source_target_date_decision_rule_issue_time,2026-04-01,12h_prior,,,2026-03-30 18:00:00+00:00,2026-03-30 18:00:00+00:00,1,1,1,0,2026-04-01 20:00:00+08:00,2026-04-01 20:00:00+08:00,,1500.0,REJECTED,local_hour_count_1
data/interim/notebook02_sources/hourly_forecasts/01_19a_hko_ecmwf_single_run_hourly_forecasts.csv,source_target_date_decision_rule_issue_time,2026-04-02,6h_prior,,,2026-03-30 18:00:00+00:00,2026-03-30 18:00:00+00:00,1,1,1,0,2026-04-02 14:00:00+08:00,2026-04-02 14:00:00+08:00,,1500.0,REJECTED,local_hour_count_1
data/interim/notebook02_sources/hourly_forecasts/01_19a_hko_ecmwf_single_run_hourly_forecasts.csv,source_target_date_decision_rule_issue_time,2026-04-02,12h_prior,,,2026-03-30 18:00:00+00:00,2026-03-30 18:00:00+00:00,1,1,1,0,2026-04-02 20:00:00+08:00,2026-04-02 20:00:00+08:00,,1500.0,REJECTED,local_hour_count_1
data/interim/notebook02_sources/hourly_forecasts/01_19a_hko_ecmwf_single_run_hourly_forecasts.csv,source_target_date_decision_rule_issue_time,2026-04-03,6h_prior,,,2026-03-30 18:00:00+00:00,2026-03-30 18:00:00+00:00,1,1,1,0,2026-04-03 14:00:00+08:00,2026-04-03 14:00:00+08:00,,1500.0,REJECTED,local_hour_count_1
data/interim/notebook02_sources/hourly_forecasts/01_19a_hko_ecmwf_single_run_hourly_forecasts.csv,source_target_date_decision_rule_issue_time,2026-04-03,12h_prior,,,2026-03-30 18:00:00+00:00,2026-03-30 18:00:00+00:00,1,1,1,0,2026-04-03 20:00:00+08:00,2026-04-03 20:00:00+08:00,,1500.0,REJECTED,local_hour_count_1
data/interim/notebook02_sources/hourly_forecasts/01_19a_hko_ecmwf_single_run_hourly_forecasts.csv,source_target_date_decision_rule_issue_time,2026-04-04,6h_prior,,,2026-03-30 18:00:00+00:00,2026-03-30 18:00:00+00:00,1,1,1,0,2026-04-04 14:00:00+08:00,2026-04-04 14:00:00+08:00,,1500.0,REJECTED,local_hour_count_1
data/interim/notebook02_sources/hourly_forecasts/01_19a_hko_ecmwf_single_run_hourly_forecasts.csv,source_target_date_decision_rule_issue_time,2026-04-04,12h_prior,,,2026-03-30 18:00:00+00:00,2026-03-30 18:00:00+00:00,1,1,1,0,2026-04-04 20:00:00+08:00,2026-04-04 20:00:00+08:00,,1500.0,REJECTED,local_hour_count_1
data/interim/notebook02_sources/hourly_forecasts/01_19a_hko_ecmwf_single_run_hourly_forecasts.csv,source_target_date_decision_rule_issue_time,2026-04-05,6h_prior,,,2026-03-30 18:00:00+00:00,2026-03-30 18:00:00+00:00,1,1,1,0,2026-04-05 14:00:00+08:00,2026-04-05 14:00:00+08:00,,1500.0,REJECTED,local_hour_count_1
data/interim/notebook02_sources/hourly_forecasts/01_19a_hko_ecmwf_single_run_hourly_forecasts.csv,source_target_date_decision_rule_issue_time,2026-04-05,12h_prior,,,2026-03-30 18:00:00+00:00,2026-03-30 18:00:00+00:00,1,1,1,0,2026-04-05 20:00:00+08:00,2026-04-05 20:00:00+08:00,,1500.0,REJECTED,local_hour_count_1
data/interim/notebook02_sources/hourly_forecasts/01_19a_hko_ecmwf_single_run_hourly_forecasts.csv,source_target_date_decision_rule_issue_time,2026-03-31,12h_prior,,,2026-03-31 00:00:00+00:00,2026-03-31 00:00:00+00:00,1,1,1,0,2026-03-31 20:00:00+08:00,2026-03-31 20:00:00+08:00,,1500.0,REJECTED,local_hour_count_1
data/interim/notebook02_sources/hourly_forecasts/01_19a_hko_ecmwf_single_run_hourly_forecasts.csv,source_target_date_decision_rule_issue_time,2026-04-01,6h_prior,,,2026-03-31 00:00:00+00:00,2026-03-31 00:00:00+00:00,1,1,1,0,2026-04-01 14:00:00+08:00,2026-04-01 14:00:00+08:00,,1500.0,REJECTED,local_hour_count_1
data/interim/notebook02_sources/hourly_forecasts/01_19a_hko_ecmwf_single_run_hourly_forecasts.csv,source_target_date_decision_rule_issue_time,2026-04-01,12h_prior,,,2026-03-31 00:00:00+00:00,2026-03-31 00:00:00+00:00,1,1,1,0,2026-04-01 20:00:00+08:00,2026-04-01 20:00:00+08:00,,1500.0,REJECTED,local_hour_count_1
data/interim/notebook02_sources/hourly_forecasts/01_19a_hko_ecmwf_single_run_hourly_forecasts.csv,source_target_date_decision_rule_issue_time,2026-04-02,6h_prior,,,2026-03-31 00:00:00+00:00,2026-03-31 00:00:00+00:00,1,1,1,0,2026-04-02 14:00:00+08:00,2026-04-02 14:00:00+08:00,,1500.0,REJECTED,local_hour_count_1
data/interim/notebook02_sources/hourly_forecasts/01_19a_hko_ecmwf_single_run_hourly_forecasts.csv,source_target_date_decision_rule_issue_time,2026-04-02,12h_prior,,,2026-03-31 00:00:00+00:00,2026-03-31 00:00:00+00:00,1,1,1,0,2026-04-02 20:00:00+08:00,2026-04-02 20:00:00+08:00,,1500.0,REJECTED,local_hour_count_1
data/interim/notebook02_sources/hourly_forecasts/01_19a_hko_ecmwf_single_run_hourly_forecasts.csv,source_target_date_decision_rule_issue_time,2026-04-03,6h_prior,,,2026-03-31 00:00:00+00:00,2026-03-31 00:00:00+00:00,1,1,1,0,2026-04-03 14:00:00+08:00,2026-04-03 14:00:00+08:00,,1500.0,REJECTED,local_hour_count_1
data/interim/notebook02_sources/hourly_forecasts/01_19a_hko_ecmwf_single_run_hourly_forecasts.csv,source_target_date_decision_rule_issue_time,2026-04-03,12h_prior,,,2026-03-31 00:00:00+00:00,2026-03-31 00:00:00+00:00,1,1,1,0,2026-04-03 20:00:00+08:00,2026-04-03 20:00:00+08:00,,1500.0,REJECTED,local_hour_count_1
data/interim/notebook02_sources/hourly_forecasts/01_19a_hko_ecmwf_single_run_hourly_forecasts.csv,source_target_date_decision_rule_issue_time,2026-04-04,6h_prior,,,2026-03-31 00:00:00+00:00,2026-03-31 00:00:00+00:00,1,1,1,0,2026-04-04 14:00:00+08:00,2026-04-04 14:00:00+08:00,,1500.0,REJECTED,local_hour_count_1
data/interim/notebook02_sources/hourly_forecasts/01_19a_hko_ecmwf_single_run_hourly_forecasts.csv,source_target_date_decision_rule_issue_time,2026-04-04,12h_prior,,,2026-03-31 00:00:00+00:00,2026-03-31 00:00:00+00:00,1,1,1,0,2026-04-04 20:00:00+08:00,2026-04-04 20:00:00+08:00,,1500.0,REJECTED,local_hour_count_1
data/interim/notebook02_sources/hourly_forecasts/01_19a_hko_ecmwf_single_run_hourly_forecasts.csv,source_target_date_decision_rule_issue_time,2026-04-05,6h_prior,,,2026-03-31 00:00:00+00:00,2026-03-31 00:00:00+00:00,1,1,1,0,2026-04-05 14:00:00+08:00,2026-04-05 14:00:00+08:00,,1500.0,REJECTED,local_hour_count_1
data/interim/notebook02_sources/hourly_forecasts/01_19a_hko_ecmwf_single_run_hourly_forecasts.csv,source_target_date_decision_rule_issue_time,2026-04-05,12h_prior,,,2026-03-31 00:00:00+00:00,2026-03-31 00:00:00+00:00,1,1,1,0,2026-04-05 20:00:00+08:00,2026-04-05 20:00:00+08:00,,1500.0,REJECTED,local_hour_count_1
data/interim/notebook02_sources/hourly_forecasts/01_19a_hko_ecmwf_single_run_hourly_forecasts.csv,source_target_date_decision_rule_issue_time,2026-04-06,6h_prior,,,2026-03-31 00:00:00+00:00,2026-03-31 00:00:00+00:00,1,1,1,0,2026-04-06 14:00:00+08:00,2026-04-06 14:00:00+08:00,,1500.0,REJECTED,local_hour_count_1
data/interim/notebook02_sources/hourly_forecasts/01_19a_hko_ecmwf_single_run_hourly_forecasts.csv,source_target_date_decision_rule_issue_time,2026-04-06,12h_prior,,,2026-03-31 00:00:00+00:00,2026-03-31 00:00:00+00:00,1,1,1,0,2026-04-06 20:00:00+08:00,2026-04-06 20:00:00+08:00,,1500.0,REJECTED,local_hour_count_1
data/interim/notebook02_sources/hourly_forecasts/01_19a_hko_ecmwf_single_run_hourly_forecasts.csv,source_target_date_decision_rule_issue_time,2026-04-07,6h_prior,,,2026-03-31 00:00:00+00:00,2026-03-31 00:00:00+00:00,1,1,1,0,2026-04-07 14:00:00+08:00,2026-04-07 14:00:00+08:00,,1500.0,REJECTED,local_hour_count_1
data/interim/notebook02_sources/hourly_forecasts/01_19a_hko_ecmwf_single_run_hourly_forecasts.csv,source_target_date_decision_rule_issue_time,2026-04-07,12h_prior,,,2026-03-31 00:00:00+00:00,2026-03-31 00:00:00+00:00,1,1,1,0,2026-04-07 20:00:00+08:00,2026-04-07 20:00:00+08:00,,1500.0,REJECTED,local_hour_count_1
data/interim/notebook02_sources/hourly_forecasts/01_19a_hko_ecmwf_single_run_hourly_forecasts.csv,source_target_date_decision_rule_issue_time,2026-04-08,6h_prior,,,2026-03-31 00:00:00+00:00,2026-03-31 00:00:00+00:00,1,1,1,0,2026-04-08 14:00:00+08:00,2026-04-08 14:00:00+08:00,,1500.0,REJECTED,local_hour_count_1
data/interim/notebook02_sources/hourly_forecasts/01_19a_hko_ecmwf_single_run_hourly_forecasts.csv,source_target_date_decision_rule_issue_time,2026-04-08,12h_prior,,,2026-03-31 00:00:00+00:00,2026-03-31 00:00:00+00:00,1,1,1,0,2026-04-08 20:00:00+08:00,2026-04-08 20:00:00+08:00,,1500.0,REJECTED,local_hour_count_1
data/interim/notebook02_sources/hourly_forecasts/01_19a_hko_ecmwf_single_run_hourly_forecasts.csv,source_target_date_decision_rule_issue_time,2026-04-09,6h_prior,,,2026-03-31 00:00:00+00:00,2026-03-31 00:00:00+00:00,1,1,1,0,2026-04-09 14:00:00+08:00,2026-04-09 14:00:00+08:00,,1500.0,REJECTED,local_hour_count_1
data/interim/notebook02_sources/hourly_forecasts/01_19a_hko_ecmwf_single_run_hourly_forecasts.csv,source_target_date_decision_rule_issue_time,2026-04-09,12h_prior,,,2026-03-31 00:00:00+00:00,2026-03-31 00:00:00+00:00,1,1,1,0,2026-04-09 20:00:00+08:00,2026-04-09 20:00:00+08:00,,1500.0,REJECTED,local_hour_count_1
data/interim/notebook02_sources/hourly_forecasts/01_19a_hko_ecmwf_single_run_hourly_forecasts.csv,source_target_date_decision_rule_issue_time,2026-04-10,6h_prior,,,2026-03-31 00:00:00+00:00,2026-03-31 00:00:00+00:00,1,1,1,0,2026-04-10 14:00:00+08:00,2026-04-10 14:00:00+08:00,,1500.0,REJECTED,local_hour_count_1
data/interim/notebook02_sources/hourly_forecasts/01_19a_hko_ecmwf_single_run_hourly_forecasts.csv,source_target_date_decision_rule_issue_time,2026-04-01,6h_prior,,,2026-03-31 18:00:00+00:00,2026-03-31 18:00:00+00:00,1,1,1,0,2026-04-01 14:00:00+08:00,2026-04-01 14:00:00+08:00,,1500.0,REJECTED,local_hour_count_1
data/interim/notebook02_sources/hourly_forecasts/01_19a_hko_ecmwf_single_run_hourly_forecasts.csv,source_target_date_decision_rule_issue_time,2026-04-01,12h_prior,,,2026-03-31 18:00:00+00:00,2026-03-31 18:00:00+00:00,1,1,1,0,2026-04-01 20:00:00+08:00,2026-04-01 20:00:00+08:00,,1500.0,REJECTED,local_hour_count_1
data/interim/notebook02_sources/hourly_forecasts/01_19a_hko_ecmwf_single_run_hourly_forecasts.csv,source_target_date_decision_rule_issue_time,2026-04-02,6h_prior,,,2026-03-31 18:00:00+00:00,2026-03-31 18:00:00+00:00,1,1,1,0,2026-04-02 14:00:00+08:00,2026-04-02 14:00:00+08:00,,1500.0,REJECTED,local_hour_count_1
data/interim/notebook02_sources/hourly_forecasts/01_19a_hko_ecmwf_single_run_hourly_forecasts.csv,source_target_date_decision_rule_issue_time,2026-04-02,12h_prior,,,2026-03-31 18:00:00+00:00,2026-03-31 18:00:00+00:00,1,1,1,0,2026-04-02 20:00:00+08:00,2026-04-02 20:00:00+08:00,,1500.0,REJECTED,local_hour_count_1
data/interim/notebook02_sources/hourly_forecasts/01_19a_hko_ecmwf_single_run_hourly_forecasts.csv,source_target_date_decision_rule_issue_time,2026-04-03,6h_prior,,,2026-03-31 18:00:00+00:00,2026-03-31 18:00:00+00:00,1,1,1,0,2026-04-03 14:00:00+08:00,2026-04-03 14:00:00+08:00,,1500.0,REJECTED,local_hour_count_1
data/interim/notebook02_sources/hourly_forecasts/01_19a_hko_ecmwf_single_run_hourly_forecasts.csv,source_target_date_decision_rule_issue_time,2026-04-03,12h_prior,,,2026-03-31 18:00:00+00:00,2026-03-31 18:00:00+00:00,1,1,1,0,2026-04-03 20:00:00+08:00,2026-04-03 20:00:00+08:00,,1500.0,REJECTED,local_hour_count_1
data/interim/notebook02_sources/hourly_forecasts/01_19a_hko_ecmwf_single_run_hourly_forecasts.csv,source_target_date_decision_rule_issue_time,2026-04-04,6h_prior,,,2026-03-31 18:00:00+00:00,2026-03-31 18:00:00+00:00,1,1,1,0,2026-04-04 14:00:00+08:00,2026-04-04 14:00:00+08:00,,1500.0,REJECTED,local_hour_count_1
data/interim/notebook02_sources/hourly_forecasts/01_19a_hko_ecmwf_single_run_hourly_forecasts.csv,source_target_date_decision_rule_issue_time,2026-04-04,12h_prior,,,2026-03-31 18:00:00+00:00,2026-03-31 18:00:00+00:00,1,1,1,0,2026-04-04 20:00:00+08:00,2026-04-04 20:00:00+08:00,,1500.0,REJECTED,local_hour_count_1
data/interim/notebook02_sources/hourly_forecasts/01_19a_hko_ecmwf_single_run_hourly_forecasts.csv,source_target_date_decision_rule_issue_time,2026-04-05,6h_prior,,,2026-03-31 18:00:00+00:00,2026-03-31 18:00:00+00:00,1,1,1,0,2026-04-05 14:00:00+08:00,2026-04-05 14:00:00+08:00,,1500.0,REJECTED,local_hour_count_1
data/interim/notebook02_sources/hourly_forecasts/01_19a_hko_ecmwf_single_run_hourly_forecasts.csv,source_target_date_decision_rule_issue_time,2026-04-05,12h_prior,,,2026-03-31 18:00:00+00:00,2026-03-31 18:00:00+00:00,1,1,1,0,2026-04-05 20:00:00+08:00,2026-04-05 20:00:00+08:00,,1500.0,REJECTED,local_hour_count_1
data/interim/notebook02_sources/hourly_forecasts/01_19a_hko_ecmwf_single_run_hourly_forecasts.csv,source_target_date_decision_rule_issue_time,2026-04-06,6h_prior,,,2026-03-31 18:00:00+00:00,2026-03-31 18:00:00+00:00,1,1,1,0,2026-04-06 14:00:00+08:00,2026-04-06 14:00:00+08:00,,1500.0,REJECTED,local_hour_count_1
data/interim/notebook02_sources/hourly_forecasts/01_19a_hko_ecmwf_single_run_hourly_forecasts.csv,source_target_date_decision_rule_issue_time,2026-04-06,12h_prior,,,2026-03-31 18:00:00+00:00,2026-03-31 18:00:00+00:00,1,1,1,0,2026-04-06 20:00:00+08:00,2026-04-06 20:00:00+08:00,,1500.0,REJECTED,local_hour_count_1
data/interim/notebook02_sources/hourly_forecasts/01_19a_hko_ecmwf_single_run_hourly_forecasts.csv,source_target_date_decision_rule_issue_time,2026-04-01,12h_prior,,,2026-04-01 00:00:00+00:00,2026-04-01 00:00:00+00:00,1,1,1,0,2026-04-01 20:00:00+08:00,2026-04-01 20:00:00+08:00,,1500.0,REJECTED,local_hour_count_1
data/interim/notebook02_sources/hourly_forecasts/01_19a_hko_ecmwf_single_run_hourly_forecasts.csv,source_target_date_decision_rule_issue_time,2026-04-02,6h_prior,,,2026-04-01 00:00:00+00:00,2026-04-01 00:00:00+00:00,1,1,1,0,2026-04-02 14:00:00+08:00,2026-04-02 14:00:00+08:00,,1500.0,REJECTED,local_hour_count_1
data/interim/notebook02_sources/hourly_forecasts/01_19a_hko_ecmwf_single_run_hourly_forecasts.csv,source_target_date_decision_rule_issue_time,2026-04-02,12h_prior,,,2026-04-01 00:00:00+00:00,2026-04-01 00:00:00+00:00,1,1,1,0,2026-04-02 20:00:00+08:00,2026-04-02 20:00:00+08:00,,1500.0,REJECTED,local_hour_count_1
data/interim/notebook02_sources/hourly_forecasts/01_19a_hko_ecmwf_single_run_hourly_forecasts.csv,source_target_date_decision_rule_issue_time,2026-04-03,6h_prior,,,2026-04-01 00:00:00+00:00,2026-04-01 00:00:00+00:00,1,1,1,0,2026-04-03 14:00:00+08:00,2026-04-03 14:00:00+08:00,,1500.0,REJECTED,local_hour_count_1
data/interim/notebook02_sources/hourly_forecasts/01_19a_hko_ecmwf_single_run_hourly_forecasts.csv,source_target_date_decision_rule_issue_time,2026-04-03,12h_prior,,,2026-04-01 00:00:00+00:00,2026-04-01 00:00:00+00:00,1,1,1,0,2026-04-03 20:00:00+08:00,2026-04-03 20:00:00+08:00,,1500.0,REJECTED,local_hour_count_1
data/interim/notebook02_sources/hourly_forecasts/01_19a_hko_ecmwf_single_run_hourly_forecasts.csv,source_target_date_decision_rule_issue_time,2026-04-04,6h_prior,,,2026-04-01 00:00:00+00:00,2026-04-01 00:00:00+00:00,1,1,1,0,2026-04-04 14:00:00+08:00,2026-04-04 14:00:00+08:00,,1500.0,REJECTED,local_hour_count_1
data/interim/notebook02_sources/hourly_forecasts/01_19a_hko_ecmwf_single_run_hourly_forecasts.csv,source_target_date_decision_rule_issue_time,2026-04-04,12h_prior,,,2026-04-01 00:00:00+00:00,2026-04-01 00:00:00+00:00,1,1,1,0,2026-04-04 20:00:00+08:00,2026-04-04 20:00:00+08:00,,1500.0,REJECTED,local_hour_count_1
data/interim/notebook02_sources/hourly_forecasts/01_19a_hko_ecmwf_single_run_hourly_forecasts.csv,source_target_date_decision_rule_issue_time,2026-04-05,6h_prior,,,2026-04-01 00:00:00+00:00,2026-04-01 00:00:00+00:00,1,1,1,0,2026-04-05 14:00:00+08:00,2026-04-05 14:00:00+08:00,,1500.0,REJECTED,local_hour_count_1
data/interim/notebook02_sources/hourly_forecasts/01_19a_hko_ecmwf_single_run_hourly_forecasts.csv,source_target_date_decision_rule_issue_time,2026-04-05,12h_prior,,,2026-04-01 00:00:00+00:00,2026-04-01 00:00:00+00:00,1,1,1,0,2026-04-05 20:00:00+08:00,2026-04-05 20:00:00+08:00,,1500.0,REJECTED,local_hour_count_1
data/interim/notebook02_sources/hourly_forecasts/01_19a_hko_ecmwf_single_run_hourly_forecasts.csv,source_target_date_decision_rule_issue_time,2026-04-06,6h_prior,,,2026-04-01 00:00:00+00:00,2026-04-01 00:00:00+00:00,1,1,1,0,2026-04-06 14:00:00+08:00,2026-04-06 14:00:00+08:00,,1500.0,REJECTED,local_hour_count_1
data/interim/notebook02_sources/hourly_forecasts/01_19a_hko_ecmwf_single_run_hourly_forecasts.csv,source_target_date_decision_rule_issue_time,2026-04-06,12h_prior,,,2026-04-01 00:00:00+00:00,2026-04-01 00:00:00+00:00,1,1,1,0,2026-04-06 20:00:00+08:00,2026-04-06 20:00:00+08:00,,1500.0,REJECTED,local_hour_count_1
data/interim/notebook02_sources/hourly_forecasts/01_19a_hko_ecmwf_single_run_hourly_forecasts.csv,source_target_date_decision_rule_issue_time,2026-04-07,6h_prior,,,2026-04-01 00:00:00+00:00,2026-04-01 00:00:00+00:00,1,1,1,0,2026-04-07 14:00:00+08:00,2026-04-07 14:00:00+08:00,,1500.0,REJECTED,local_hour_count_1
data/interim/notebook02_sources/hourly_forecasts/01_19a_hko_ecmwf_single_run_hourly_forecasts.csv,source_target_date_decision_rule_issue_time,2026-04-07,12h_prior,,,2026-04-01 00:00:00+00:00,2026-04-01 00:00:00+00:00,1,1,1,0,2026-04-07 20:00:00+08:00,2026-04-07 20:00:00+08:00,,1500.0,REJECTED,local_hour_count_1
data/interim/notebook02_sources/hourly_forecasts/01_19a_hko_ecmwf_single_run_hourly_forecasts.csv,source_target_date_decision_rule_issue_time,2026-04-08,6h_prior,,,2026-04-01 00:00:00+00:00,2026-04-01 00:00:00+00:00,1,1,1,0,2026-04-08 14:00:00+08:00,2026-04-08 14:00:00+08:00,,1500.0,REJECTED,local_hour_count_1
data/interim/notebook02_sources/hourly_forecasts/01_19a_hko_ecmwf_single_run_hourly_forecasts.csv,source_target_date_decision_rule_issue_time,2026-04-08,12h_prior,,,2026-04-01 00:00:00+00:00,2026-04-01 00:00:00+00:00,1,1,1,0,2026-04-08 20:00:00+08:00,2026-04-08 20:00:00+08:00,,1500.0,REJECTED,local_hour_count_1
data/interim/notebook02_sources/hourly_forecasts/01_19a_hko_ecmwf_single_run_hourly_forecasts.csv,source_target_date_decision_rule_issue_time,2026-04-09,6h_prior,,,2026-04-01 00:00:00+00:00,2026-04-01 00:00:00+00:00,1,1,1,0,2026-04-09 14:00:00+08:00,2026-04-09 14:00:00+08:00,,1500.0,REJECTED,local_hour_count_1
data/interim/notebook02_sources/hourly_forecasts/01_19a_hko_ecmwf_single_run_hourly_forecasts.csv,source_target_date_decision_rule_issue_time,2026-04-09,12h_prior,,,2026-04-01 00:00:00+00:00,2026-04-01 00:00:00+00:00,1,1,1,0,2026-04-09 20:00:00+08:00,2026-04-09 20:00:00+08:00,,1500.0,REJECTED,local_hour_count_1
data/interim/notebook02_sources/hourly_forecasts/01_19a_hko_ecmwf_single_run_hourly_forecasts.csv,source_target_date_decision_rule_issue_time,2026-04-10,6h_prior,,,2026-04-01 00:00:00+00:00,2026-04-01 00:00:00+00:00,1,1,1,0,2026-04-10 14:00:00+08:00,2026-04-10 14:00:00+08:00,,1500.0,REJECTED,local_hour_count_1
data/interim/notebook02_sources/hourly_forecasts/01_19a_hko_ecmwf_single_run_hourly_forecasts.csv,source_target_date_decision_rule_issue_time,2026-04-10,12h_prior,,,2026-04-01 00:00:00+00:00,2026-04-01 00:00:00+00:00,1,1,1,0,2026-04-10 20:00:00+08:00,2026-04-10 20:00:00+08:00,,1500.0,REJECTED,local_hour_count_1
data/interim/notebook02_sources/hourly_forecasts/01_19a_hko_ecmwf_single_run_hourly_forecasts.csv,source_target_date_decision_rule_issue_time,2026-04-11,6h_prior,,,2026-04-01 00:00:00+00:00,2026-04-01 00:00:00+00:00,1,1,1,0,2026-04-11 14:00:00+08:00,2026-04-11 14:00:00+08:00,,1500.0,REJECTED,local_hour_count_1
data/interim/notebook02_sources/hourly_forecasts/01_19a_hko_ecmwf_single_run_hourly_forecasts.csv,source_target_date_decision_rule_issue_time,2026-04-02,6h_prior,,,2026-04-01 06:00:00+00:00,2026-04-01 06:00:00+00:00,1,1,1,0,2026-04-02 14:00:00+08:00,2026-04-02 14:00:00+08:00,,1500.0,REJECTED,local_hour_count_1
data/interim/notebook02_sources/hourly_forecasts/01_19a_hko_ecmwf_single_run_hourly_forecasts.csv,source_target_date_decision_rule_issue_time,2026-04-02,12h_prior,,,2026-04-01 06:00:00+00:00,2026-04-01 06:00:00+00:00,1,1,1,0,2026-04-02 20:00:00+08:00,2026-04-02 20:00:00+08:00,,1500.0,REJECTED,local_hour_count_1
data/interim/notebook02_sources/hourly_forecasts/01_19a_hko_ecmwf_single_run_hourly_forecasts.csv,source_target_date_decision_rule_issue_time,2026-04-03,6h_prior,,,2026-04-01 06:00:00+00:00,2026-04-01 06:00:00+00:00,1,1,1,0,2026-04-03 14:00:00+08:00,2026-04-03 14:00:00+08:00,,1500.0,REJECTED,local_hour_count_1
data/interim/notebook02_sources/hourly_forecasts/01_19a_hko_ecmwf_single_run_hourly_forecasts.csv,source_target_date_decision_rule_issue_time,2026-04-03,12h_prior,,,2026-04-01 06:00:00+00:00,2026-04-01 06:00:00+00:00,1,1,1,0,2026-04-03 20:00:00+08:00,2026-04-03 20:00:00+08:00,,1500.0,REJECTED,local_hour_count_1
data/interim/notebook02_sources/hourly_forecasts/01_19a_hko_ecmwf_single_run_hourly_forecasts.csv,source_target_date_decision_rule_issue_time,2026-04-04,6h_prior,,,2026-04-01 06:00:00+00:00,2026-04-01 06:00:00+00:00,1,1,1,0,2026-04-04 14:00:00+08:00,2026-04-04 14:00:00+08:00,,1500.0,REJECTED,local_hour_count_1
data/interim/notebook02_sources/hourly_forecasts/01_19a_hko_ecmwf_single_run_hourly_forecasts.csv,source_target_date_decision_rule_issue_time,2026-04-04,12h_prior,,,2026-04-01 06:00:00+00:00,2026-04-01 06:00:00+00:00,1,1,1,0,2026-04-04 20:00:00+08:00,2026-04-04 20:00:00+08:00,,1500.0,REJECTED,local_hour_count_1
data/interim/notebook02_sources/hourly_forecasts/01_19a_hko_ecmwf_single_run_hourly_forecasts.csv,source_target_date_decision_rule_issue_time,2026-04-05,6h_prior,,,2026-04-01 06:00:00+00:00,2026-04-01 06:00:00+00:00,1,1,1,0,2026-04-05 14:00:00+08:00,2026-04-05 14:00:00+08:00,,1500.0,REJECTED,local_hour_count_1
data/interim/notebook02_sources/hourly_forecasts/01_19a_hko_ecmwf_single_run_hourly_forecasts.csv,source_target_date_decision_rule_issue_time,2026-04-05,12h_prior,,,2026-04-01 06:00:00+00:00,2026-04-01 06:00:00+00:00,1,1,1,0,2026-04-05 20:00:00+08:00,2026-04-05 20:00:00+08:00,,1500.0,REJECTED,local_hour_count_1
data/interim/notebook02_sources/hourly_forecasts/01_19a_hko_ecmwf_single_run_hourly_forecasts.csv,source_target_date_decision_rule_issue_time,2026-04-06,6h_prior,,,2026-04-01 06:00:00+00:00,2026-04-01 06:00:00+00:00,1,1,1,0,2026-04-06 14:00:00+08:00,2026-04-06 14:00:00+08:00,,1500.0,REJECTED,local_hour_count_1
data/interim/notebook02_sources/hourly_forecasts/01_19a_hko_ecmwf_single_run_hourly_forecasts.csv,source_target_date_decision_rule_issue_time,2026-04-06,12h_prior,,,2026-04-01 06:00:00+00:00,2026-04-01 06:00:00+00:00,1,1,1,0,2026-04-06 20:00:00+08:00,2026-04-06 20:00:00+08:00,,1500.0,REJECTED,local_hour_count_1
data/interim/notebook02_sources/hourly_forecasts/01_19a_hko_ecmwf_single_run_hourly_forecasts.csv,source_target_date_decision_rule_issue_time,2026-04-07,6h_prior,,,2026-04-01 06:00:00+00:00,2026-04-01 06:00:00+00:00,1,1,1,0,2026-04-07 14:00:00+08:00,2026-04-07 14:00:00+08:00,,1500.0,REJECTED,local_hour_count_1
data/interim/notebook02_sources/hourly_forecasts/01_19a_hko_ecmwf_single_run_hourly_forecasts.csv,source_target_date_decision_rule_issue_time,2026-04-07,12h_prior,,,2026-04-01 06:00:00+00:00,2026-04-01 06:00:00+00:00,1,1,1,0,2026-04-07 20:00:00+08:00,2026-04-07 20:00:00+08:00,,1500.0,REJECTED,local_hour_count_1
data/interim/notebook02_sources/hourly_forecasts/01_19a_hko_ecmwf_single_run_hourly_forecasts.csv,source_target_date_decision_rule_issue_time,2026-04-02,6h_prior,,,2026-04-01 18:00:00+00:00,2026-04-01 18:00:00+00:00,1,1,1,0,2026-04-02 14:00:00+08:00,2026-04-02 14:00:00+08:00,,1500.0,REJECTED,local_hour_count_1
data/interim/notebook02_sources/hourly_forecasts/01_19a_hko_ecmwf_single_run_hourly_forecasts.csv,source_target_date_decision_rule_issue_time,2026-04-02,12h_prior,,,2026-04-01 18:00:00+00:00,2026-04-01 18:00:00+00:00,1,1,1,0,2026-04-02 20:00:00+08:00,2026-04-02 20:00:00+08:00,,1500.0,REJECTED,local_hour_count_1
data/interim/notebook02_sources/hourly_forecasts/01_19a_hko_ecmwf_single_run_hourly_forecasts.csv,source_target_date_decision_rule_issue_time,2026-04-03,6h_prior,,,2026-04-01 18:00:00+00:00,2026-04-01 18:00:00+00:00,1,1,1,0,2026-04-03 14:00:00+08:00,2026-04-03 14:00:00+08:00,,1500.0,REJECTED,local_hour_count_1
data/interim/notebook02_sources/hourly_forecasts/01_19a_hko_ecmwf_single_run_hourly_forecasts.csv,source_target_date_decision_rule_issue_time,2026-04-03,12h_prior,,,2026-04-01 18:00:00+00:00,2026-04-01 18:00:00+00:00,1,1,1,0,2026-04-03 20:00:00+08:00,2026-04-03 20:00:00+08:00,,1500.0,REJECTED,local_hour_count_1
data/interim/notebook02_sources/hourly_forecasts/01_19a_hko_ecmwf_single_run_hourly_forecasts.csv,source_target_date_decision_rule_issue_time,2026-04-04,6h_prior,,,2026-04-01 18:00:00+00:00,2026-04-01 18:00:00+00:00,1,1,1,0,2026-04-04 14:00:00+08:00,2026-04-04 14:00:00+08:00,,1500.0,REJECTED,local_hour_count_1
data/interim/notebook02_sources/hourly_forecasts/01_19a_hko_ecmwf_single_run_hourly_forecasts.csv,source_target_date_decision_rule_issue_time,2026-04-04,12h_prior,,,2026-04-01 18:00:00+00:00,2026-04-01 18:00:00+00:00,1,1,1,0,2026-04-04 20:00:00+08:00,2026-04-04 20:00:00+08:00,,1500.0,REJECTED,local_hour_count_1
data/interim/notebook02_sources/hourly_forecasts/01_19a_hko_ecmwf_single_run_hourly_forecasts.csv,source_target_date_decision_rule_issue_time,2026-04-05,6h_prior,,,2026-04-01 18:00:00+00:00,2026-04-01 18:00:00+00:00,1,1,1,0,2026-04-05 14:00:00+08:00,2026-04-05 14:00:00+08:00,,1500.0,REJECTED,local_hour_count_1
data/interim/notebook02_sources/hourly_forecasts/01_19a_hko_ecmwf_single_run_hourly_forecasts.csv,source_target_date_decision_rule_issue_time,2026-04-05,12h_prior,,,2026-04-01 18:00:00+00:00,2026-04-01 18:00:00+00:00,1,1,1,0,2026-04-05 20:00:00+08:00,2026-04-05 20:00:00+08:00,,1500.0,REJECTED,local_hour_count_1
data/interim/notebook02_sources/hourly_forecasts/01_19a_hko_ecmwf_single_run_hourly_forecasts.csv,source_target_date_decision_rule_issue_time,2026-04-06,6h_prior,,,2026-04-01 18:00:00+00:00,2026-04-01 18:00:00+00:00,1,1,1,0,2026-04-06 14:00:00+08:00,2026-04-06 14:00:00+08:00,,1500.0,REJECTED,local_hour_count_1
data/interim/notebook02_sources/hourly_forecasts/01_19a_hko_ecmwf_single_run_hourly_forecasts.csv,source_target_date_decision_rule_issue_time,2026-04-06,12h_prior,,,2026-04-01 18:00:00+00:00,2026-04-01 18:00:00+00:00,1,1,1,0,2026-04-06 20:00:00+08:00,2026-04-06 20:00:00+08:00,,1500.0,REJECTED,local_hour_count_1
data/interim/notebook02_sources/hourly_forecasts/01_19a_hko_ecmwf_single_run_hourly_forecasts.csv,source_target_date_decision_rule_issue_time,2026-04-07,6h_prior,,,2026-04-01 18:00:00+00:00,2026-04-01 18:00:00+00:00,1,1,1,0,2026-04-07 14:00:00+08:00,2026-04-07 14:00:00+08:00,,1500.0,REJECTED,local_hour_count_1
data/interim/notebook02_sources/hourly_forecasts/01_19a_hko_ecmwf_single_run_hourly_forecasts.csv,source_target_date_decision_rule_issue_time,2026-04-07,12h_prior,,,2026-04-01 18:00:00+00:00,2026-04-01 18:00:00+00:00,1,1,1,0,2026-04-07 20:00:00+08:00,2026-04-07 20:00:00+08:00,,1500.0,REJECTED,local_hour_count_1
data/interim/notebook02_sources/hourly_forecasts/01_19a_hko_ecmwf_single_run_hourly_forecasts.csv,source_target_date_decision_rule_issue_time,2026-04-02,12h_prior,,,2026-04-02 00:00:00+00:00,2026-04-02 00:00:00+00:00,1,1,1,0,2026-04-02 20:00:00+08:00,2026-04-02 20:00:00+08:00,,1500.0,REJECTED,local_hour_count_1
data/interim/notebook02_sources/hourly_forecasts/01_19a_hko_ecmwf_single_run_hourly_forecasts.csv,source_target_date_decision_rule_issue_time,2026-04-03,6h_prior,,,2026-04-02 00:00:00+00:00,2026-04-02 00:00:00+00:00,1,1,1,0,2026-04-03 14:00:00+08:00,2026-04-03 14:00:00+08:00,,1500.0,REJECTED,local_hour_count_1
data/interim/notebook02_sources/hourly_forecasts/01_19a_hko_ecmwf_single_run_hourly_forecasts.csv,source_target_date_decision_rule_issue_time,2026-04-03,12h_prior,,,2026-04-02 00:00:00+00:00,2026-04-02 00:00:00+00:00,1,1,1,0,2026-04-03 20:00:00+08:00,2026-04-03 20:00:00+08:00,,1500.0,REJECTED,local_hour_count_1
data/interim/notebook02_sources/hourly_forecasts/01_19a_hko_ecmwf_single_run_hourly_forecasts.csv,source_target_date_decision_rule_issue_time,2026-04-04,6h_prior,,,2026-04-02 00:00:00+00:00,2026-04-02 00:00:00+00:00,1,1,1,0,2026-04-04 14:00:00+08:00,2026-04-04 14:00:00+08:00,,1500.0,REJECTED,local_hour_count_1
data/interim/notebook02_sources/hourly_forecasts/01_19a_hko_ecmwf_single_run_hourly_forecasts.csv,source_target_date_decision_rule_issue_time,2026-04-04,12h_prior,,,2026-04-02 00:00:00+00:00,2026-04-02 00:00:00+00:00,1,1,1,0,2026-04-04 20:00:00+08:00,2026-04-04 20:00:00+08:00,,1500.0,REJECTED,local_hour_count_1
data/interim/notebook02_sources/hourly_forecasts/01_19a_hko_ecmwf_single_run_hourly_forecasts.csv,source_target_date_decision_rule_issue_time,2026-04-05,6h_prior,,,2026-04-02 00:00:00+00:00,2026-04-02 00:00:00+00:00,1,1,1,0,2026-04-05 14:00:00+08:00,2026-04-05 14:00:00+08:00,,1500.0,REJECTED,local_hour_count_1
data/interim/notebook02_sources/hourly_forecasts/01_19a_hko_ecmwf_single_run_hourly_forecasts.csv,source_target_date_decision_rule_issue_time,2026-04-05,12h_prior,,,2026-04-02 00:00:00+00:00,2026-04-02 00:00:00+00:00,1,1,1,0,2026-04-05 20:00:00+08:00,2026-04-05 20:00:00+08:00,,1500.0,REJECTED,local_hour_count_1
data/interim/notebook02_sources/hourly_forecasts/01_19a_hko_ecmwf_single_run_hourly_forecasts.csv,source_target_date_decision_rule_issue_time,2026-04-06,6h_prior,,,2026-04-02 00:00:00+00:00,2026-04-02 00:00:00+00:00,1,1,1,0,2026-04-06 14:00:00+08:00,2026-04-06 14:00:00+08:00,,1500.0,REJECTED,local_hour_count_1
data/interim/notebook02_sources/hourly_forecasts/01_19a_hko_ecmwf_single_run_hourly_forecasts.csv,source_target_date_decision_rule_issue_time,2026-04-06,12h_prior,,,2026-04-02 00:00:00+00:00,2026-04-02 00:00:00+00:00,1,1,1,0,2026-04-06 20:00:00+08:00,2026-04-06 20:00:00+08:00,,1500.0,REJECTED,local_hour_count_1
data/interim/notebook02_sources/hourly_forecasts/01_19a_hko_ecmwf_single_run_hourly_forecasts.csv,source_target_date_decision_rule_issue_time,2026-04-07,6h_prior,,,2026-04-02 00:00:00+00:00,2026-04-02 00:00:00+00:00,1,1,1,0,2026-04-07 14:00:00+08:00,2026-04-07 14:00:00+08:00,,1500.0,REJECTED,local_hour_count_1
data/interim/notebook02_sources/hourly_forecasts/01_19a_hko_ecmwf_single_run_hourly_forecasts.csv,source_target_date_decision_rule_issue_time,2026-04-07,12h_prior,,,2026-04-02 00:00:00+00:00,2026-04-02 00:00:00+00:00,1,1,1,0,2026-04-07 20:00:00+08:00,2026-04-07 20:00:00+08:00,,1500.0,REJECTED,local_hour_count_1
data/interim/notebook02_sources/hourly_forecasts/01_19a_hko_ecmwf_single_run_hourly_forecasts.csv,source_target_date_decision_rule_issue_time,2026-04-08,6h_prior,,,2026-04-02 00:00:00+00:00,2026-04-02 00:00:00+00:00,1,1,1,0,2026-04-08 14:00:00+08:00,2026-04-08 14:00:00+08:00,,1500.0,REJECTED,local_hour_count_1
data/interim/notebook02_sources/hourly_forecasts/01_19a_hko_ecmwf_single_run_hourly_forecasts.csv,source_target_date_decision_rule_issue_time,2026-04-08,12h_prior,,,2026-04-02 00:00:00+00:00,2026-04-02 00:00:00+00:00,1,1,1,0,2026-04-08 20:00:00+08:00,2026-04-08 20:00:00+08:00,,1500.0,REJECTED,local_hour_count_1
data/interim/notebook02_sources/hourly_forecasts/01_19a_hko_ecmwf_single_run_hourly_forecasts.csv,source_target_date_decision_rule_issue_time,2026-04-09,6h_prior,,,2026-04-02 00:00:00+00:00,2026-04-02 00:00:00+00:00,1,1,1,0,2026-04-09 14:00:00+08:00,2026-04-09 14:00:00+08:00,,1500.0,REJECTED,local_hour_count_1
data/interim/notebook02_sources/hourly_forecasts/01_19a_hko_ecmwf_single_run_hourly_forecasts.csv,source_target_date_decision_rule_issue_time,2026-04-09,12h_prior,,,2026-04-02 00:00:00+00:00,2026-04-02 00:00:00+00:00,1,1,1,0,2026-04-09 20:00:00+08:00,2026-04-09 20:00:00+08:00,,1500.0,REJECTED,local_hour_count_1
data/interim/notebook02_sources/hourly_forecasts/01_19a_hko_ecmwf_single_run_hourly_forecasts.csv,source_target_date_decision_rule_issue_time,2026-04-10,6h_prior,,,2026-04-02 00:00:00+00:00,2026-04-02 00:00:00+00:00,1,1,1,0,2026-04-10 14:00:00+08:00,2026-04-10 14:00:00+08:00,,1500.0,REJECTED,local_hour_count_1
data/interim/notebook02_sources/hourly_forecasts/01_19a_hko_ecmwf_single_run_hourly_forecasts.csv,source_target_date_decision_rule_issue_time,2026-04-10,12h_prior,,,2026-04-02 00:00:00+00:00,2026-04-02 00:00:00+00:00,1,1,1,0,2026-04-10 20:00:00+08:00,2026-04-10 20:00:00+08:00,,1500.0,REJECTED,local_hour_count_1
data/interim/notebook02_sources/hourly_forecasts/01_19a_hko_ecmwf_single_run_hourly_forecasts.csv,source_target_date_decision_rule_issue_time,2026-04-11,6h_prior,,,2026-04-02 00:00:00+00:00,2026-04-02 00:00:00+00:00,1,1,1,0,2026-04-11 14:00:00+08:00,2026-04-11 14:00:00+08:00,,1500.0,REJECTED,local_hour_count_1
data/interim/notebook02_sources/hourly_forecasts/01_19a_hko_ecmwf_single_run_hourly_forecasts.csv,source_target_date_decision_rule_issue_time,2026-04-11,12h_prior,,,2026-04-02 00:00:00+00:00,2026-04-02 00:00:00+00:00,1,1,1,0,2026-04-11 20:00:00+08:00,2026-04-11 20:00:00+08:00,,1500.0,REJECTED,local_hour_count_1
data/interim/notebook02_sources/hourly_forecasts/01_19a_hko_ecmwf_single_run_hourly_forecasts.csv,source_target_date_decision_rule_issue_time,2026-04-12,6h_prior,,,2026-04-02 00:00:00+00:00,2026-04-02 00:00:00+00:00,1,1,1,0,2026-04-12 14:00:00+08:00,2026-04-12 14:00:00+08:00,,1500.0,REJECTED,local_hour_count_1
data/interim/notebook02_sources/hourly_forecasts/01_19a_hko_ecmwf_single_run_hourly_forecasts.csv,source_target_date_decision_rule_issue_time,2026-04-03,6h_prior,,,2026-04-02 06:00:00+00:00,2026-04-02 06:00:00+00:00,1,1,1,0,2026-04-03 14:00:00+08:00,2026-04-03 14:00:00+08:00,,1500.0,REJECTED,local_hour_count_1
data/interim/notebook02_sources/hourly_forecasts/01_19a_hko_ecmwf_single_run_hourly_forecasts.csv,source_target_date_decision_rule_issue_time,2026-04-03,12h_prior,,,2026-04-02 06:00:00+00:00,2026-04-02 06:00:00+00:00,1,1,1,0,2026-04-03 20:00:00+08:00,2026-04-03 20:00:00+08:00,,1500.0,REJECTED,local_hour_count_1
data/interim/notebook02_sources/hourly_forecasts/01_19a_hko_ecmwf_single_run_hourly_forecasts.csv,source_target_date_decision_rule_issue_time,2026-04-04,6h_prior,,,2026-04-02 06:00:00+00:00,2026-04-02 06:00:00+00:00,1,1,1,0,2026-04-04 14:00:00+08:00,2026-04-04 14:00:00+08:00,,1500.0,REJECTED,local_hour_count_1
data/interim/notebook02_sources/hourly_forecasts/01_19a_hko_ecmwf_single_run_hourly_forecasts.csv,source_target_date_decision_rule_issue_time,2026-04-04,12h_prior,,,2026-04-02 06:00:00+00:00,2026-04-02 06:00:00+00:00,1,1,1,0,2026-04-04 20:00:00+08:00,2026-04-04 20:00:00+08:00,,1500.0,REJECTED,local_hour_count_1
data/interim/notebook02_sources/hourly_forecasts/01_19a_hko_ecmwf_single_run_hourly_forecasts.csv,source_target_date_decision_rule_issue_time,2026-04-05,6h_prior,,,2026-04-02 06:00:00+00:00,2026-04-02 06:00:00+00:00,1,1,1,0,2026-04-05 14:00:00+08:00,2026-04-05 14:00:00+08:00,,1500.0,REJECTED,local_hour_count_1
data/interim/notebook02_sources/hourly_forecasts/01_19a_hko_ecmwf_single_run_hourly_forecasts.csv,source_target_date_decision_rule_issue_time,2026-04-05,12h_prior,,,2026-04-02 06:00:00+00:00,2026-04-02 06:00:00+00:00,1,1,1,0,2026-04-05 20:00:00+08:00,2026-04-05 20:00:00+08:00,,1500.0,REJECTED,local_hour_count_1
data/interim/notebook02_sources/hourly_forecasts/01_19a_hko_ecmwf_single_run_hourly_forecasts.csv,source_target_date_decision_rule_issue_time,2026-04-06,6h_prior,,,2026-04-02 06:00:00+00:00,2026-04-02 06:00:00+00:00,1,1,1,0,2026-04-06 14:00:00+08:00,2026-04-06 14:00:00+08:00,,1500.0,REJECTED,local_hour_count_1
data/interim/notebook02_sources/hourly_forecasts/01_19a_hko_ecmwf_single_run_hourly_forecasts.csv,source_target_date_decision_rule_issue_time,2026-04-06,12h_prior,,,2026-04-02 06:00:00+00:00,2026-04-02 06:00:00+00:00,1,1,1,0,2026-04-06 20:00:00+08:00,2026-04-06 20:00:00+08:00,,1500.0,REJECTED,local_hour_count_1
data/interim/notebook02_sources/hourly_forecasts/01_19a_hko_ecmwf_single_run_hourly_forecasts.csv,source_target_date_decision_rule_issue_time,2026-04-07,6h_prior,,,2026-04-02 06:00:00+00:00,2026-04-02 06:00:00+00:00,1,1,1,0,2026-04-07 14:00:00+08:00,2026-04-07 14:00:00+08:00,,1500.0,REJECTED,local_hour_count_1
data/interim/notebook02_sources/hourly_forecasts/01_19a_hko_ecmwf_single_run_hourly_forecasts.csv,source_target_date_decision_rule_issue_time,2026-04-07,12h_prior,,,2026-04-02 06:00:00+00:00,2026-04-02 06:00:00+00:00,1,1,1,0,2026-04-07 20:00:00+08:00,2026-04-07 20:00:00+08:00,,1500.0,REJECTED,local_hour_count_1
data/interim/notebook02_sources/hourly_forecasts/01_19a_hko_ecmwf_single_run_hourly_forecasts.csv,source_target_date_decision_rule_issue_time,2026-04-08,6h_prior,,,2026-04-02 06:00:00+00:00,2026-04-02 06:00:00+00:00,1,1,1,0,2026-04-08 14:00:00+08:00,2026-04-08 14:00:00+08:00,,1500.0,REJECTED,local_hour_count_1
data/interim/notebook02_sources/hourly_forecasts/01_19a_hko_ecmwf_single_run_hourly_forecasts.csv,source_target_date_decision_rule_issue_time,2026-04-08,12h_prior,,,2026-04-02 06:00:00+00:00,2026-04-02 06:00:00+00:00,1,1,1,0,2026-04-08 20:00:00+08:00,2026-04-08 20:00:00+08:00,,1500.0,REJECTED,local_hour_count_1
data/interim/notebook02_sources/hourly_forecasts/01_19a_hko_ecmwf_single_run_hourly_forecasts.csv,source_target_date_decision_rule_issue_time,2026-04-03,6h_prior,,,2026-04-02 18:00:00+00:00,2026-04-02 18:00:00+00:00,1,1,1,0,2026-04-03 14:00:00+08:00,2026-04-03 14:00:00+08:00,,1500.0,REJECTED,local_hour_count_1
data/interim/notebook02_sources/hourly_forecasts/01_19a_hko_ecmwf_single_run_hourly_forecasts.csv,source_target_date_decision_rule_issue_time,2026-04-03,12h_prior,,,2026-04-02 18:00:00+00:00,2026-04-02 18:00:00+00:00,1,1,1,0,2026-04-03 20:00:00+08:00,2026-04-03 20:00:00+08:00,,1500.0,REJECTED,local_hour_count_1
data/interim/notebook02_sources/hourly_forecasts/01_19a_hko_ecmwf_single_run_hourly_forecasts.csv,source_target_date_decision_rule_issue_time,2026-04-04,6h_prior,,,2026-04-02 18:00:00+00:00,2026-04-02 18:00:00+00:00,1,1,1,0,2026-04-04 14:00:00+08:00,2026-04-04 14:00:00+08:00,,1500.0,REJECTED,local_hour_count_1
data/interim/notebook02_sources/hourly_forecasts/01_19a_hko_ecmwf_single_run_hourly_forecasts.csv,source_target_date_decision_rule_issue_time,2026-04-04,12h_prior,,,2026-04-02 18:00:00+00:00,2026-04-02 18:00:00+00:00,1,1,1,0,2026-04-04 20:00:00+08:00,2026-04-04 20:00:00+08:00,,1500.0,REJECTED,local_hour_count_1
data/interim/notebook02_sources/hourly_forecasts/01_19a_hko_ecmwf_single_run_hourly_forecasts.csv,source_target_date_decision_rule_issue_time,2026-04-05,6h_prior,,,2026-04-02 18:00:00+00:00,2026-04-02 18:00:00+00:00,1,1,1,0,2026-04-05 14:00:00+08:00,2026-04-05 14:00:00+08:00,,1500.0,REJECTED,local_hour_count_1
data/interim/notebook02_sources/hourly_forecasts/01_19a_hko_ecmwf_single_run_hourly_forecasts.csv,source_target_date_decision_rule_issue_time,2026-04-05,12h_prior,,,2026-04-02 18:00:00+00:00,2026-04-02 18:00:00+00:00,1,1,1,0,2026-04-05 20:00:00+08:00,2026-04-05 20:00:00+08:00,,1500.0,REJECTED,local_hour_count_1
data/interim/notebook02_sources/hourly_forecasts/01_19a_hko_ecmwf_single_run_hourly_forecasts.csv,source_target_date_decision_rule_issue_time,2026-04-06,6h_prior,,,2026-04-02 18:00:00+00:00,2026-04-02 18:00:00+00:00,1,1,1,0,2026-04-06 14:00:00+08:00,2026-04-06 14:00:00+08:00,,1500.0,REJECTED,local_hour_count_1
data/interim/notebook02_sources/hourly_forecasts/01_19a_hko_ecmwf_single_run_hourly_forecasts.csv,source_target_date_decision_rule_issue_time,2026-04-06,12h_prior,,,2026-04-02 18:00:00+00:00,2026-04-02 18:00:00+00:00,1,1,1,0,2026-04-06 20:00:00+08:00,2026-04-06 20:00:00+08:00,,1500.0,REJECTED,local_hour_count_1
data/interim/notebook02_sources/hourly_forecasts/01_19a_hko_ecmwf_single_run_hourly_forecasts.csv,source_target_date_decision_rule_issue_time,2026-04-07,6h_prior,,,2026-04-02 18:00:00+00:00,2026-04-02 18:00:00+00:00,1,1,1,0,2026-04-07 14:00:00+08:00,2026-04-07 14:00:00+08:00,,1500.0,REJECTED,local_hour_count_1
data/interim/notebook02_sources/hourly_forecasts/01_19a_hko_ecmwf_single_run_hourly_forecasts.csv,source_target_date_decision_rule_issue_time,2026-04-07,12h_prior,,,2026-04-02 18:00:00+00:00,2026-04-02 18:00:00+00:00,1,1,1,0,2026-04-07 20:00:00+08:00,2026-04-07 20:00:00+08:00,,1500.0,REJECTED,local_hour_count_1
data/interim/notebook02_sources/hourly_forecasts/01_19a_hko_ecmwf_single_run_hourly_forecasts.csv,source_target_date_decision_rule_issue_time,2026-04-08,6h_prior,,,2026-04-02 18:00:00+00:00,2026-04-02 18:00:00+00:00,1,1,1,0,2026-04-08 14:00:00+08:00,2026-04-08 14:00:00+08:00,,1500.0,REJECTED,local_hour_count_1
data/interim/notebook02_sources/hourly_forecasts/01_19a_hko_ecmwf_single_run_hourly_forecasts.csv,source_target_date_decision_rule_issue_time,2026-04-08,12h_prior,,,2026-04-02 18:00:00+00:00,2026-04-02 18:00:00+00:00,1,1,1,0,2026-04-08 20:00:00+08:00,2026-04-08 20:00:00+08:00,,1500.0,REJECTED,local_hour_count_1
data/interim/notebook02_sources/hourly_forecasts/01_19a_hko_ecmwf_single_run_hourly_forecasts.csv,source_target_date_decision_rule_issue_time,2026-04-03,12h_prior,,,2026-04-03 00:00:00+00:00,2026-04-03 00:00:00+00:00,1,1,1,0,2026-04-03 20:00:00+08:00,2026-04-03 20:00:00+08:00,,1500.0,REJECTED,local_hour_count_1
data/interim/notebook02_sources/hourly_forecasts/01_19a_hko_ecmwf_single_run_hourly_forecasts.csv,source_target_date_decision_rule_issue_time,2026-04-04,6h_prior,,,2026-04-03 00:00:00+00:00,2026-04-03 00:00:00+00:00,1,1,1,0,2026-04-04 14:00:00+08:00,2026-04-04 14:00:00+08:00,,1500.0,REJECTED,local_hour_count_1
data/interim/notebook02_sources/hourly_forecasts/01_19a_hko_ecmwf_single_run_hourly_forecasts.csv,source_target_date_decision_rule_issue_time,2026-04-04,12h_prior,,,2026-04-03 00:00:00+00:00,2026-04-03 00:00:00+00:00,1,1,1,0,2026-04-04 20:00:00+08:00,2026-04-04 20:00:00+08:00,,1500.0,REJECTED,local_hour_count_1
data/interim/notebook02_sources/hourly_forecasts/01_19a_hko_ecmwf_single_run_hourly_forecasts.csv,source_target_date_decision_rule_issue_time,2026-04-05,6h_prior,,,2026-04-03 00:00:00+00:00,2026-04-03 00:00:00+00:00,1,1,1,0,2026-04-05 14:00:00+08:00,2026-04-05 14:00:00+08:00,,1500.0,REJECTED,local_hour_count_1
data/interim/notebook02_sources/hourly_forecasts/01_19a_hko_ecmwf_single_run_hourly_forecasts.csv,source_target_date_decision_rule_issue_time,2026-04-05,12h_prior,,,2026-04-03 00:00:00+00:00,2026-04-03 00:00:00+00:00,1,1,1,0,2026-04-05 20:00:00+08:00,2026-04-05 20:00:00+08:00,,1500.0,REJECTED,local_hour_count_1
data/interim/notebook02_sources/hourly_forecasts/01_19a_hko_ecmwf_single_run_hourly_forecasts.csv,source_target_date_decision_rule_issue_time,2026-04-06,6h_prior,,,2026-04-03 00:00:00+00:00,2026-04-03 00:00:00+00:00,1,1,1,0,2026-04-06 14:00:00+08:00,2026-04-06 14:00:00+08:00,,1500.0,REJECTED,local_hour_count_1
data/interim/notebook02_sources/hourly_forecasts/01_19a_hko_ecmwf_single_run_hourly_forecasts.csv,source_target_date_decision_rule_issue_time,2026-04-06,12h_prior,,,2026-04-03 00:00:00+00:00,2026-04-03 00:00:00+00:00,1,1,1,0,2026-04-06 20:00:00+08:00,2026-04-06 20:00:00+08:00,,1500.0,REJECTED,local_hour_count_1
data/interim/notebook02_sources/hourly_forecasts/01_19a_hko_ecmwf_single_run_hourly_forecasts.csv,source_target_date_decision_rule_issue_time,2026-04-07,6h_prior,,,2026-04-03 00:00:00+00:00,2026-04-03 00:00:00+00:00,1,1,1,0,2026-04-07 14:00:00+08:00,2026-04-07 14:00:00+08:00,,1500.0,REJECTED,local_hour_count_1
data/interim/notebook02_sources/hourly_forecasts/01_19a_hko_ecmwf_single_run_hourly_forecasts.csv,source_target_date_decision_rule_issue_time,2026-04-07,12h_prior,,,2026-04-03 00:00:00+00:00,2026-04-03 00:00:00+00:00,1,1,1,0,2026-04-07 20:00:00+08:00,2026-04-07 20:00:00+08:00,,1500.0,REJECTED,local_hour_count_1
data/interim/notebook02_sources/hourly_forecasts/01_19a_hko_ecmwf_single_run_hourly_forecasts.csv,source_target_date_decision_rule_issue_time,2026-04-08,6h_prior,,,2026-04-03 00:00:00+00:00,2026-04-03 00:00:00+00:00,1,1,1,0,2026-04-08 14:00:00+08:00,2026-04-08 14:00:00+08:00,,1500.0,REJECTED,local_hour_count_1
data/interim/notebook02_sources/hourly_forecasts/01_19a_hko_ecmwf_single_run_hourly_forecasts.csv,source_target_date_decision_rule_issue_time,2026-04-08,12h_prior,,,2026-04-03 00:00:00+00:00,2026-04-03 00:00:00+00:00,1,1,1,0,2026-04-08 20:00:00+08:00,2026-04-08 20:00:00+08:00,,1500.0,REJECTED,local_hour_count_1
data/interim/notebook02_sources/hourly_forecasts/01_19a_hko_ecmwf_single_run_hourly_forecasts.csv,source_target_date_decision_rule_issue_time,2026-04-09,6h_prior,,,2026-04-03 00:00:00+00:00,2026-04-03 00:00:00+00:00,1,1,1,0,2026-04-09 14:00:00+08:00,2026-04-09 14:00:00+08:00,,1500.0,REJECTED,local_hour_count_1
data/interim/notebook02_sources/hourly_forecasts/01_19a_hko_ecmwf_single_run_hourly_forecasts.csv,source_target_date_decision_rule_issue_time,2026-04-09,12h_prior,,,2026-04-03 00:00:00+00:00,2026-04-03 00:00:00+00:00,1,1,1,0,2026-04-09 20:00:00+08:00,2026-04-09 20:00:00+08:00,,1500.0,REJECTED,local_hour_count_1
data/interim/notebook02_sources/hourly_forecasts/01_19a_hko_ecmwf_single_run_hourly_forecasts.csv,source_target_date_decision_rule_issue_time,2026-04-10,6h_prior,,,2026-04-03 00:00:00+00:00,2026-04-03 00:00:00+00:00,1,1,1,0,2026-04-10 14:00:00+08:00,2026-04-10 14:00:00+08:00,,1500.0,REJECTED,local_hour_count_1
data/interim/notebook02_sources/hourly_forecasts/01_19a_hko_ecmwf_single_run_hourly_forecasts.csv,source_target_date_decision_rule_issue_time,2026-04-10,12h_prior,,,2026-04-03 00:00:00+00:00,2026-04-03 00:00:00+00:00,1,1,1,0,2026-04-10 20:00:00+08:00,2026-04-10 20:00:00+08:00,,1500.0,REJECTED,local_hour_count_1
data/interim/notebook02_sources/hourly_forecasts/01_19a_hko_ecmwf_single_run_hourly_forecasts.csv,source_target_date_decision_rule_issue_time,2026-04-11,6h_prior,,,2026-04-03 00:00:00+00:00,2026-04-03 00:00:00+00:00,1,1,1,0,2026-04-11 14:00:00+08:00,2026-04-11 14:00:00+08:00,,1500.0,REJECTED,local_hour_count_1
data/interim/notebook02_sources/hourly_forecasts/01_19a_hko_ecmwf_single_run_hourly_forecasts.csv,source_target_date_decision_rule_issue_time,2026-04-11,12h_prior,,,2026-04-03 00:00:00+00:00,2026-04-03 00:00:00+00:00,1,1,1,0,2026-04-11 20:00:00+08:00,2026-04-11 20:00:00+08:00,,1500.0,REJECTED,local_hour_count_1
data/interim/notebook02_sources/hourly_forecasts/01_19a_hko_ecmwf_single_run_hourly_forecasts.csv,source_target_date_decision_rule_issue_time,2026-04-12,6h_prior,,,2026-04-03 00:00:00+00:00,2026-04-03 00:00:00+00:00,1,1,1,0,2026-04-12 14:00:00+08:00,2026-04-12 14:00:00+08:00,,1500.0,REJECTED,local_hour_count_1
data/interim/notebook02_sources/hourly_forecasts/01_19a_hko_ecmwf_single_run_hourly_forecasts.csv,source_target_date_decision_rule_issue_time,2026-04-12,12h_prior,,,2026-04-03 00:00:00+00:00,2026-04-03 00:00:00+00:00,1,1,1,0,2026-04-12 20:00:00+08:00,2026-04-12 20:00:00+08:00,,1500.0,REJECTED,local_hour_count_1
data/interim/notebook02_sources/hourly_forecasts/01_19a_hko_ecmwf_single_run_hourly_forecasts.csv,source_target_date_decision_rule_issue_time,2026-04-13,6h_prior,,,2026-04-03 00:00:00+00:00,2026-04-03 00:00:00+00:00,1,1,1,0,2026-04-13 14:00:00+08:00,2026-04-13 14:00:00+08:00,,1500.0,REJECTED,local_hour_count_1
data/interim/notebook02_sources/hourly_forecasts/01_19a_hko_ecmwf_single_run_hourly_forecasts.csv,source_target_date_decision_rule_issue_time,2026-04-04,6h_prior,,,2026-04-03 06:00:00+00:00,2026-04-03 06:00:00+00:00,1,1,1,0,2026-04-04 14:00:00+08:00,2026-04-04 14:00:00+08:00,,1500.0,REJECTED,local_hour_count_1
data/interim/notebook02_sources/hourly_forecasts/01_19a_hko_ecmwf_single_run_hourly_forecasts.csv,source_target_date_decision_rule_issue_time,2026-04-04,12h_prior,,,2026-04-03 06:00:00+00:00,2026-04-03 06:00:00+00:00,1,1,1,0,2026-04-04 20:00:00+08:00,2026-04-04 20:00:00+08:00,,1500.0,REJECTED,local_hour_count_1
data/interim/notebook02_sources/hourly_forecasts/01_19a_hko_ecmwf_single_run_hourly_forecasts.csv,source_target_date_decision_rule_issue_time,2026-04-05,6h_prior,,,2026-04-03 06:00:00+00:00,2026-04-03 06:00:00+00:00,1,1,1,0,2026-04-05 14:00:00+08:00,2026-04-05 14:00:00+08:00,,1500.0,REJECTED,local_hour_count_1
data/interim/notebook02_sources/hourly_forecasts/01_19a_hko_ecmwf_single_run_hourly_forecasts.csv,source_target_date_decision_rule_issue_time,2026-04-05,12h_prior,,,2026-04-03 06:00:00+00:00,2026-04-03 06:00:00+00:00,1,1,1,0,2026-04-05 20:00:00+08:00,2026-04-05 20:00:00+08:00,,1500.0,REJECTED,local_hour_count_1
data/interim/notebook02_sources/hourly_forecasts/01_19a_hko_ecmwf_single_run_hourly_forecasts.csv,source_target_date_decision_rule_issue_time,2026-04-06,6h_prior,,,2026-04-03 06:00:00+00:00,2026-04-03 06:00:00+00:00,1,1,1,0,2026-04-06 14:00:00+08:00,2026-04-06 14:00:00+08:00,,1500.0,REJECTED,local_hour_count_1
data/interim/notebook02_sources/hourly_forecasts/01_19a_hko_ecmwf_single_run_hourly_forecasts.csv,source_target_date_decision_rule_issue_time,2026-04-06,12h_prior,,,2026-04-03 06:00:00+00:00,2026-04-03 06:00:00+00:00,1,1,1,0,2026-04-06 20:00:00+08:00,2026-04-06 20:00:00+08:00,,1500.0,REJECTED,local_hour_count_1
data/interim/notebook02_sources/hourly_forecasts/01_19a_hko_ecmwf_single_run_hourly_forecasts.csv,source_target_date_decision_rule_issue_time,2026-04-07,6h_prior,,,2026-04-03 06:00:00+00:00,2026-04-03 06:00:00+00:00,1,1,1,0,2026-04-07 14:00:00+08:00,2026-04-07 14:00:00+08:00,,1500.0,REJECTED,local_hour_count_1
data/interim/notebook02_sources/hourly_forecasts/01_19a_hko_ecmwf_single_run_hourly_forecasts.csv,source_target_date_decision_rule_issue_time,2026-04-07,12h_prior,,,2026-04-03 06:00:00+00:00,2026-04-03 06:00:00+00:00,1,1,1,0,2026-04-07 20:00:00+08:00,2026-04-07 20:00:00+08:00,,1500.0,REJECTED,local_hour_count_1
data/interim/notebook02_sources/hourly_forecasts/01_19a_hko_ecmwf_single_run_hourly_forecasts.csv,source_target_date_decision_rule_issue_time,2026-04-08,6h_prior,,,2026-04-03 06:00:00+00:00,2026-04-03 06:00:00+00:00,1,1,1,0,2026-04-08 14:00:00+08:00,2026-04-08 14:00:00+08:00,,1500.0,REJECTED,local_hour_count_1
data/interim/notebook02_sources/hourly_forecasts/01_19a_hko_ecmwf_single_run_hourly_forecasts.csv,source_target_date_decision_rule_issue_time,2026-04-08,12h_prior,,,2026-04-03 06:00:00+00:00,2026-04-03 06:00:00+00:00,1,1,1,0,2026-04-08 20:00:00+08:00,2026-04-08 20:00:00+08:00,,1500.0,REJECTED,local_hour_count_1
data/interim/notebook02_sources/hourly_forecasts/01_19a_hko_ecmwf_single_run_hourly_forecasts.csv,source_target_date_decision_rule_issue_time,2026-04-09,6h_prior,,,2026-04-03 06:00:00+00:00,2026-04-03 06:00:00+00:00,1,1,1,0,2026-04-09 14:00:00+08:00,2026-04-09 14:00:00+08:00,,1500.0,REJECTED,local_hour_count_1
data/interim/notebook02_sources/hourly_forecasts/01_19a_hko_ecmwf_single_run_hourly_forecasts.csv,source_target_date_decision_rule_issue_time,2026-04-09,12h_prior,,,2026-04-03 06:00:00+00:00,2026-04-03 06:00:00+00:00,1,1,1,0,2026-04-09 20:00:00+08:00,2026-04-09 20:00:00+08:00,,1500.0,REJECTED,local_hour_count_1
data/interim/notebook02_sources/hourly_forecasts/01_19a_hko_ecmwf_single_run_hourly_forecasts.csv,source_target_date_decision_rule_issue_time,2026-04-04,6h_prior,,,2026-04-03 18:00:00+00:00,2026-04-03 18:00:00+00:00,1,1,1,0,2026-04-04 14:00:00+08:00,2026-04-04 14:00:00+08:00,,1500.0,REJECTED,local_hour_count_1
data/interim/notebook02_sources/hourly_forecasts/01_19a_hko_ecmwf_single_run_hourly_forecasts.csv,source_target_date_decision_rule_issue_time,2026-04-04,12h_prior,,,2026-04-03 18:00:00+00:00,2026-04-03 18:00:00+00:00,1,1,1,0,2026-04-04 20:00:00+08:00,2026-04-04 20:00:00+08:00,,1500.0,REJECTED,local_hour_count_1
data/interim/notebook02_sources/hourly_forecasts/01_19a_hko_ecmwf_single_run_hourly_forecasts.csv,source_target_date_decision_rule_issue_time,2026-04-05,6h_prior,,,2026-04-03 18:00:00+00:00,2026-04-03 18:00:00+00:00,1,1,1,0,2026-04-05 14:00:00+08:00,2026-04-05 14:00:00+08:00,,1500.0,REJECTED,local_hour_count_1
data/interim/notebook02_sources/hourly_forecasts/01_19a_hko_ecmwf_single_run_hourly_forecasts.csv,source_target_date_decision_rule_issue_time,2026-04-05,12h_prior,,,2026-04-03 18:00:00+00:00,2026-04-03 18:00:00+00:00,1,1,1,0,2026-04-05 20:00:00+08:00,2026-04-05 20:00:00+08:00,,1500.0,REJECTED,local_hour_count_1
data/interim/notebook02_sources/hourly_forecasts/01_19a_hko_ecmwf_single_run_hourly_forecasts.csv,source_target_date_decision_rule_issue_time,2026-04-06,6h_prior,,,2026-04-03 18:00:00+00:00,2026-04-03 18:00:00+00:00,1,1,1,0,2026-04-06 14:00:00+08:00,2026-04-06 14:00:00+08:00,,1500.0,REJECTED,local_hour_count_1
data/interim/notebook02_sources/hourly_forecasts/01_19a_hko_ecmwf_single_run_hourly_forecasts.csv,source_target_date_decision_rule_issue_time,2026-04-06,12h_prior,,,2026-04-03 18:00:00+00:00,2026-04-03 18:00:00+00:00,1,1,1,0,2026-04-06 20:00:00+08:00,2026-04-06 20:00:00+08:00,,1500.0,REJECTED,local_hour_count_1
data/interim/notebook02_sources/hourly_forecasts/01_19a_hko_ecmwf_single_run_hourly_forecasts.csv,source_target_date_decision_rule_issue_time,2026-04-07,6h_prior,,,2026-04-03 18:00:00+00:00,2026-04-03 18:00:00+00:00,1,1,1,0,2026-04-07 14:00:00+08:00,2026-04-07 14:00:00+08:00,,1500.0,REJECTED,local_hour_count_1
data/interim/notebook02_sources/hourly_forecasts/01_19a_hko_ecmwf_single_run_hourly_forecasts.csv,source_target_date_decision_rule_issue_time,2026-04-07,12h_prior,,,2026-04-03 18:00:00+00:00,2026-04-03 18:00:00+00:00,1,1,1,0,2026-04-07 20:00:00+08:00,2026-04-07 20:00:00+08:00,,1500.0,REJECTED,local_hour_count_1
data/interim/notebook02_sources/hourly_forecasts/01_19a_hko_ecmwf_single_run_hourly_forecasts.csv,source_target_date_decision_rule_issue_time,2026-04-08,6h_prior,,,2026-04-03 18:00:00+00:00,2026-04-03 18:00:00+00:00,1,1,1,0,2026-04-08 14:00:00+08:00,2026-04-08 14:00:00+08:00,,1500.0,REJECTED,local_hour_count_1
data/interim/notebook02_sources/hourly_forecasts/01_19a_hko_ecmwf_single_run_hourly_forecasts.csv,source_target_date_decision_rule_issue_time,2026-04-08,12h_prior,,,2026-04-03 18:00:00+00:00,2026-04-03 18:00:00+00:00,1,1,1,0,2026-04-08 20:00:00+08:00,2026-04-08 20:00:00+08:00,,1500.0,REJECTED,local_hour_count_1
data/interim/notebook02_sources/hourly_forecasts/01_19a_hko_ecmwf_single_run_hourly_forecasts.csv,source_target_date_decision_rule_issue_time,2026-04-09,6h_prior,,,2026-04-03 18:00:00+00:00,2026-04-03 18:00:00+00:00,1,1,1,0,2026-04-09 14:00:00+08:00,2026-04-09 14:00:00+08:00,,1500.0,REJECTED,local_hour_count_1
data/interim/notebook02_sources/hourly_forecasts/01_19a_hko_ecmwf_single_run_hourly_forecasts.csv,source_target_date_decision_rule_issue_time,2026-04-09,12h_prior,,,2026-04-03 18:00:00+00:00,2026-04-03 18:00:00+00:00,1,1,1,0,2026-04-09 20:00:00+08:00,2026-04-09 20:00:00+08:00,,1500.0,REJECTED,local_hour_count_1
data/interim/notebook02_sources/hourly_forecasts/01_19a_hko_ecmwf_single_run_hourly_forecasts.csv,source_target_date_decision_rule_issue_time,2026-04-04,12h_prior,,,2026-04-04 00:00:00+00:00,2026-04-04 00:00:00+00:00,1,1,1,0,2026-04-04 20:00:00+08:00,2026-04-04 20:00:00+08:00,,1500.0,REJECTED,local_hour_count_1
data/interim/notebook02_sources/hourly_forecasts/01_19a_hko_ecmwf_single_run_hourly_forecasts.csv,source_target_date_decision_rule_issue_time,2026-04-05,6h_prior,,,2026-04-04 00:00:00+00:00,2026-04-04 00:00:00+00:00,1,1,1,0,2026-04-05 14:00:00+08:00,2026-04-05 14:00:00+08:00,,1500.0,REJECTED,local_hour_count_1
data/interim/notebook02_sources/hourly_forecasts/01_19a_hko_ecmwf_single_run_hourly_forecasts.csv,source_target_date_decision_rule_issue_time,2026-04-05,12h_prior,,,2026-04-04 00:00:00+00:00,2026-04-04 00:00:00+00:00,1,1,1,0,2026-04-05 20:00:00+08:00,2026-04-05 20:00:00+08:00,,1500.0,REJECTED,local_hour_count_1
data/interim/notebook02_sources/hourly_forecasts/01_19a_hko_ecmwf_single_run_hourly_forecasts.csv,source_target_date_decision_rule_issue_time,2026-04-06,6h_prior,,,2026-04-04 00:00:00+00:00,2026-04-04 00:00:00+00:00,1,1,1,0,2026-04-06 14:00:00+08:00,2026-04-06 14:00:00+08:00,,1500.0,REJECTED,local_hour_count_1
data/interim/notebook02_sources/hourly_forecasts/01_19a_hko_ecmwf_single_run_hourly_forecasts.csv,source_target_date_decision_rule_issue_time,2026-04-06,12h_prior,,,2026-04-04 00:00:00+00:00,2026-04-04 00:00:00+00:00,1,1,1,0,2026-04-06 20:00:00+08:00,2026-04-06 20:00:00+08:00,,1500.0,REJECTED,local_hour_count_1
data/interim/notebook02_sources/hourly_forecasts/01_19a_hko_ecmwf_single_run_hourly_forecasts.csv,source_target_date_decision_rule_issue_time,2026-04-07,6h_prior,,,2026-04-04 00:00:00+00:00,2026-04-04 00:00:00+00:00,1,1,1,0,2026-04-07 14:00:00+08:00,2026-04-07 14:00:00+08:00,,1500.0,REJECTED,local_hour_count_1
data/interim/notebook02_sources/hourly_forecasts/01_19a_hko_ecmwf_single_run_hourly_forecasts.csv,source_target_date_decision_rule_issue_time,2026-04-07,12h_prior,,,2026-04-04 00:00:00+00:00,2026-04-04 00:00:00+00:00,1,1,1,0,2026-04-07 20:00:00+08:00,2026-04-07 20:00:00+08:00,,1500.0,REJECTED,local_hour_count_1
data/interim/notebook02_sources/hourly_forecasts/01_19a_hko_ecmwf_single_run_hourly_forecasts.csv,source_target_date_decision_rule_issue_time,2026-04-08,6h_prior,,,2026-04-04 00:00:00+00:00,2026-04-04 00:00:00+00:00,1,1,1,0,2026-04-08 14:00:00+08:00,2026-04-08 14:00:00+08:00,,1500.0,REJECTED,local_hour_count_1
data/interim/notebook02_sources/hourly_forecasts/01_19a_hko_ecmwf_single_run_hourly_forecasts.csv,source_target_date_decision_rule_issue_time,2026-04-08,12h_prior,,,2026-04-04 00:00:00+00:00,2026-04-04 00:00:00+00:00,1,1,1,0,2026-04-08 20:00:00+08:00,2026-04-08 20:00:00+08:00,,1500.0,REJECTED,local_hour_count_1
data/interim/notebook02_sources/hourly_forecasts/01_19a_hko_ecmwf_single_run_hourly_forecasts.csv,source_target_date_decision_rule_issue_time,2026-04-09,6h_prior,,,2026-04-04 00:00:00+00:00,2026-04-04 00:00:00+00:00,1,1,1,0,2026-04-09 14:00:00+08:00,2026-04-09 14:00:00+08:00,,1500.0,REJECTED,local_hour_count_1
data/interim/notebook02_sources/hourly_forecasts/01_19a_hko_ecmwf_single_run_hourly_forecasts.csv,source_target_date_decision_rule_issue_time,2026-04-09,12h_prior,,,2026-04-04 00:00:00+00:00,2026-04-04 00:00:00+00:00,1,1,1,0,2026-04-09 20:00:00+08:00,2026-04-09 20:00:00+08:00,,1500.0,REJECTED,local_hour_count_1
data/interim/notebook02_sources/hourly_forecasts/01_19a_hko_ecmwf_single_run_hourly_forecasts.csv,source_target_date_decision_rule_issue_time,2026-04-10,6h_prior,,,2026-04-04 00:00:00+00:00,2026-04-04 00:00:00+00:00,1,1,1,0,2026-04-10 14:00:00+08:00,2026-04-10 14:00:00+08:00,,1500.0,REJECTED,local_hour_count_1
data/interim/notebook02_sources/hourly_forecasts/01_19a_hko_ecmwf_single_run_hourly_forecasts.csv,source_target_date_decision_rule_issue_time,2026-04-10,12h_prior,,,2026-04-04 00:00:00+00:00,2026-04-04 00:00:00+00:00,1,1,1,0,2026-04-10 20:00:00+08:00,2026-04-10 20:00:00+08:00,,1500.0,REJECTED,local_hour_count_1
data/interim/notebook02_sources/hourly_forecasts/01_19a_hko_ecmwf_single_run_hourly_forecasts.csv,source_target_date_decision_rule_issue_time,2026-04-11,6h_prior,,,2026-04-04 00:00:00+00:00,2026-04-04 00:00:00+00:00,1,1,1,0,2026-04-11 14:00:00+08:00,2026-04-11 14:00:00+08:00,,1500.0,REJECTED,local_hour_count_1
data/interim/notebook02_sources/hourly_forecasts/01_19a_hko_ecmwf_single_run_hourly_forecasts.csv,source_target_date_decision_rule_issue_time,2026-04-11,12h_prior,,,2026-04-04 00:00:00+00:00,2026-04-04 00:00:00+00:00,1,1,1,0,2026-04-11 20:00:00+08:00,2026-04-11 20:00:00+08:00,,1500.0,REJECTED,local_hour_count_1
data/interim/notebook02_sources/hourly_forecasts/01_19a_hko_ecmwf_single_run_hourly_forecasts.csv,source_target_date_decision_rule_issue_time,2026-04-12,6h_prior,,,2026-04-04 00:00:00+00:00,2026-04-04 00:00:00+00:00,1,1,1,0,2026-04-12 14:00:00+08:00,2026-04-12 14:00:00+08:00,,1500.0,REJECTED,local_hour_count_1
data/interim/notebook02_sources/hourly_forecasts/01_19a_hko_ecmwf_single_run_hourly_forecasts.csv,source_target_date_decision_rule_issue_time,2026-04-12,12h_prior,,,2026-04-04 00:00:00+00:00,2026-04-04 00:00:00+00:00,1,1,1,0,2026-04-12 20:00:00+08:00,2026-04-12 20:00:00+08:00,,1500.0,REJECTED,local_hour_count_1
data/interim/notebook02_sources/hourly_forecasts/01_19a_hko_ecmwf_single_run_hourly_forecasts.csv,source_target_date_decision_rule_issue_time,2026-04-13,6h_prior,,,2026-04-04 00:00:00+00:00,2026-04-04 00:00:00+00:00,1,1,1,0,2026-04-13 14:00:00+08:00,2026-04-13 14:00:00+08:00,,1500.0,REJECTED,local_hour_count_1
data/interim/notebook02_sources/hourly_forecasts/01_19a_hko_ecmwf_single_run_hourly_forecasts.csv,source_target_date_decision_rule_issue_time,2026-04-13,12h_prior,,,2026-04-04 00:00:00+00:00,2026-04-04 00:00:00+00:00,1,1,1,0,2026-04-13 20:00:00+08:00,2026-04-13 20:00:00+08:00,,1500.0,REJECTED,local_hour_count_1
data/interim/notebook02_sources/hourly_forecasts/01_19a_hko_ecmwf_single_run_hourly_forecasts.csv,source_target_date_decision_rule_issue_time,2026-04-14,6h_prior,,,2026-04-04 00:00:00+00:00,2026-04-04 00:00:00+00:00,1,1,1,0,2026-04-14 14:00:00+08:00,2026-04-14 14:00:00+08:00,,1500.0,REJECTED,local_hour_count_1
data/interim/notebook02_sources/hourly_forecasts/01_19a_hko_ecmwf_single_run_hourly_forecasts.csv,source_target_date_decision_rule_issue_time,2026-04-05,6h_prior,,,2026-04-04 06:00:00+00:00,2026-04-04 06:00:00+00:00,1,1,1,0,2026-04-05 14:00:00+08:00,2026-04-05 14:00:00+08:00,,1500.0,REJECTED,local_hour_count_1
data/interim/notebook02_sources/hourly_forecasts/01_19a_hko_ecmwf_single_run_hourly_forecasts.csv,source_target_date_decision_rule_issue_time,2026-04-05,12h_prior,,,2026-04-04 06:00:00+00:00,2026-04-04 06:00:00+00:00,1,1,1,0,2026-04-05 20:00:00+08:00,2026-04-05 20:00:00+08:00,,1500.0,REJECTED,local_hour_count_1
data/interim/notebook02_sources/hourly_forecasts/01_19a_hko_ecmwf_single_run_hourly_forecasts.csv,source_target_date_decision_rule_issue_time,2026-04-06,6h_prior,,,2026-04-04 06:00:00+00:00,2026-04-04 06:00:00+00:00,1,1,1,0,2026-04-06 14:00:00+08:00,2026-04-06 14:00:00+08:00,,1500.0,REJECTED,local_hour_count_1
data/interim/notebook02_sources/hourly_forecasts/01_19a_hko_ecmwf_single_run_hourly_forecasts.csv,source_target_date_decision_rule_issue_time,2026-04-06,12h_prior,,,2026-04-04 06:00:00+00:00,2026-04-04 06:00:00+00:00,1,1,1,0,2026-04-06 20:00:00+08:00,2026-04-06 20:00:00+08:00,,1500.0,REJECTED,local_hour_count_1
data/interim/notebook02_sources/hourly_forecasts/01_19a_hko_ecmwf_single_run_hourly_forecasts.csv,source_target_date_decision_rule_issue_time,2026-04-07,6h_prior,,,2026-04-04 06:00:00+00:00,2026-04-04 06:00:00+00:00,1,1,1,0,2026-04-07 14:00:00+08:00,2026-04-07 14:00:00+08:00,,1500.0,REJECTED,local_hour_count_1
data/interim/notebook02_sources/hourly_forecasts/01_19a_hko_ecmwf_single_run_hourly_forecasts.csv,source_target_date_decision_rule_issue_time,2026-04-07,12h_prior,,,2026-04-04 06:00:00+00:00,2026-04-04 06:00:00+00:00,1,1,1,0,2026-04-07 20:00:00+08:00,2026-04-07 20:00:00+08:00,,1500.0,REJECTED,local_hour_count_1
data/interim/notebook02_sources/hourly_forecasts/01_19a_hko_ecmwf_single_run_hourly_forecasts.csv,source_target_date_decision_rule_issue_time,2026-04-08,6h_prior,,,2026-04-04 06:00:00+00:00,2026-04-04 06:00:00+00:00,1,1,1,0,2026-04-08 14:00:00+08:00,2026-04-08 14:00:00+08:00,,1500.0,REJECTED,local_hour_count_1
data/interim/notebook02_sources/hourly_forecasts/01_19a_hko_ecmwf_single_run_hourly_forecasts.csv,source_target_date_decision_rule_issue_time,2026-04-08,12h_prior,,,2026-04-04 06:00:00+00:00,2026-04-04 06:00:00+00:00,1,1,1,0,2026-04-08 20:00:00+08:00,2026-04-08 20:00:00+08:00,,1500.0,REJECTED,local_hour_count_1
data/interim/notebook02_sources/hourly_forecasts/01_19a_hko_ecmwf_single_run_hourly_forecasts.csv,source_target_date_decision_rule_issue_time,2026-04-09,6h_prior,,,2026-04-04 06:00:00+00:00,2026-04-04 06:00:00+00:00,1,1,1,0,2026-04-09 14:00:00+08:00,2026-04-09 14:00:00+08:00,,1500.0,REJECTED,local_hour_count_1
data/interim/notebook02_sources/hourly_forecasts/01_19a_hko_ecmwf_single_run_hourly_forecasts.csv,source_target_date_decision_rule_issue_time,2026-04-09,12h_prior,,,2026-04-04 06:00:00+00:00,2026-04-04 06:00:00+00:00,1,1,1,0,2026-04-09 20:00:00+08:00,2026-04-09 20:00:00+08:00,,1500.0,REJECTED,local_hour_count_1
data/interim/notebook02_sources/hourly_forecasts/01_19a_hko_ecmwf_single_run_hourly_forecasts.csv,source_target_date_decision_rule_issue_time,2026-04-10,6h_prior,,,2026-04-04 06:00:00+00:00,2026-04-04 06:00:00+00:00,1,1,1,0,2026-04-10 14:00:00+08:00,2026-04-10 14:00:00+08:00,,1500.0,REJECTED,local_hour_count_1
data/interim/notebook02_sources/hourly_forecasts/01_19a_hko_ecmwf_single_run_hourly_forecasts.csv,source_target_date_decision_rule_issue_time,2026-04-10,12h_prior,,,2026-04-04 06:00:00+00:00,2026-04-04 06:00:00+00:00,1,1,1,0,2026-04-10 20:00:00+08:00,2026-04-10 20:00:00+08:00,,1500.0,REJECTED,local_hour_count_1
data/interim/notebook02_sources/hourly_forecasts/01_19a_hko_ecmwf_single_run_hourly_forecasts.csv,source_target_date_decision_rule_issue_time,2026-04-05,6h_prior,,,2026-04-04 18:00:00+00:00,2026-04-04 18:00:00+00:00,1,1,1,0,2026-04-05 14:00:00+08:00,2026-04-05 14:00:00+08:00,,1500.0,REJECTED,local_hour_count_1
data/interim/notebook02_sources/hourly_forecasts/01_19a_hko_ecmwf_single_run_hourly_forecasts.csv,source_target_date_decision_rule_issue_time,2026-04-05,12h_prior,,,2026-04-04 18:00:00+00:00,2026-04-04 18:00:00+00:00,1,1,1,0,2026-04-05 20:00:00+08:00,2026-04-05 20:00:00+08:00,,1500.0,REJECTED,local_hour_count_1
data/interim/notebook02_sources/hourly_forecasts/01_19a_hko_ecmwf_single_run_hourly_forecasts.csv,source_target_date_decision_rule_issue_time,2026-04-06,6h_prior,,,2026-04-04 18:00:00+00:00,2026-04-04 18:00:00+00:00,1,1,1,0,2026-04-06 14:00:00+08:00,2026-04-06 14:00:00+08:00,,1500.0,REJECTED,local_hour_count_1
data/interim/notebook02_sources/hourly_forecasts/01_19a_hko_ecmwf_single_run_hourly_forecasts.csv,source_target_date_decision_rule_issue_time,2026-04-06,12h_prior,,,2026-04-04 18:00:00+00:00,2026-04-04 18:00:00+00:00,1,1,1,0,2026-04-06 20:00:00+08:00,2026-04-06 20:00:00+08:00,,1500.0,REJECTED,local_hour_count_1
data/interim/notebook02_sources/hourly_forecasts/01_19a_hko_ecmwf_single_run_hourly_forecasts.csv,source_target_date_decision_rule_issue_time,2026-04-07,6h_prior,,,2026-04-04 18:00:00+00:00,2026-04-04 18:00:00+00:00,1,1,1,0,2026-04-07 14:00:00+08:00,2026-04-07 14:00:00+08:00,,1500.0,REJECTED,local_hour_count_1
data/interim/notebook02_sources/hourly_forecasts/01_19a_hko_ecmwf_single_run_hourly_forecasts.csv,source_target_date_decision_rule_issue_time,2026-04-07,12h_prior,,,2026-04-04 18:00:00+00:00,2026-04-04 18:00:00+00:00,1,1,1,0,2026-04-07 20:00:00+08:00,2026-04-07 20:00:00+08:00,,1500.0,REJECTED,local_hour_count_1
data/interim/notebook02_sources/hourly_forecasts/01_19a_hko_ecmwf_single_run_hourly_forecasts.csv,source_target_date_decision_rule_issue_time,2026-04-08,6h_prior,,,2026-04-04 18:00:00+00:00,2026-04-04 18:00:00+00:00,1,1,1,0,2026-04-08 14:00:00+08:00,2026-04-08 14:00:00+08:00,,1500.0,REJECTED,local_hour_count_1
data/interim/notebook02_sources/hourly_forecasts/01_19a_hko_ecmwf_single_run_hourly_forecasts.csv,source_target_date_decision_rule_issue_time,2026-04-08,12h_prior,,,2026-04-04 18:00:00+00:00,2026-04-04 18:00:00+00:00,1,1,1,0,2026-04-08 20:00:00+08:00,2026-04-08 20:00:00+08:00,,1500.0,REJECTED,local_hour_count_1
data/interim/notebook02_sources/hourly_forecasts/01_19a_hko_ecmwf_single_run_hourly_forecasts.csv,source_target_date_decision_rule_issue_time,2026-04-09,6h_prior,,,2026-04-04 18:00:00+00:00,2026-04-04 18:00:00+00:00,1,1,1,0,2026-04-09 14:00:00+08:00,2026-04-09 14:00:00+08:00,,1500.0,REJECTED,local_hour_count_1
data/interim/notebook02_sources/hourly_forecasts/01_19a_hko_ecmwf_single_run_hourly_forecasts.csv,source_target_date_decision_rule_issue_time,2026-04-09,12h_prior,,,2026-04-04 18:00:00+00:00,2026-04-04 18:00:00+00:00,1,1,1,0,2026-04-09 20:00:00+08:00,2026-04-09 20:00:00+08:00,,1500.0,REJECTED,local_hour_count_1
data/interim/notebook02_sources/hourly_forecasts/01_19a_hko_ecmwf_single_run_hourly_forecasts.csv,source_target_date_decision_rule_issue_time,2026-04-10,6h_prior,,,2026-04-04 18:00:00+00:00,2026-04-04 18:00:00+00:00,1,1,1,0,2026-04-10 14:00:00+08:00,2026-04-10 14:00:00+08:00,,1500.0,REJECTED,local_hour_count_1
data/interim/notebook02_sources/hourly_forecasts/01_19a_hko_ecmwf_single_run_hourly_forecasts.csv,source_target_date_decision_rule_issue_time,2026-04-10,12h_prior,,,2026-04-04 18:00:00+00:00,2026-04-04 18:00:00+00:00,1,1,1,0,2026-04-10 20:00:00+08:00,2026-04-10 20:00:00+08:00,,1500.0,REJECTED,local_hour_count_1
data/interim/notebook02_sources/hourly_forecasts/01_19a_hko_ecmwf_single_run_hourly_forecasts.csv,source_target_date_decision_rule_issue_time,2026-04-05,12h_prior,,,2026-04-05 00:00:00+00:00,2026-04-05 00:00:00+00:00,1,1,1,0,2026-04-05 20:00:00+08:00,2026-04-05 20:00:00+08:00,,1500.0,REJECTED,local_hour_count_1
data/interim/notebook02_sources/hourly_forecasts/01_19a_hko_ecmwf_single_run_hourly_forecasts.csv,source_target_date_decision_rule_issue_time,2026-04-06,6h_prior,,,2026-04-05 00:00:00+00:00,2026-04-05 00:00:00+00:00,1,1,1,0,2026-04-06 14:00:00+08:00,2026-04-06 14:00:00+08:00,,1500.0,REJECTED,local_hour_count_1
data/interim/notebook02_sources/hourly_forecasts/01_19a_hko_ecmwf_single_run_hourly_forecasts.csv,source_target_date_decision_rule_issue_time,2026-04-06,12h_prior,,,2026-04-05 00:00:00+00:00,2026-04-05 00:00:00+00:00,1,1,1,0,2026-04-06 20:00:00+08:00,2026-04-06 20:00:00+08:00,,1500.0,REJECTED,local_hour_count_1
data/interim/notebook02_sources/hourly_forecasts/01_19a_hko_ecmwf_single_run_hourly_forecasts.csv,source_target_date_decision_rule_issue_time,2026-04-07,6h_prior,,,2026-04-05 00:00:00+00:00,2026-04-05 00:00:00+00:00,1,1,1,0,2026-04-07 14:00:00+08:00,2026-04-07 14:00:00+08:00,,1500.0,REJECTED,local_hour_count_1
data/interim/notebook02_sources/hourly_forecasts/01_19a_hko_ecmwf_single_run_hourly_forecasts.csv,source_target_date_decision_rule_issue_time,2026-04-07,12h_prior,,,2026-04-05 00:00:00+00:00,2026-04-05 00:00:00+00:00,1,1,1,0,2026-04-07 20:00:00+08:00,2026-04-07 20:00:00+08:00,,1500.0,REJECTED,local_hour_count_1
data/interim/notebook02_sources/hourly_forecasts/01_19a_hko_ecmwf_single_run_hourly_forecasts.csv,source_target_date_decision_rule_issue_time,2026-04-08,6h_prior,,,2026-04-05 00:00:00+00:00,2026-04-05 00:00:00+00:00,1,1,1,0,2026-04-08 14:00:00+08:00,2026-04-08 14:00:00+08:00,,1500.0,REJECTED,local_hour_count_1
data/interim/notebook02_sources/hourly_forecasts/01_19a_hko_ecmwf_single_run_hourly_forecasts.csv,source_target_date_decision_rule_issue_time,2026-04-08,12h_prior,,,2026-04-05 00:00:00+00:00,2026-04-05 00:00:00+00:00,1,1,1,0,2026-04-08 20:00:00+08:00,2026-04-08 20:00:00+08:00,,1500.0,REJECTED,local_hour_count_1
data/interim/notebook02_sources/hourly_forecasts/01_19a_hko_ecmwf_single_run_hourly_forecasts.csv,source_target_date_decision_rule_issue_time,2026-04-09,6h_prior,,,2026-04-05 00:00:00+00:00,2026-04-05 00:00:00+00:00,1,1,1,0,2026-04-09 14:00:00+08:00,2026-04-09 14:00:00+08:00,,1500.0,REJECTED,local_hour_count_1
data/interim/notebook02_sources/hourly_forecasts/01_19a_hko_ecmwf_single_run_hourly_forecasts.csv,source_target_date_decision_rule_issue_time,2026-04-09,12h_prior,,,2026-04-05 00:00:00+00:00,2026-04-05 00:00:00+00:00,1,1,1,0,2026-04-09 20:00:00+08:00,2026-04-09 20:00:00+08:00,,1500.0,REJECTED,local_hour_count_1
data/interim/notebook02_sources/hourly_forecasts/01_19a_hko_ecmwf_single_run_hourly_forecasts.csv,source_target_date_decision_rule_issue_time,2026-04-10,6h_prior,,,2026-04-05 00:00:00+00:00,2026-04-05 00:00:00+00:00,1,1,1,0,2026-04-10 14:00:00+08:00,2026-04-10 14:00:00+08:00,,1500.0,REJECTED,local_hour_count_1
data/interim/notebook02_sources/hourly_forecasts/01_19a_hko_ecmwf_single_run_hourly_forecasts.csv,source_target_date_decision_rule_issue_time,2026-04-10,12h_prior,,,2026-04-05 00:00:00+00:00,2026-04-05 00:00:00+00:00,1,1,1,0,2026-04-10 20:00:00+08:00,2026-04-10 20:00:00+08:00,,1500.0,REJECTED,local_hour_count_1
data/interim/notebook02_sources/hourly_forecasts/01_19a_hko_ecmwf_single_run_hourly_forecasts.csv,source_target_date_decision_rule_issue_time,2026-04-11,6h_prior,,,2026-04-05 00:00:00+00:00,2026-04-05 00:00:00+00:00,1,1,1,0,2026-04-11 14:00:00+08:00,2026-04-11 14:00:00+08:00,,1500.0,REJECTED,local_hour_count_1
data/interim/notebook02_sources/hourly_forecasts/01_19a_hko_ecmwf_single_run_hourly_forecasts.csv,source_target_date_decision_rule_issue_time,2026-04-11,12h_prior,,,2026-04-05 00:00:00+00:00,2026-04-05 00:00:00+00:00,1,1,1,0,2026-04-11 20:00:00+08:00,2026-04-11 20:00:00+08:00,,1500.0,REJECTED,local_hour_count_1
data/interim/notebook02_sources/hourly_forecasts/01_19a_hko_ecmwf_single_run_hourly_forecasts.csv,source_target_date_decision_rule_issue_time,2026-04-12,6h_prior,,,2026-04-05 00:00:00+00:00,2026-04-05 00:00:00+00:00,1,1,1,0,2026-04-12 14:00:00+08:00,2026-04-12 14:00:00+08:00,,1500.0,REJECTED,local_hour_count_1
data/interim/notebook02_sources/hourly_forecasts/01_19a_hko_ecmwf_single_run_hourly_forecasts.csv,source_target_date_decision_rule_issue_time,2026-04-12,12h_prior,,,2026-04-05 00:00:00+00:00,2026-04-05 00:00:00+00:00,1,1,1,0,2026-04-12 20:00:00+08:00,2026-04-12 20:00:00+08:00,,1500.0,REJECTED,local_hour_count_1
data/interim/notebook02_sources/hourly_forecasts/01_19a_hko_ecmwf_single_run_hourly_forecasts.csv,source_target_date_decision_rule_issue_time,2026-04-13,6h_prior,,,2026-04-05 00:00:00+00:00,2026-04-05 00:00:00+00:00,1,1,1,0,2026-04-13 14:00:00+08:00,2026-04-13 14:00:00+08:00,,1500.0,REJECTED,local_hour_count_1
data/interim/notebook02_sources/hourly_forecasts/01_19a_hko_ecmwf_single_run_hourly_forecasts.csv,source_target_date_decision_rule_issue_time,2026-04-13,12h_prior,,,2026-04-05 00:00:00+00:00,2026-04-05 00:00:00+00:00,1,1,1,0,2026-04-13 20:00:00+08:00,2026-04-13 20:00:00+08:00,,1500.0,REJECTED,local_hour_count_1
data/interim/notebook02_sources/hourly_forecasts/01_19a_hko_ecmwf_single_run_hourly_forecasts.csv,source_target_date_decision_rule_issue_time,2026-04-14,6h_prior,,,2026-04-05 00:00:00+00:00,2026-04-05 00:00:00+00:00,1,1,1,0,2026-04-14 14:00:00+08:00,2026-04-14 14:00:00+08:00,,1500.0,REJECTED,local_hour_count_1
data/interim/notebook02_sources/hourly_forecasts/01_19a_hko_ecmwf_single_run_hourly_forecasts.csv,source_target_date_decision_rule_issue_time,2026-04-14,12h_prior,,,2026-04-05 00:00:00+00:00,2026-04-05 00:00:00+00:00,1,1,1,0,2026-04-14 20:00:00+08:00,2026-04-14 20:00:00+08:00,,1500.0,REJECTED,local_hour_count_1
data/interim/notebook02_sources/hourly_forecasts/01_19a_hko_ecmwf_single_run_hourly_forecasts.csv,source_target_date_decision_rule_issue_time,2026-04-15,6h_prior,,,2026-04-05 00:00:00+00:00,2026-04-05 00:00:00+00:00,1,1,1,0,2026-04-15 14:00:00+08:00,2026-04-15 14:00:00+08:00,,1500.0,REJECTED,local_hour_count_1
data/interim/notebook02_sources/hourly_forecasts/01_19a_hko_ecmwf_single_run_hourly_forecasts.csv,source_target_date_decision_rule_issue_time,2026-04-06,6h_prior,,,2026-04-05 06:00:00+00:00,2026-04-05 06:00:00+00:00,1,1,1,0,2026-04-06 14:00:00+08:00,2026-04-06 14:00:00+08:00,,1500.0,REJECTED,local_hour_count_1
data/interim/notebook02_sources/hourly_forecasts/01_19a_hko_ecmwf_single_run_hourly_forecasts.csv,source_target_date_decision_rule_issue_time,2026-04-06,12h_prior,,,2026-04-05 06:00:00+00:00,2026-04-05 06:00:00+00:00,1,1,1,0,2026-04-06 20:00:00+08:00,2026-04-06 20:00:00+08:00,,1500.0,REJECTED,local_hour_count_1
data/interim/notebook02_sources/hourly_forecasts/01_19a_hko_ecmwf_single_run_hourly_forecasts.csv,source_target_date_decision_rule_issue_time,2026-04-07,6h_prior,,,2026-04-05 06:00:00+00:00,2026-04-05 06:00:00+00:00,1,1,1,0,2026-04-07 14:00:00+08:00,2026-04-07 14:00:00+08:00,,1500.0,REJECTED,local_hour_count_1
data/interim/notebook02_sources/hourly_forecasts/01_19a_hko_ecmwf_single_run_hourly_forecasts.csv,source_target_date_decision_rule_issue_time,2026-04-07,12h_prior,,,2026-04-05 06:00:00+00:00,2026-04-05 06:00:00+00:00,1,1,1,0,2026-04-07 20:00:00+08:00,2026-04-07 20:00:00+08:00,,1500.0,REJECTED,local_hour_count_1
data/interim/notebook02_sources/hourly_forecasts/01_19a_hko_ecmwf_single_run_hourly_forecasts.csv,source_target_date_decision_rule_issue_time,2026-04-08,6h_prior,,,2026-04-05 06:00:00+00:00,2026-04-05 06:00:00+00:00,1,1,1,0,2026-04-08 14:00:00+08:00,2026-04-08 14:00:00+08:00,,1500.0,REJECTED,local_hour_count_1
data/interim/notebook02_sources/hourly_forecasts/01_19a_hko_ecmwf_single_run_hourly_forecasts.csv,source_target_date_decision_rule_issue_time,2026-04-08,12h_prior,,,2026-04-05 06:00:00+00:00,2026-04-05 06:00:00+00:00,1,1,1,0,2026-04-08 20:00:00+08:00,2026-04-08 20:00:00+08:00,,1500.0,REJECTED,local_hour_count_1
data/interim/notebook02_sources/hourly_forecasts/01_19a_hko_ecmwf_single_run_hourly_forecasts.csv,source_target_date_decision_rule_issue_time,2026-04-09,6h_prior,,,2026-04-05 06:00:00+00:00,2026-04-05 06:00:00+00:00,1,1,1,0,2026-04-09 14:00:00+08:00,2026-04-09 14:00:00+08:00,,1500.0,REJECTED,local_hour_count_1
data/interim/notebook02_sources/hourly_forecasts/01_19a_hko_ecmwf_single_run_hourly_forecasts.csv,source_target_date_decision_rule_issue_time,2026-04-09,12h_prior,,,2026-04-05 06:00:00+00:00,2026-04-05 06:00:00+00:00,1,1,1,0,2026-04-09 20:00:00+08:00,2026-04-09 20:00:00+08:00,,1500.0,REJECTED,local_hour_count_1
data/interim/notebook02_sources/hourly_forecasts/01_19a_hko_ecmwf_single_run_hourly_forecasts.csv,source_target_date_decision_rule_issue_time,2026-04-10,6h_prior,,,2026-04-05 06:00:00+00:00,2026-04-05 06:00:00+00:00,1,1,1,0,2026-04-10 14:00:00+08:00,2026-04-10 14:00:00+08:00,,1500.0,REJECTED,local_hour_count_1
data/interim/notebook02_sources/hourly_forecasts/01_19a_hko_ecmwf_single_run_hourly_forecasts.csv,source_target_date_decision_rule_issue_time,2026-04-10,12h_prior,,,2026-04-05 06:00:00+00:00,2026-04-05 06:00:00+00:00,1,1,1,0,2026-04-10 20:00:00+08:00,2026-04-10 20:00:00+08:00,,1500.0,REJECTED,local_hour_count_1
data/interim/notebook02_sources/hourly_forecasts/01_19a_hko_ecmwf_single_run_hourly_forecasts.csv,source_target_date_decision_rule_issue_time,2026-04-11,6h_prior,,,2026-04-05 06:00:00+00:00,2026-04-05 06:00:00+00:00,1,1,1,0,2026-04-11 14:00:00+08:00,2026-04-11 14:00:00+08:00,,1500.0,REJECTED,local_hour_count_1
data/interim/notebook02_sources/hourly_forecasts/01_19a_hko_ecmwf_single_run_hourly_forecasts.csv,source_target_date_decision_rule_issue_time,2026-04-11,12h_prior,,,2026-04-05 06:00:00+00:00,2026-04-05 06:00:00+00:00,1,1,1,0,2026-04-11 20:00:00+08:00,2026-04-11 20:00:00+08:00,,1500.0,REJECTED,local_hour_count_1
data/interim/notebook02_sources/hourly_forecasts/01_19a_hko_ecmwf_single_run_hourly_forecasts.csv,source_target_date_decision_rule_issue_time,2026-04-06,6h_prior,,,2026-04-05 18:00:00+00:00,2026-04-05 18:00:00+00:00,1,1,1,0,2026-04-06 14:00:00+08:00,2026-04-06 14:00:00+08:00,,1500.0,REJECTED,local_hour_count_1
data/interim/notebook02_sources/hourly_forecasts/01_19a_hko_ecmwf_single_run_hourly_forecasts.csv,source_target_date_decision_rule_issue_time,2026-04-06,12h_prior,,,2026-04-05 18:00:00+00:00,2026-04-05 18:00:00+00:00,1,1,1,0,2026-04-06 20:00:00+08:00,2026-04-06 20:00:00+08:00,,1500.0,REJECTED,local_hour_count_1
data/interim/notebook02_sources/hourly_forecasts/01_19a_hko_ecmwf_single_run_hourly_forecasts.csv,source_target_date_decision_rule_issue_time,2026-04-07,6h_prior,,,2026-04-05 18:00:00+00:00,2026-04-05 18:00:00+00:00,1,1,1,0,2026-04-07 14:00:00+08:00,2026-04-07 14:00:00+08:00,,1500.0,REJECTED,local_hour_count_1
data/interim/notebook02_sources/hourly_forecasts/01_19a_hko_ecmwf_single_run_hourly_forecasts.csv,source_target_date_decision_rule_issue_time,2026-04-07,12h_prior,,,2026-04-05 18:00:00+00:00,2026-04-05 18:00:00+00:00,1,1,1,0,2026-04-07 20:00:00+08:00,2026-04-07 20:00:00+08:00,,1500.0,REJECTED,local_hour_count_1
data/interim/notebook02_sources/hourly_forecasts/01_19a_hko_ecmwf_single_run_hourly_forecasts.csv,source_target_date_decision_rule_issue_time,2026-04-08,6h_prior,,,2026-04-05 18:00:00+00:00,2026-04-05 18:00:00+00:00,1,1,1,0,2026-04-08 14:00:00+08:00,2026-04-08 14:00:00+08:00,,1500.0,REJECTED,local_hour_count_1
data/interim/notebook02_sources/hourly_forecasts/01_19a_hko_ecmwf_single_run_hourly_forecasts.csv,source_target_date_decision_rule_issue_time,2026-04-08,12h_prior,,,2026-04-05 18:00:00+00:00,2026-04-05 18:00:00+00:00,1,1,1,0,2026-04-08 20:00:00+08:00,2026-04-08 20:00:00+08:00,,1500.0,REJECTED,local_hour_count_1
data/interim/notebook02_sources/hourly_forecasts/01_19a_hko_ecmwf_single_run_hourly_forecasts.csv,source_target_date_decision_rule_issue_time,2026-04-09,6h_prior,,,2026-04-05 18:00:00+00:00,2026-04-05 18:00:00+00:00,1,1,1,0,2026-04-09 14:00:00+08:00,2026-04-09 14:00:00+08:00,,1500.0,REJECTED,local_hour_count_1
data/interim/notebook02_sources/hourly_forecasts/01_19a_hko_ecmwf_single_run_hourly_forecasts.csv,source_target_date_decision_rule_issue_time,2026-04-09,12h_prior,,,2026-04-05 18:00:00+00:00,2026-04-05 18:00:00+00:00,1,1,1,0,2026-04-09 20:00:00+08:00,2026-04-09 20:00:00+08:00,,1500.0,REJECTED,local_hour_count_1
data/interim/notebook02_sources/hourly_forecasts/01_19a_hko_ecmwf_single_run_hourly_forecasts.csv,source_target_date_decision_rule_issue_time,2026-04-10,6h_prior,,,2026-04-05 18:00:00+00:00,2026-04-05 18:00:00+00:00,1,1,1,0,2026-04-10 14:00:00+08:00,2026-04-10 14:00:00+08:00,,1500.0,REJECTED,local_hour_count_1
data/interim/notebook02_sources/hourly_forecasts/01_19a_hko_ecmwf_single_run_hourly_forecasts.csv,source_target_date_decision_rule_issue_time,2026-04-10,12h_prior,,,2026-04-05 18:00:00+00:00,2026-04-05 18:00:00+00:00,1,1,1,0,2026-04-10 20:00:00+08:00,2026-04-10 20:00:00+08:00,,1500.0,REJECTED,local_hour_count_1
data/interim/notebook02_sources/hourly_forecasts/01_19a_hko_ecmwf_single_run_hourly_forecasts.csv,source_target_date_decision_rule_issue_time,2026-04-11,6h_prior,,,2026-04-05 18:00:00+00:00,2026-04-05 18:00:00+00:00,1,1,1,0,2026-04-11 14:00:00+08:00,2026-04-11 14:00:00+08:00,,1500.0,REJECTED,local_hour_count_1
data/interim/notebook02_sources/hourly_forecasts/01_19a_hko_ecmwf_single_run_hourly_forecasts.csv,source_target_date_decision_rule_issue_time,2026-04-11,12h_prior,,,2026-04-05 18:00:00+00:00,2026-04-05 18:00:00+00:00,1,1,1,0,2026-04-11 20:00:00+08:00,2026-04-11 20:00:00+08:00,,1500.0,REJECTED,local_hour_count_1
data/interim/notebook02_sources/hourly_forecasts/01_19a_hko_ecmwf_single_run_hourly_forecasts.csv,source_target_date_decision_rule_issue_time,2026-04-06,12h_prior,,,2026-04-06 00:00:00+00:00,2026-04-06 00:00:00+00:00,1,1,1,0,2026-04-06 20:00:00+08:00,2026-04-06 20:00:00+08:00,,1500.0,REJECTED,local_hour_count_1
data/interim/notebook02_sources/hourly_forecasts/01_19a_hko_ecmwf_single_run_hourly_forecasts.csv,source_target_date_decision_rule_issue_time,2026-04-07,6h_prior,,,2026-04-06 00:00:00+00:00,2026-04-06 00:00:00+00:00,1,1,1,0,2026-04-07 14:00:00+08:00,2026-04-07 14:00:00+08:00,,1500.0,REJECTED,local_hour_count_1
data/interim/notebook02_sources/hourly_forecasts/01_19a_hko_ecmwf_single_run_hourly_forecasts.csv,source_target_date_decision_rule_issue_time,2026-04-07,12h_prior,,,2026-04-06 00:00:00+00:00,2026-04-06 00:00:00+00:00,1,1,1,0,2026-04-07 20:00:00+08:00,2026-04-07 20:00:00+08:00,,1500.0,REJECTED,local_hour_count_1
data/interim/notebook02_sources/hourly_forecasts/01_19a_hko_ecmwf_single_run_hourly_forecasts.csv,source_target_date_decision_rule_issue_time,2026-04-08,6h_prior,,,2026-04-06 00:00:00+00:00,2026-04-06 00:00:00+00:00,1,1,1,0,2026-04-08 14:00:00+08:00,2026-04-08 14:00:00+08:00,,1500.0,REJECTED,local_hour_count_1
data/interim/notebook02_sources/hourly_forecasts/01_19a_hko_ecmwf_single_run_hourly_forecasts.csv,source_target_date_decision_rule_issue_time,2026-04-08,12h_prior,,,2026-04-06 00:00:00+00:00,2026-04-06 00:00:00+00:00,1,1,1,0,2026-04-08 20:00:00+08:00,2026-04-08 20:00:00+08:00,,1500.0,REJECTED,local_hour_count_1
data/interim/notebook02_sources/hourly_forecasts/01_19a_hko_ecmwf_single_run_hourly_forecasts.csv,source_target_date_decision_rule_issue_time,2026-04-09,6h_prior,,,2026-04-06 00:00:00+00:00,2026-04-06 00:00:00+00:00,1,1,1,0,2026-04-09 14:00:00+08:00,2026-04-09 14:00:00+08:00,,1500.0,REJECTED,local_hour_count_1
data/interim/notebook02_sources/hourly_forecasts/01_19a_hko_ecmwf_single_run_hourly_forecasts.csv,source_target_date_decision_rule_issue_time,2026-04-09,12h_prior,,,2026-04-06 00:00:00+00:00,2026-04-06 00:00:00+00:00,1,1,1,0,2026-04-09 20:00:00+08:00,2026-04-09 20:00:00+08:00,,1500.0,REJECTED,local_hour_count_1
data/interim/notebook02_sources/hourly_forecasts/01_19a_hko_ecmwf_single_run_hourly_forecasts.csv,source_target_date_decision_rule_issue_time,2026-04-10,6h_prior,,,2026-04-06 00:00:00+00:00,2026-04-06 00:00:00+00:00,1,1,1,0,2026-04-10 14:00:00+08:00,2026-04-10 14:00:00+08:00,,1500.0,REJECTED,local_hour_count_1
data/interim/notebook02_sources/hourly_forecasts/01_19a_hko_ecmwf_single_run_hourly_forecasts.csv,source_target_date_decision_rule_issue_time,2026-04-10,12h_prior,,,2026-04-06 00:00:00+00:00,2026-04-06 00:00:00+00:00,1,1,1,0,2026-04-10 20:00:00+08:00,2026-04-10 20:00:00+08:00,,1500.0,REJECTED,local_hour_count_1
data/interim/notebook02_sources/hourly_forecasts/01_19a_hko_ecmwf_single_run_hourly_forecasts.csv,source_target_date_decision_rule_issue_time,2026-04-11,6h_prior,,,2026-04-06 00:00:00+00:00,2026-04-06 00:00:00+00:00,1,1,1,0,2026-04-11 14:00:00+08:00,2026-04-11 14:00:00+08:00,,1500.0,REJECTED,local_hour_count_1
data/interim/notebook02_sources/hourly_forecasts/01_19a_hko_ecmwf_single_run_hourly_forecasts.csv,source_target_date_decision_rule_issue_time,2026-04-11,12h_prior,,,2026-04-06 00:00:00+00:00,2026-04-06 00:00:00+00:00,1,1,1,0,2026-04-11 20:00:00+08:00,2026-04-11 20:00:00+08:00,,1500.0,REJECTED,local_hour_count_1
data/interim/notebook02_sources/hourly_forecasts/01_19a_hko_ecmwf_single_run_hourly_forecasts.csv,source_target_date_decision_rule_issue_time,2026-04-12,6h_prior,,,2026-04-06 00:00:00+00:00,2026-04-06 00:00:00+00:00,1,1,1,0,2026-04-12 14:00:00+08:00,2026-04-12 14:00:00+08:00,,1500.0,REJECTED,local_hour_count_1
data/interim/notebook02_sources/hourly_forecasts/01_19a_hko_ecmwf_single_run_hourly_forecasts.csv,source_target_date_decision_rule_issue_time,2026-04-12,12h_prior,,,2026-04-06 00:00:00+00:00,2026-04-06 00:00:00+00:00,1,1,1,0,2026-04-12 20:00:00+08:00,2026-04-12 20:00:00+08:00,,1500.0,REJECTED,local_hour_count_1
data/interim/notebook02_sources/hourly_forecasts/01_19a_hko_ecmwf_single_run_hourly_forecasts.csv,source_target_date_decision_rule_issue_time,2026-04-13,6h_prior,,,2026-04-06 00:00:00+00:00,2026-04-06 00:00:00+00:00,1,1,1,0,2026-04-13 14:00:00+08:00,2026-04-13 14:00:00+08:00,,1500.0,REJECTED,local_hour_count_1
data/interim/notebook02_sources/hourly_forecasts/01_19a_hko_ecmwf_single_run_hourly_forecasts.csv,source_target_date_decision_rule_issue_time,2026-04-13,12h_prior,,,2026-04-06 00:00:00+00:00,2026-04-06 00:00:00+00:00,1,1,1,0,2026-04-13 20:00:00+08:00,2026-04-13 20:00:00+08:00,,1500.0,REJECTED,local_hour_count_1
data/interim/notebook02_sources/hourly_forecasts/01_19a_hko_ecmwf_single_run_hourly_forecasts.csv,source_target_date_decision_rule_issue_time,2026-04-14,6h_prior,,,2026-04-06 00:00:00+00:00,2026-04-06 00:00:00+00:00,1,1,1,0,2026-04-14 14:00:00+08:00,2026-04-14 14:00:00+08:00,,1500.0,REJECTED,local_hour_count_1
data/interim/notebook02_sources/hourly_forecasts/01_19a_hko_ecmwf_single_run_hourly_forecasts.csv,source_target_date_decision_rule_issue_time,2026-04-14,12h_prior,,,2026-04-06 00:00:00+00:00,2026-04-06 00:00:00+00:00,1,1,1,0,2026-04-14 20:00:00+08:00,2026-04-14 20:00:00+08:00,,1500.0,REJECTED,local_hour_count_1
data/interim/notebook02_sources/hourly_forecasts/01_19a_hko_ecmwf_single_run_hourly_forecasts.csv,source_target_date_decision_rule_issue_time,2026-04-15,6h_prior,,,2026-04-06 00:00:00+00:00,2026-04-06 00:00:00+00:00,1,1,1,0,2026-04-15 14:00:00+08:00,2026-04-15 14:00:00+08:00,,1500.0,REJECTED,local_hour_count_1
data/interim/notebook02_sources/hourly_forecasts/01_19a_hko_ecmwf_single_run_hourly_forecasts.csv,source_target_date_decision_rule_issue_time,2026-04-15,12h_prior,,,2026-04-06 00:00:00+00:00,2026-04-06 00:00:00+00:00,1,1,1,0,2026-04-15 20:00:00+08:00,2026-04-15 20:00:00+08:00,,1500.0,REJECTED,local_hour_count_1
data/interim/notebook02_sources/hourly_forecasts/01_19a_hko_ecmwf_single_run_hourly_forecasts.csv,source_target_date_decision_rule_issue_time,2026-04-16,6h_prior,,,2026-04-06 00:00:00+00:00,2026-04-06 00:00:00+00:00,1,1,1,0,2026-04-16 14:00:00+08:00,2026-04-16 14:00:00+08:00,,1500.0,REJECTED,local_hour_count_1
data/interim/notebook02_sources/hourly_forecasts/01_19a_hko_ecmwf_single_run_hourly_forecasts.csv,source_target_date_decision_rule_issue_time,2026-04-07,6h_prior,,,2026-04-06 06:00:00+00:00,2026-04-06 06:00:00+00:00,1,1,1,0,2026-04-07 14:00:00+08:00,2026-04-07 14:00:00+08:00,,1500.0,REJECTED,local_hour_count_1
data/interim/notebook02_sources/hourly_forecasts/01_19a_hko_ecmwf_single_run_hourly_forecasts.csv,source_target_date_decision_rule_issue_time,2026-04-07,12h_prior,,,2026-04-06 06:00:00+00:00,2026-04-06 06:00:00+00:00,1,1,1,0,2026-04-07 20:00:00+08:00,2026-04-07 20:00:00+08:00,,1500.0,REJECTED,local_hour_count_1
data/interim/notebook02_sources/hourly_forecasts/01_19a_hko_ecmwf_single_run_hourly_forecasts.csv,source_target_date_decision_rule_issue_time,2026-04-08,6h_prior,,,2026-04-06 06:00:00+00:00,2026-04-06 06:00:00+00:00,1,1,1,0,2026-04-08 14:00:00+08:00,2026-04-08 14:00:00+08:00,,1500.0,REJECTED,local_hour_count_1
data/interim/notebook02_sources/hourly_forecasts/01_19a_hko_ecmwf_single_run_hourly_forecasts.csv,source_target_date_decision_rule_issue_time,2026-04-08,12h_prior,,,2026-04-06 06:00:00+00:00,2026-04-06 06:00:00+00:00,1,1,1,0,2026-04-08 20:00:00+08:00,2026-04-08 20:00:00+08:00,,1500.0,REJECTED,local_hour_count_1
data/interim/notebook02_sources/hourly_forecasts/01_19a_hko_ecmwf_single_run_hourly_forecasts.csv,source_target_date_decision_rule_issue_time,2026-04-09,6h_prior,,,2026-04-06 06:00:00+00:00,2026-04-06 06:00:00+00:00,1,1,1,0,2026-04-09 14:00:00+08:00,2026-04-09 14:00:00+08:00,,1500.0,REJECTED,local_hour_count_1
data/interim/notebook02_sources/hourly_forecasts/01_19a_hko_ecmwf_single_run_hourly_forecasts.csv,source_target_date_decision_rule_issue_time,2026-04-09,12h_prior,,,2026-04-06 06:00:00+00:00,2026-04-06 06:00:00+00:00,1,1,1,0,2026-04-09 20:00:00+08:00,2026-04-09 20:00:00+08:00,,1500.0,REJECTED,local_hour_count_1
data/interim/notebook02_sources/hourly_forecasts/01_19a_hko_ecmwf_single_run_hourly_forecasts.csv,source_target_date_decision_rule_issue_time,2026-04-10,6h_prior,,,2026-04-06 06:00:00+00:00,2026-04-06 06:00:00+00:00,1,1,1,0,2026-04-10 14:00:00+08:00,2026-04-10 14:00:00+08:00,,1500.0,REJECTED,local_hour_count_1
data/interim/notebook02_sources/hourly_forecasts/01_19a_hko_ecmwf_single_run_hourly_forecasts.csv,source_target_date_decision_rule_issue_time,2026-04-10,12h_prior,,,2026-04-06 06:00:00+00:00,2026-04-06 06:00:00+00:00,1,1,1,0,2026-04-10 20:00:00+08:00,2026-04-10 20:00:00+08:00,,1500.0,REJECTED,local_hour_count_1
data/interim/notebook02_sources/hourly_forecasts/01_19a_hko_ecmwf_single_run_hourly_forecasts.csv,source_target_date_decision_rule_issue_time,2026-04-11,6h_prior,,,2026-04-06 06:00:00+00:00,2026-04-06 06:00:00+00:00,1,1,1,0,2026-04-11 14:00:00+08:00,2026-04-11 14:00:00+08:00,,1500.0,REJECTED,local_hour_count_1
data/interim/notebook02_sources/hourly_forecasts/01_19a_hko_ecmwf_single_run_hourly_forecasts.csv,source_target_date_decision_rule_issue_time,2026-04-11,12h_prior,,,2026-04-06 06:00:00+00:00,2026-04-06 06:00:00+00:00,1,1,1,0,2026-04-11 20:00:00+08:00,2026-04-11 20:00:00+08:00,,1500.0,REJECTED,local_hour_count_1
data/interim/notebook02_sources/hourly_forecasts/01_19a_hko_ecmwf_single_run_hourly_forecasts.csv,source_target_date_decision_rule_issue_time,2026-04-12,6h_prior,,,2026-04-06 06:00:00+00:00,2026-04-06 06:00:00+00:00,1,1,1,0,2026-04-12 14:00:00+08:00,2026-04-12 14:00:00+08:00,,1500.0,REJECTED,local_hour_count_1
data/interim/notebook02_sources/hourly_forecasts/01_19a_hko_ecmwf_single_run_hourly_forecasts.csv,source_target_date_decision_rule_issue_time,2026-04-12,12h_prior,,,2026-04-06 06:00:00+00:00,2026-04-06 06:00:00+00:00,1,1,1,0,2026-04-12 20:00:00+08:00,2026-04-12 20:00:00+08:00,,1500.0,REJECTED,local_hour_count_1
data/interim/notebook02_sources/hourly_forecasts/01_19a_hko_ecmwf_single_run_hourly_forecasts.csv,source_target_date_decision_rule_issue_time,2026-04-07,6h_prior,,,2026-04-06 18:00:00+00:00,2026-04-06 18:00:00+00:00,1,1,1,0,2026-04-07 14:00:00+08:00,2026-04-07 14:00:00+08:00,,1500.0,REJECTED,local_hour_count_1
data/interim/notebook02_sources/hourly_forecasts/01_19a_hko_ecmwf_single_run_hourly_forecasts.csv,source_target_date_decision_rule_issue_time,2026-04-07,12h_prior,,,2026-04-06 18:00:00+00:00,2026-04-06 18:00:00+00:00,1,1,1,0,2026-04-07 20:00:00+08:00,2026-04-07 20:00:00+08:00,,1500.0,REJECTED,local_hour_count_1
data/interim/notebook02_sources/hourly_forecasts/01_19a_hko_ecmwf_single_run_hourly_forecasts.csv,source_target_date_decision_rule_issue_time,2026-04-08,6h_prior,,,2026-04-06 18:00:00+00:00,2026-04-06 18:00:00+00:00,1,1,1,0,2026-04-08 14:00:00+08:00,2026-04-08 14:00:00+08:00,,1500.0,REJECTED,local_hour_count_1
data/interim/notebook02_sources/hourly_forecasts/01_19a_hko_ecmwf_single_run_hourly_forecasts.csv,source_target_date_decision_rule_issue_time,2026-04-08,12h_prior,,,2026-04-06 18:00:00+00:00,2026-04-06 18:00:00+00:00,1,1,1,0,2026-04-08 20:00:00+08:00,2026-04-08 20:00:00+08:00,,1500.0,REJECTED,local_hour_count_1
data/interim/notebook02_sources/hourly_forecasts/01_19a_hko_ecmwf_single_run_hourly_forecasts.csv,source_target_date_decision_rule_issue_time,2026-04-09,6h_prior,,,2026-04-06 18:00:00+00:00,2026-04-06 18:00:00+00:00,1,1,1,0,2026-04-09 14:00:00+08:00,2026-04-09 14:00:00+08:00,,1500.0,REJECTED,local_hour_count_1
data/interim/notebook02_sources/hourly_forecasts/01_19a_hko_ecmwf_single_run_hourly_forecasts.csv,source_target_date_decision_rule_issue_time,2026-04-09,12h_prior,,,2026-04-06 18:00:00+00:00,2026-04-06 18:00:00+00:00,1,1,1,0,2026-04-09 20:00:00+08:00,2026-04-09 20:00:00+08:00,,1500.0,REJECTED,local_hour_count_1
data/interim/notebook02_sources/hourly_forecasts/01_19a_hko_ecmwf_single_run_hourly_forecasts.csv,source_target_date_decision_rule_issue_time,2026-04-10,6h_prior,,,2026-04-06 18:00:00+00:00,2026-04-06 18:00:00+00:00,1,1,1,0,2026-04-10 14:00:00+08:00,2026-04-10 14:00:00+08:00,,1500.0,REJECTED,local_hour_count_1
data/interim/notebook02_sources/hourly_forecasts/01_19a_hko_ecmwf_single_run_hourly_forecasts.csv,source_target_date_decision_rule_issue_time,2026-04-10,12h_prior,,,2026-04-06 18:00:00+00:00,2026-04-06 18:00:00+00:00,1,1,1,0,2026-04-10 20:00:00+08:00,2026-04-10 20:00:00+08:00,,1500.0,REJECTED,local_hour_count_1
data/interim/notebook02_sources/hourly_forecasts/01_19a_hko_ecmwf_single_run_hourly_forecasts.csv,source_target_date_decision_rule_issue_time,2026-04-11,6h_prior,,,2026-04-06 18:00:00+00:00,2026-04-06 18:00:00+00:00,1,1,1,0,2026-04-11 14:00:00+08:00,2026-04-11 14:00:00+08:00,,1500.0,REJECTED,local_hour_count_1
data/interim/notebook02_sources/hourly_forecasts/01_19a_hko_ecmwf_single_run_hourly_forecasts.csv,source_target_date_decision_rule_issue_time,2026-04-11,12h_prior,,,2026-04-06 18:00:00+00:00,2026-04-06 18:00:00+00:00,1,1,1,0,2026-04-11 20:00:00+08:00,2026-04-11 20:00:00+08:00,,1500.0,REJECTED,local_hour_count_1
data/interim/notebook02_sources/hourly_forecasts/01_19a_hko_ecmwf_single_run_hourly_forecasts.csv,source_target_date_decision_rule_issue_time,2026-04-12,6h_prior,,,2026-04-06 18:00:00+00:00,2026-04-06 18:00:00+00:00,1,1,1,0,2026-04-12 14:00:00+08:00,2026-04-12 14:00:00+08:00,,1500.0,REJECTED,local_hour_count_1
data/interim/notebook02_sources/hourly_forecasts/01_19a_hko_ecmwf_single_run_hourly_forecasts.csv,source_target_date_decision_rule_issue_time,2026-04-12,12h_prior,,,2026-04-06 18:00:00+00:00,2026-04-06 18:00:00+00:00,1,1,1,0,2026-04-12 20:00:00+08:00,2026-04-12 20:00:00+08:00,,1500.0,REJECTED,local_hour_count_1
data/interim/notebook02_sources/hourly_forecasts/01_19a_hko_ecmwf_single_run_hourly_forecasts.csv,source_target_date_decision_rule_issue_time,2026-04-07,12h_prior,,,2026-04-07 00:00:00+00:00,2026-04-07 00:00:00+00:00,1,1,1,0,2026-04-07 20:00:00+08:00,2026-04-07 20:00:00+08:00,,1500.0,REJECTED,local_hour_count_1
data/interim/notebook02_sources/hourly_forecasts/01_19a_hko_ecmwf_single_run_hourly_forecasts.csv,source_target_date_decision_rule_issue_time,2026-04-08,6h_prior,,,2026-04-07 00:00:00+00:00,2026-04-07 00:00:00+00:00,1,1,1,0,2026-04-08 14:00:00+08:00,2026-04-08 14:00:00+08:00,,1500.0,REJECTED,local_hour_count_1
data/interim/notebook02_sources/hourly_forecasts/01_19a_hko_ecmwf_single_run_hourly_forecasts.csv,source_target_date_decision_rule_issue_time,2026-04-08,12h_prior,,,2026-04-07 00:00:00+00:00,2026-04-07 00:00:00+00:00,1,1,1,0,2026-04-08 20:00:00+08:00,2026-04-08 20:00:00+08:00,,1500.0,REJECTED,local_hour_count_1
data/interim/notebook02_sources/hourly_forecasts/01_19a_hko_ecmwf_single_run_hourly_forecasts.csv,source_target_date_decision_rule_issue_time,2026-04-09,6h_prior,,,2026-04-07 00:00:00+00:00,2026-04-07 00:00:00+00:00,1,1,1,0,2026-04-09 14:00:00+08:00,2026-04-09 14:00:00+08:00,,1500.0,REJECTED,local_hour_count_1
data/interim/notebook02_sources/hourly_forecasts/01_19a_hko_ecmwf_single_run_hourly_forecasts.csv,source_target_date_decision_rule_issue_time,2026-04-09,12h_prior,,,2026-04-07 00:00:00+00:00,2026-04-07 00:00:00+00:00,1,1,1,0,2026-04-09 20:00:00+08:00,2026-04-09 20:00:00+08:00,,1500.0,REJECTED,local_hour_count_1
data/interim/notebook02_sources/hourly_forecasts/01_19a_hko_ecmwf_single_run_hourly_forecasts.csv,source_target_date_decision_rule_issue_time,2026-04-10,6h_prior,,,2026-04-07 00:00:00+00:00,2026-04-07 00:00:00+00:00,1,1,1,0,2026-04-10 14:00:00+08:00,2026-04-10 14:00:00+08:00,,1500.0,REJECTED,local_hour_count_1
data/interim/notebook02_sources/hourly_forecasts/01_19a_hko_ecmwf_single_run_hourly_forecasts.csv,source_target_date_decision_rule_issue_time,2026-04-10,12h_prior,,,2026-04-07 00:00:00+00:00,2026-04-07 00:00:00+00:00,1,1,1,0,2026-04-10 20:00:00+08:00,2026-04-10 20:00:00+08:00,,1500.0,REJECTED,local_hour_count_1
data/interim/notebook02_sources/hourly_forecasts/01_19a_hko_ecmwf_single_run_hourly_forecasts.csv,source_target_date_decision_rule_issue_time,2026-04-11,6h_prior,,,2026-04-07 00:00:00+00:00,2026-04-07 00:00:00+00:00,1,1,1,0,2026-04-11 14:00:00+08:00,2026-04-11 14:00:00+08:00,,1500.0,REJECTED,local_hour_count_1
data/interim/notebook02_sources/hourly_forecasts/01_19a_hko_ecmwf_single_run_hourly_forecasts.csv,source_target_date_decision_rule_issue_time,2026-04-11,12h_prior,,,2026-04-07 00:00:00+00:00,2026-04-07 00:00:00+00:00,1,1,1,0,2026-04-11 20:00:00+08:00,2026-04-11 20:00:00+08:00,,1500.0,REJECTED,local_hour_count_1
data/interim/notebook02_sources/hourly_forecasts/01_19a_hko_ecmwf_single_run_hourly_forecasts.csv,source_target_date_decision_rule_issue_time,2026-04-12,6h_prior,,,2026-04-07 00:00:00+00:00,2026-04-07 00:00:00+00:00,1,1,1,0,2026-04-12 14:00:00+08:00,2026-04-12 14:00:00+08:00,,1500.0,REJECTED,local_hour_count_1
data/interim/notebook02_sources/hourly_forecasts/01_19a_hko_ecmwf_single_run_hourly_forecasts.csv,source_target_date_decision_rule_issue_time,2026-04-12,12h_prior,,,2026-04-07 00:00:00+00:00,2026-04-07 00:00:00+00:00,1,1,1,0,2026-04-12 20:00:00+08:00,2026-04-12 20:00:00+08:00,,1500.0,REJECTED,local_hour_count_1
data/interim/notebook02_sources/hourly_forecasts/01_19a_hko_ecmwf_single_run_hourly_forecasts.csv,source_target_date_decision_rule_issue_time,2026-04-13,6h_prior,,,2026-04-07 00:00:00+00:00,2026-04-07 00:00:00+00:00,1,1,1,0,2026-04-13 14:00:00+08:00,2026-04-13 14:00:00+08:00,,1500.0,REJECTED,local_hour_count_1
data/interim/notebook02_sources/hourly_forecasts/01_19a_hko_ecmwf_single_run_hourly_forecasts.csv,source_target_date_decision_rule_issue_time,2026-04-13,12h_prior,,,2026-04-07 00:00:00+00:00,2026-04-07 00:00:00+00:00,1,1,1,0,2026-04-13 20:00:00+08:00,2026-04-13 20:00:00+08:00,,1500.0,REJECTED,local_hour_count_1
data/interim/notebook02_sources/hourly_forecasts/01_19a_hko_ecmwf_single_run_hourly_forecasts.csv,source_target_date_decision_rule_issue_time,2026-04-14,6h_prior,,,2026-04-07 00:00:00+00:00,2026-04-07 00:00:00+00:00,1,1,1,0,2026-04-14 14:00:00+08:00,2026-04-14 14:00:00+08:00,,1500.0,REJECTED,local_hour_count_1
data/interim/notebook02_sources/hourly_forecasts/01_19a_hko_ecmwf_single_run_hourly_forecasts.csv,source_target_date_decision_rule_issue_time,2026-04-14,12h_prior,,,2026-04-07 00:00:00+00:00,2026-04-07 00:00:00+00:00,1,1,1,0,2026-04-14 20:00:00+08:00,2026-04-14 20:00:00+08:00,,1500.0,REJECTED,local_hour_count_1
data/interim/notebook02_sources/hourly_forecasts/01_19a_hko_ecmwf_single_run_hourly_forecasts.csv,source_target_date_decision_rule_issue_time,2026-04-15,6h_prior,,,2026-04-07 00:00:00+00:00,2026-04-07 00:00:00+00:00,1,1,1,0,2026-04-15 14:00:00+08:00,2026-04-15 14:00:00+08:00,,1500.0,REJECTED,local_hour_count_1
data/interim/notebook02_sources/hourly_forecasts/01_19a_hko_ecmwf_single_run_hourly_forecasts.csv,source_target_date_decision_rule_issue_time,2026-04-15,12h_prior,,,2026-04-07 00:00:00+00:00,2026-04-07 00:00:00+00:00,1,1,1,0,2026-04-15 20:00:00+08:00,2026-04-15 20:00:00+08:00,,1500.0,REJECTED,local_hour_count_1
data/interim/notebook02_sources/hourly_forecasts/01_19a_hko_ecmwf_single_run_hourly_forecasts.csv,source_target_date_decision_rule_issue_time,2026-04-16,6h_prior,,,2026-04-07 00:00:00+00:00,2026-04-07 00:00:00+00:00,1,1,1,0,2026-04-16 14:00:00+08:00,2026-04-16 14:00:00+08:00,,1500.0,REJECTED,local_hour_count_1
data/interim/notebook02_sources/hourly_forecasts/01_19a_hko_ecmwf_single_run_hourly_forecasts.csv,source_target_date_decision_rule_issue_time,2026-04-16,12h_prior,,,2026-04-07 00:00:00+00:00,2026-04-07 00:00:00+00:00,1,1,1,0,2026-04-16 20:00:00+08:00,2026-04-16 20:00:00+08:00,,1500.0,REJECTED,local_hour_count_1
data/interim/notebook02_sources/hourly_forecasts/01_19a_hko_ecmwf_single_run_hourly_forecasts.csv,source_target_date_decision_rule_issue_time,2026-04-17,6h_prior,,,2026-04-07 00:00:00+00:00,2026-04-07 00:00:00+00:00,1,1,1,0,2026-04-17 14:00:00+08:00,2026-04-17 14:00:00+08:00,,1500.0,REJECTED,local_hour_count_1
data/interim/notebook02_sources/hourly_forecasts/01_19a_hko_ecmwf_single_run_hourly_forecasts.csv,source_target_date_decision_rule_issue_time,2026-04-08,6h_prior,,,2026-04-07 06:00:00+00:00,2026-04-07 06:00:00+00:00,1,1,1,0,2026-04-08 14:00:00+08:00,2026-04-08 14:00:00+08:00,,1500.0,REJECTED,local_hour_count_1
data/interim/notebook02_sources/hourly_forecasts/01_19a_hko_ecmwf_single_run_hourly_forecasts.csv,source_target_date_decision_rule_issue_time,2026-04-08,12h_prior,,,2026-04-07 06:00:00+00:00,2026-04-07 06:00:00+00:00,1,1,1,0,2026-04-08 20:00:00+08:00,2026-04-08 20:00:00+08:00,,1500.0,REJECTED,local_hour_count_1
data/interim/notebook02_sources/hourly_forecasts/01_19a_hko_ecmwf_single_run_hourly_forecasts.csv,source_target_date_decision_rule_issue_time,2026-04-09,6h_prior,,,2026-04-07 06:00:00+00:00,2026-04-07 06:00:00+00:00,1,1,1,0,2026-04-09 14:00:00+08:00,2026-04-09 14:00:00+08:00,,1500.0,REJECTED,local_hour_count_1
data/interim/notebook02_sources/hourly_forecasts/01_19a_hko_ecmwf_single_run_hourly_forecasts.csv,source_target_date_decision_rule_issue_time,2026-04-09,12h_prior,,,2026-04-07 06:00:00+00:00,2026-04-07 06:00:00+00:00,1,1,1,0,2026-04-09 20:00:00+08:00,2026-04-09 20:00:00+08:00,,1500.0,REJECTED,local_hour_count_1
data/interim/notebook02_sources/hourly_forecasts/01_19a_hko_ecmwf_single_run_hourly_forecasts.csv,source_target_date_decision_rule_issue_time,2026-04-10,6h_prior,,,2026-04-07 06:00:00+00:00,2026-04-07 06:00:00+00:00,1,1,1,0,2026-04-10 14:00:00+08:00,2026-04-10 14:00:00+08:00,,1500.0,REJECTED,local_hour_count_1
data/interim/notebook02_sources/hourly_forecasts/01_19a_hko_ecmwf_single_run_hourly_forecasts.csv,source_target_date_decision_rule_issue_time,2026-04-10,12h_prior,,,2026-04-07 06:00:00+00:00,2026-04-07 06:00:00+00:00,1,1,1,0,2026-04-10 20:00:00+08:00,2026-04-10 20:00:00+08:00,,1500.0,REJECTED,local_hour_count_1
data/interim/notebook02_sources/hourly_forecasts/01_19a_hko_ecmwf_single_run_hourly_forecasts.csv,source_target_date_decision_rule_issue_time,2026-04-11,6h_prior,,,2026-04-07 06:00:00+00:00,2026-04-07 06:00:00+00:00,1,1,1,0,2026-04-11 14:00:00+08:00,2026-04-11 14:00:00+08:00,,1500.0,REJECTED,local_hour_count_1
data/interim/notebook02_sources/hourly_forecasts/01_19a_hko_ecmwf_single_run_hourly_forecasts.csv,source_target_date_decision_rule_issue_time,2026-04-11,12h_prior,,,2026-04-07 06:00:00+00:00,2026-04-07 06:00:00+00:00,1,1,1,0,2026-04-11 20:00:00+08:00,2026-04-11 20:00:00+08:00,,1500.0,REJECTED,local_hour_count_1
data/interim/notebook02_sources/hourly_forecasts/01_19a_hko_ecmwf_single_run_hourly_forecasts.csv,source_target_date_decision_rule_issue_time,2026-04-12,6h_prior,,,2026-04-07 06:00:00+00:00,2026-04-07 06:00:00+00:00,1,1,1,0,2026-04-12 14:00:00+08:00,2026-04-12 14:00:00+08:00,,1500.0,REJECTED,local_hour_count_1
data/interim/notebook02_sources/hourly_forecasts/01_19a_hko_ecmwf_single_run_hourly_forecasts.csv,source_target_date_decision_rule_issue_time,2026-04-12,12h_prior,,,2026-04-07 06:00:00+00:00,2026-04-07 06:00:00+00:00,1,1,1,0,2026-04-12 20:00:00+08:00,2026-04-12 20:00:00+08:00,,1500.0,REJECTED,local_hour_count_1
data/interim/notebook02_sources/hourly_forecasts/01_19a_hko_ecmwf_single_run_hourly_forecasts.csv,source_target_date_decision_rule_issue_time,2026-04-13,6h_prior,,,2026-04-07 06:00:00+00:00,2026-04-07 06:00:00+00:00,1,1,1,0,2026-04-13 14:00:00+08:00,2026-04-13 14:00:00+08:00,,1500.0,REJECTED,local_hour_count_1
data/interim/notebook02_sources/hourly_forecasts/01_19a_hko_ecmwf_single_run_hourly_forecasts.csv,source_target_date_decision_rule_issue_time,2026-04-13,12h_prior,,,2026-04-07 06:00:00+00:00,2026-04-07 06:00:00+00:00,1,1,1,0,2026-04-13 20:00:00+08:00,2026-04-13 20:00:00+08:00,,1500.0,REJECTED,local_hour_count_1
data/interim/notebook02_sources/hourly_forecasts/01_19a_hko_ecmwf_single_run_hourly_forecasts.csv,source_target_date_decision_rule_issue_time,2026-04-08,6h_prior,,,2026-04-07 18:00:00+00:00,2026-04-07 18:00:00+00:00,1,1,1,0,2026-04-08 14:00:00+08:00,2026-04-08 14:00:00+08:00,,1500.0,REJECTED,local_hour_count_1
data/interim/notebook02_sources/hourly_forecasts/01_19a_hko_ecmwf_single_run_hourly_forecasts.csv,source_target_date_decision_rule_issue_time,2026-04-08,12h_prior,,,2026-04-07 18:00:00+00:00,2026-04-07 18:00:00+00:00,1,1,1,0,2026-04-08 20:00:00+08:00,2026-04-08 20:00:00+08:00,,1500.0,REJECTED,local_hour_count_1
data/interim/notebook02_sources/hourly_forecasts/01_19a_hko_ecmwf_single_run_hourly_forecasts.csv,source_target_date_decision_rule_issue_time,2026-04-09,6h_prior,,,2026-04-07 18:00:00+00:00,2026-04-07 18:00:00+00:00,1,1,1,0,2026-04-09 14:00:00+08:00,2026-04-09 14:00:00+08:00,,1500.0,REJECTED,local_hour_count_1
data/interim/notebook02_sources/hourly_forecasts/01_19a_hko_ecmwf_single_run_hourly_forecasts.csv,source_target_date_decision_rule_issue_time,2026-04-09,12h_prior,,,2026-04-07 18:00:00+00:00,2026-04-07 18:00:00+00:00,1,1,1,0,2026-04-09 20:00:00+08:00,2026-04-09 20:00:00+08:00,,1500.0,REJECTED,local_hour_count_1
data/interim/notebook02_sources/hourly_forecasts/01_19a_hko_ecmwf_single_run_hourly_forecasts.csv,source_target_date_decision_rule_issue_time,2026-04-10,6h_prior,,,2026-04-07 18:00:00+00:00,2026-04-07 18:00:00+00:00,1,1,1,0,2026-04-10 14:00:00+08:00,2026-04-10 14:00:00+08:00,,1500.0,REJECTED,local_hour_count_1
data/interim/notebook02_sources/hourly_forecasts/01_19a_hko_ecmwf_single_run_hourly_forecasts.csv,source_target_date_decision_rule_issue_time,2026-04-10,12h_prior,,,2026-04-07 18:00:00+00:00,2026-04-07 18:00:00+00:00,1,1,1,0,2026-04-10 20:00:00+08:00,2026-04-10 20:00:00+08:00,,1500.0,REJECTED,local_hour_count_1
data/interim/notebook02_sources/hourly_forecasts/01_19a_hko_ecmwf_single_run_hourly_forecasts.csv,source_target_date_decision_rule_issue_time,2026-04-11,6h_prior,,,2026-04-07 18:00:00+00:00,2026-04-07 18:00:00+00:00,1,1,1,0,2026-04-11 14:00:00+08:00,2026-04-11 14:00:00+08:00,,1500.0,REJECTED,local_hour_count_1
data/interim/notebook02_sources/hourly_forecasts/01_19a_hko_ecmwf_single_run_hourly_forecasts.csv,source_target_date_decision_rule_issue_time,2026-04-11,12h_prior,,,2026-04-07 18:00:00+00:00,2026-04-07 18:00:00+00:00,1,1,1,0,2026-04-11 20:00:00+08:00,2026-04-11 20:00:00+08:00,,1500.0,REJECTED,local_hour_count_1
data/interim/notebook02_sources/hourly_forecasts/01_19a_hko_ecmwf_single_run_hourly_forecasts.csv,source_target_date_decision_rule_issue_time,2026-04-12,6h_prior,,,2026-04-07 18:00:00+00:00,2026-04-07 18:00:00+00:00,1,1,1,0,2026-04-12 14:00:00+08:00,2026-04-12 14:00:00+08:00,,1500.0,REJECTED,local_hour_count_1
data/interim/notebook02_sources/hourly_forecasts/01_19a_hko_ecmwf_single_run_hourly_forecasts.csv,source_target_date_decision_rule_issue_time,2026-04-12,12h_prior,,,2026-04-07 18:00:00+00:00,2026-04-07 18:00:00+00:00,1,1,1,0,2026-04-12 20:00:00+08:00,2026-04-12 20:00:00+08:00,,1500.0,REJECTED,local_hour_count_1
data/interim/notebook02_sources/hourly_forecasts/01_19a_hko_ecmwf_single_run_hourly_forecasts.csv,source_target_date_decision_rule_issue_time,2026-04-13,6h_prior,,,2026-04-07 18:00:00+00:00,2026-04-07 18:00:00+00:00,1,1,1,0,2026-04-13 14:00:00+08:00,2026-04-13 14:00:00+08:00,,1500.0,REJECTED,local_hour_count_1
data/interim/notebook02_sources/hourly_forecasts/01_19a_hko_ecmwf_single_run_hourly_forecasts.csv,source_target_date_decision_rule_issue_time,2026-04-13,12h_prior,,,2026-04-07 18:00:00+00:00,2026-04-07 18:00:00+00:00,1,1,1,0,2026-04-13 20:00:00+08:00,2026-04-13 20:00:00+08:00,,1500.0,REJECTED,local_hour_count_1
data/interim/notebook02_sources/hourly_forecasts/01_19a_hko_ecmwf_single_run_hourly_forecasts.csv,source_target_date_decision_rule_issue_time,2026-04-08,12h_prior,,,2026-04-08 00:00:00+00:00,2026-04-08 00:00:00+00:00,1,1,1,0,2026-04-08 20:00:00+08:00,2026-04-08 20:00:00+08:00,,1500.0,REJECTED,local_hour_count_1
data/interim/notebook02_sources/hourly_forecasts/01_19a_hko_ecmwf_single_run_hourly_forecasts.csv,source_target_date_decision_rule_issue_time,2026-04-09,6h_prior,,,2026-04-08 00:00:00+00:00,2026-04-08 00:00:00+00:00,1,1,1,0,2026-04-09 14:00:00+08:00,2026-04-09 14:00:00+08:00,,1500.0,REJECTED,local_hour_count_1
data/interim/notebook02_sources/hourly_forecasts/01_19a_hko_ecmwf_single_run_hourly_forecasts.csv,source_target_date_decision_rule_issue_time,2026-04-09,12h_prior,,,2026-04-08 00:00:00+00:00,2026-04-08 00:00:00+00:00,1,1,1,0,2026-04-09 20:00:00+08:00,2026-04-09 20:00:00+08:00,,1500.0,REJECTED,local_hour_count_1
data/interim/notebook02_sources/hourly_forecasts/01_19a_hko_ecmwf_single_run_hourly_forecasts.csv,source_target_date_decision_rule_issue_time,2026-04-10,6h_prior,,,2026-04-08 00:00:00+00:00,2026-04-08 00:00:00+00:00,1,1,1,0,2026-04-10 14:00:00+08:00,2026-04-10 14:00:00+08:00,,1500.0,REJECTED,local_hour_count_1
data/interim/notebook02_sources/hourly_forecasts/01_19a_hko_ecmwf_single_run_hourly_forecasts.csv,source_target_date_decision_rule_issue_time,2026-04-10,12h_prior,,,2026-04-08 00:00:00+00:00,2026-04-08 00:00:00+00:00,1,1,1,0,2026-04-10 20:00:00+08:00,2026-04-10 20:00:00+08:00,,1500.0,REJECTED,local_hour_count_1
data/interim/notebook02_sources/hourly_forecasts/01_19a_hko_ecmwf_single_run_hourly_forecasts.csv,source_target_date_decision_rule_issue_time,2026-04-11,6h_prior,,,2026-04-08 00:00:00+00:00,2026-04-08 00:00:00+00:00,1,1,1,0,2026-04-11 14:00:00+08:00,2026-04-11 14:00:00+08:00,,1500.0,REJECTED,local_hour_count_1
data/interim/notebook02_sources/hourly_forecasts/01_19a_hko_ecmwf_single_run_hourly_forecasts.csv,source_target_date_decision_rule_issue_time,2026-04-11,12h_prior,,,2026-04-08 00:00:00+00:00,2026-04-08 00:00:00+00:00,1,1,1,0,2026-04-11 20:00:00+08:00,2026-04-11 20:00:00+08:00,,1500.0,REJECTED,local_hour_count_1
data/interim/notebook02_sources/hourly_forecasts/01_19a_hko_ecmwf_single_run_hourly_forecasts.csv,source_target_date_decision_rule_issue_time,2026-04-12,6h_prior,,,2026-04-08 00:00:00+00:00,2026-04-08 00:00:00+00:00,1,1,1,0,2026-04-12 14:00:00+08:00,2026-04-12 14:00:00+08:00,,1500.0,REJECTED,local_hour_count_1
data/interim/notebook02_sources/hourly_forecasts/01_19a_hko_ecmwf_single_run_hourly_forecasts.csv,source_target_date_decision_rule_issue_time,2026-04-12,12h_prior,,,2026-04-08 00:00:00+00:00,2026-04-08 00:00:00+00:00,1,1,1,0,2026-04-12 20:00:00+08:00,2026-04-12 20:00:00+08:00,,1500.0,REJECTED,local_hour_count_1
data/interim/notebook02_sources/hourly_forecasts/01_19a_hko_ecmwf_single_run_hourly_forecasts.csv,source_target_date_decision_rule_issue_time,2026-04-13,6h_prior,,,2026-04-08 00:00:00+00:00,2026-04-08 00:00:00+00:00,1,1,1,0,2026-04-13 14:00:00+08:00,2026-04-13 14:00:00+08:00,,1500.0,REJECTED,local_hour_count_1
data/interim/notebook02_sources/hourly_forecasts/01_19a_hko_ecmwf_single_run_hourly_forecasts.csv,source_target_date_decision_rule_issue_time,2026-04-13,12h_prior,,,2026-04-08 00:00:00+00:00,2026-04-08 00:00:00+00:00,1,1,1,0,2026-04-13 20:00:00+08:00,2026-04-13 20:00:00+08:00,,1500.0,REJECTED,local_hour_count_1
data/interim/notebook02_sources/hourly_forecasts/01_19a_hko_ecmwf_single_run_hourly_forecasts.csv,source_target_date_decision_rule_issue_time,2026-04-14,6h_prior,,,2026-04-08 00:00:00+00:00,2026-04-08 00:00:00+00:00,1,1,1,0,2026-04-14 14:00:00+08:00,2026-04-14 14:00:00+08:00,,1500.0,REJECTED,local_hour_count_1
data/interim/notebook02_sources/hourly_forecasts/01_19a_hko_ecmwf_single_run_hourly_forecasts.csv,source_target_date_decision_rule_issue_time,2026-04-14,12h_prior,,,2026-04-08 00:00:00+00:00,2026-04-08 00:00:00+00:00,1,1,1,0,2026-04-14 20:00:00+08:00,2026-04-14 20:00:00+08:00,,1500.0,REJECTED,local_hour_count_1
data/interim/notebook02_sources/hourly_forecasts/01_19a_hko_ecmwf_single_run_hourly_forecasts.csv,source_target_date_decision_rule_issue_time,2026-04-15,6h_prior,,,2026-04-08 00:00:00+00:00,2026-04-08 00:00:00+00:00,1,1,1,0,2026-04-15 14:00:00+08:00,2026-04-15 14:00:00+08:00,,1500.0,REJECTED,local_hour_count_1
data/interim/notebook02_sources/hourly_forecasts/01_19a_hko_ecmwf_single_run_hourly_forecasts.csv,source_target_date_decision_rule_issue_time,2026-04-15,12h_prior,,,2026-04-08 00:00:00+00:00,2026-04-08 00:00:00+00:00,1,1,1,0,2026-04-15 20:00:00+08:00,2026-04-15 20:00:00+08:00,,1500.0,REJECTED,local_hour_count_1
data/interim/notebook02_sources/hourly_forecasts/01_19a_hko_ecmwf_single_run_hourly_forecasts.csv,source_target_date_decision_rule_issue_time,2026-04-16,6h_prior,,,2026-04-08 00:00:00+00:00,2026-04-08 00:00:00+00:00,1,1,1,0,2026-04-16 14:00:00+08:00,2026-04-16 14:00:00+08:00,,1500.0,REJECTED,local_hour_count_1
data/interim/notebook02_sources/hourly_forecasts/01_19a_hko_ecmwf_single_run_hourly_forecasts.csv,source_target_date_decision_rule_issue_time,2026-04-16,12h_prior,,,2026-04-08 00:00:00+00:00,2026-04-08 00:00:00+00:00,1,1,1,0,2026-04-16 20:00:00+08:00,2026-04-16 20:00:00+08:00,,1500.0,REJECTED,local_hour_count_1
data/interim/notebook02_sources/hourly_forecasts/01_19a_hko_ecmwf_single_run_hourly_forecasts.csv,source_target_date_decision_rule_issue_time,2026-04-17,6h_prior,,,2026-04-08 00:00:00+00:00,2026-04-08 00:00:00+00:00,1,1,1,0,2026-04-17 14:00:00+08:00,2026-04-17 14:00:00+08:00,,1500.0,REJECTED,local_hour_count_1
data/interim/notebook02_sources/hourly_forecasts/01_19a_hko_ecmwf_single_run_hourly_forecasts.csv,source_target_date_decision_rule_issue_time,2026-04-17,12h_prior,,,2026-04-08 00:00:00+00:00,2026-04-08 00:00:00+00:00,1,1,1,0,2026-04-17 20:00:00+08:00,2026-04-17 20:00:00+08:00,,1500.0,REJECTED,local_hour_count_1
data/interim/notebook02_sources/hourly_forecasts/01_19a_hko_ecmwf_single_run_hourly_forecasts.csv,source_target_date_decision_rule_issue_time,2026-04-18,6h_prior,,,2026-04-08 00:00:00+00:00,2026-04-08 00:00:00+00:00,1,1,1,0,2026-04-18 14:00:00+08:00,2026-04-18 14:00:00+08:00,,1500.0,REJECTED,local_hour_count_1
data/interim/notebook02_sources/hourly_forecasts/01_19a_hko_ecmwf_single_run_hourly_forecasts.csv,source_target_date_decision_rule_issue_time,2026-04-09,6h_prior,,,2026-04-08 06:00:00+00:00,2026-04-08 06:00:00+00:00,1,1,1,0,2026-04-09 14:00:00+08:00,2026-04-09 14:00:00+08:00,,1500.0,REJECTED,local_hour_count_1
data/interim/notebook02_sources/hourly_forecasts/01_19a_hko_ecmwf_single_run_hourly_forecasts.csv,source_target_date_decision_rule_issue_time,2026-04-09,12h_prior,,,2026-04-08 06:00:00+00:00,2026-04-08 06:00:00+00:00,1,1,1,0,2026-04-09 20:00:00+08:00,2026-04-09 20:00:00+08:00,,1500.0,REJECTED,local_hour_count_1
data/interim/notebook02_sources/hourly_forecasts/01_19a_hko_ecmwf_single_run_hourly_forecasts.csv,source_target_date_decision_rule_issue_time,2026-04-10,6h_prior,,,2026-04-08 06:00:00+00:00,2026-04-08 06:00:00+00:00,1,1,1,0,2026-04-10 14:00:00+08:00,2026-04-10 14:00:00+08:00,,1500.0,REJECTED,local_hour_count_1
data/interim/notebook02_sources/hourly_forecasts/01_19a_hko_ecmwf_single_run_hourly_forecasts.csv,source_target_date_decision_rule_issue_time,2026-04-10,12h_prior,,,2026-04-08 06:00:00+00:00,2026-04-08 06:00:00+00:00,1,1,1,0,2026-04-10 20:00:00+08:00,2026-04-10 20:00:00+08:00,,1500.0,REJECTED,local_hour_count_1
data/interim/notebook02_sources/hourly_forecasts/01_19a_hko_ecmwf_single_run_hourly_forecasts.csv,source_target_date_decision_rule_issue_time,2026-04-11,6h_prior,,,2026-04-08 06:00:00+00:00,2026-04-08 06:00:00+00:00,1,1,1,0,2026-04-11 14:00:00+08:00,2026-04-11 14:00:00+08:00,,1500.0,REJECTED,local_hour_count_1
data/interim/notebook02_sources/hourly_forecasts/01_19a_hko_ecmwf_single_run_hourly_forecasts.csv,source_target_date_decision_rule_issue_time,2026-04-11,12h_prior,,,2026-04-08 06:00:00+00:00,2026-04-08 06:00:00+00:00,1,1,1,0,2026-04-11 20:00:00+08:00,2026-04-11 20:00:00+08:00,,1500.0,REJECTED,local_hour_count_1
data/interim/notebook02_sources/hourly_forecasts/01_19a_hko_ecmwf_single_run_hourly_forecasts.csv,source_target_date_decision_rule_issue_time,2026-04-12,6h_prior,,,2026-04-08 06:00:00+00:00,2026-04-08 06:00:00+00:00,1,1,1,0,2026-04-12 14:00:00+08:00,2026-04-12 14:00:00+08:00,,1500.0,REJECTED,local_hour_count_1
data/interim/notebook02_sources/hourly_forecasts/01_19a_hko_ecmwf_single_run_hourly_forecasts.csv,source_target_date_decision_rule_issue_time,2026-04-12,12h_prior,,,2026-04-08 06:00:00+00:00,2026-04-08 06:00:00+00:00,1,1,1,0,2026-04-12 20:00:00+08:00,2026-04-12 20:00:00+08:00,,1500.0,REJECTED,local_hour_count_1
data/interim/notebook02_sources/hourly_forecasts/01_19a_hko_ecmwf_single_run_hourly_forecasts.csv,source_target_date_decision_rule_issue_time,2026-04-13,6h_prior,,,2026-04-08 06:00:00+00:00,2026-04-08 06:00:00+00:00,1,1,1,0,2026-04-13 14:00:00+08:00,2026-04-13 14:00:00+08:00,,1500.0,REJECTED,local_hour_count_1
data/interim/notebook02_sources/hourly_forecasts/01_19a_hko_ecmwf_single_run_hourly_forecasts.csv,source_target_date_decision_rule_issue_time,2026-04-13,12h_prior,,,2026-04-08 06:00:00+00:00,2026-04-08 06:00:00+00:00,1,1,1,0,2026-04-13 20:00:00+08:00,2026-04-13 20:00:00+08:00,,1500.0,REJECTED,local_hour_count_1
data/interim/notebook02_sources/hourly_forecasts/01_19a_hko_ecmwf_single_run_hourly_forecasts.csv,source_target_date_decision_rule_issue_time,2026-04-14,6h_prior,,,2026-04-08 06:00:00+00:00,2026-04-08 06:00:00+00:00,1,1,1,0,2026-04-14 14:00:00+08:00,2026-04-14 14:00:00+08:00,,1500.0,REJECTED,local_hour_count_1
data/interim/notebook02_sources/hourly_forecasts/01_19a_hko_ecmwf_single_run_hourly_forecasts.csv,source_target_date_decision_rule_issue_time,2026-04-14,12h_prior,,,2026-04-08 06:00:00+00:00,2026-04-08 06:00:00+00:00,1,1,1,0,2026-04-14 20:00:00+08:00,2026-04-14 20:00:00+08:00,,1500.0,REJECTED,local_hour_count_1
data/interim/notebook02_sources/hourly_forecasts/01_19a_hko_ecmwf_single_run_hourly_forecasts.csv,source_target_date_decision_rule_issue_time,2026-04-09,6h_prior,,,2026-04-08 18:00:00+00:00,2026-04-08 18:00:00+00:00,1,1,1,0,2026-04-09 14:00:00+08:00,2026-04-09 14:00:00+08:00,,1500.0,REJECTED,local_hour_count_1
data/interim/notebook02_sources/hourly_forecasts/01_19a_hko_ecmwf_single_run_hourly_forecasts.csv,source_target_date_decision_rule_issue_time,2026-04-09,12h_prior,,,2026-04-08 18:00:00+00:00,2026-04-08 18:00:00+00:00,1,1,1,0,2026-04-09 20:00:00+08:00,2026-04-09 20:00:00+08:00,,1500.0,REJECTED,local_hour_count_1
data/interim/notebook02_sources/hourly_forecasts/01_19a_hko_ecmwf_single_run_hourly_forecasts.csv,source_target_date_decision_rule_issue_time,2026-04-10,6h_prior,,,2026-04-08 18:00:00+00:00,2026-04-08 18:00:00+00:00,1,1,1,0,2026-04-10 14:00:00+08:00,2026-04-10 14:00:00+08:00,,1500.0,REJECTED,local_hour_count_1
data/interim/notebook02_sources/hourly_forecasts/01_19a_hko_ecmwf_single_run_hourly_forecasts.csv,source_target_date_decision_rule_issue_time,2026-04-10,12h_prior,,,2026-04-08 18:00:00+00:00,2026-04-08 18:00:00+00:00,1,1,1,0,2026-04-10 20:00:00+08:00,2026-04-10 20:00:00+08:00,,1500.0,REJECTED,local_hour_count_1
data/interim/notebook02_sources/hourly_forecasts/01_19a_hko_ecmwf_single_run_hourly_forecasts.csv,source_target_date_decision_rule_issue_time,2026-04-11,6h_prior,,,2026-04-08 18:00:00+00:00,2026-04-08 18:00:00+00:00,1,1,1,0,2026-04-11 14:00:00+08:00,2026-04-11 14:00:00+08:00,,1500.0,REJECTED,local_hour_count_1
data/interim/notebook02_sources/hourly_forecasts/01_19a_hko_ecmwf_single_run_hourly_forecasts.csv,source_target_date_decision_rule_issue_time,2026-04-11,12h_prior,,,2026-04-08 18:00:00+00:00,2026-04-08 18:00:00+00:00,1,1,1,0,2026-04-11 20:00:00+08:00,2026-04-11 20:00:00+08:00,,1500.0,REJECTED,local_hour_count_1
data/interim/notebook02_sources/hourly_forecasts/01_19a_hko_ecmwf_single_run_hourly_forecasts.csv,source_target_date_decision_rule_issue_time,2026-04-12,6h_prior,,,2026-04-08 18:00:00+00:00,2026-04-08 18:00:00+00:00,1,1,1,0,2026-04-12 14:00:00+08:00,2026-04-12 14:00:00+08:00,,1500.0,REJECTED,local_hour_count_1
data/interim/notebook02_sources/hourly_forecasts/01_19a_hko_ecmwf_single_run_hourly_forecasts.csv,source_target_date_decision_rule_issue_time,2026-04-12,12h_prior,,,2026-04-08 18:00:00+00:00,2026-04-08 18:00:00+00:00,1,1,1,0,2026-04-12 20:00:00+08:00,2026-04-12 20:00:00+08:00,,1500.0,REJECTED,local_hour_count_1
data/interim/notebook02_sources/hourly_forecasts/01_19a_hko_ecmwf_single_run_hourly_forecasts.csv,source_target_date_decision_rule_issue_time,2026-04-13,6h_prior,,,2026-04-08 18:00:00+00:00,2026-04-08 18:00:00+00:00,1,1,1,0,2026-04-13 14:00:00+08:00,2026-04-13 14:00:00+08:00,,1500.0,REJECTED,local_hour_count_1
data/interim/notebook02_sources/hourly_forecasts/01_19a_hko_ecmwf_single_run_hourly_forecasts.csv,source_target_date_decision_rule_issue_time,2026-04-13,12h_prior,,,2026-04-08 18:00:00+00:00,2026-04-08 18:00:00+00:00,1,1,1,0,2026-04-13 20:00:00+08:00,2026-04-13 20:00:00+08:00,,1500.0,REJECTED,local_hour_count_1
data/interim/notebook02_sources/hourly_forecasts/01_19a_hko_ecmwf_single_run_hourly_forecasts.csv,source_target_date_decision_rule_issue_time,2026-04-14,6h_prior,,,2026-04-08 18:00:00+00:00,2026-04-08 18:00:00+00:00,1,1,1,0,2026-04-14 14:00:00+08:00,2026-04-14 14:00:00+08:00,,1500.0,REJECTED,local_hour_count_1
data/interim/notebook02_sources/hourly_forecasts/01_19a_hko_ecmwf_single_run_hourly_forecasts.csv,source_target_date_decision_rule_issue_time,2026-04-14,12h_prior,,,2026-04-08 18:00:00+00:00,2026-04-08 18:00:00+00:00,1,1,1,0,2026-04-14 20:00:00+08:00,2026-04-14 20:00:00+08:00,,1500.0,REJECTED,local_hour_count_1
data/interim/notebook02_sources/hourly_forecasts/01_19a_hko_ecmwf_single_run_hourly_forecasts.csv,source_target_date_decision_rule_issue_time,2026-04-09,12h_prior,,,2026-04-09 00:00:00+00:00,2026-04-09 00:00:00+00:00,1,1,1,0,2026-04-09 20:00:00+08:00,2026-04-09 20:00:00+08:00,,1500.0,REJECTED,local_hour_count_1
data/interim/notebook02_sources/hourly_forecasts/01_19a_hko_ecmwf_single_run_hourly_forecasts.csv,source_target_date_decision_rule_issue_time,2026-04-10,6h_prior,,,2026-04-09 00:00:00+00:00,2026-04-09 00:00:00+00:00,1,1,1,0,2026-04-10 14:00:00+08:00,2026-04-10 14:00:00+08:00,,1500.0,REJECTED,local_hour_count_1
data/interim/notebook02_sources/hourly_forecasts/01_19a_hko_ecmwf_single_run_hourly_forecasts.csv,source_target_date_decision_rule_issue_time,2026-04-10,12h_prior,,,2026-04-09 00:00:00+00:00,2026-04-09 00:00:00+00:00,1,1,1,0,2026-04-10 20:00:00+08:00,2026-04-10 20:00:00+08:00,,1500.0,REJECTED,local_hour_count_1
data/interim/notebook02_sources/hourly_forecasts/01_19a_hko_ecmwf_single_run_hourly_forecasts.csv,source_target_date_decision_rule_issue_time,2026-04-11,6h_prior,,,2026-04-09 00:00:00+00:00,2026-04-09 00:00:00+00:00,1,1,1,0,2026-04-11 14:00:00+08:00,2026-04-11 14:00:00+08:00,,1500.0,REJECTED,local_hour_count_1
data/interim/notebook02_sources/hourly_forecasts/01_19a_hko_ecmwf_single_run_hourly_forecasts.csv,source_target_date_decision_rule_issue_time,2026-04-11,12h_prior,,,2026-04-09 00:00:00+00:00,2026-04-09 00:00:00+00:00,1,1,1,0,2026-04-11 20:00:00+08:00,2026-04-11 20:00:00+08:00,,1500.0,REJECTED,local_hour_count_1
data/interim/notebook02_sources/hourly_forecasts/01_19a_hko_ecmwf_single_run_hourly_forecasts.csv,source_target_date_decision_rule_issue_time,2026-04-12,6h_prior,,,2026-04-09 00:00:00+00:00,2026-04-09 00:00:00+00:00,1,1,1,0,2026-04-12 14:00:00+08:00,2026-04-12 14:00:00+08:00,,1500.0,REJECTED,local_hour_count_1
data/interim/notebook02_sources/hourly_forecasts/01_19a_hko_ecmwf_single_run_hourly_forecasts.csv,source_target_date_decision_rule_issue_time,2026-04-12,12h_prior,,,2026-04-09 00:00:00+00:00,2026-04-09 00:00:00+00:00,1,1,1,0,2026-04-12 20:00:00+08:00,2026-04-12 20:00:00+08:00,,1500.0,REJECTED,local_hour_count_1
data/interim/notebook02_sources/hourly_forecasts/01_19a_hko_ecmwf_single_run_hourly_forecasts.csv,source_target_date_decision_rule_issue_time,2026-04-13,6h_prior,,,2026-04-09 00:00:00+00:00,2026-04-09 00:00:00+00:00,1,1,1,0,2026-04-13 14:00:00+08:00,2026-04-13 14:00:00+08:00,,1500.0,REJECTED,local_hour_count_1
data/interim/notebook02_sources/hourly_forecasts/01_19a_hko_ecmwf_single_run_hourly_forecasts.csv,source_target_date_decision_rule_issue_time,2026-04-13,12h_prior,,,2026-04-09 00:00:00+00:00,2026-04-09 00:00:00+00:00,1,1,1,0,2026-04-13 20:00:00+08:00,2026-04-13 20:00:00+08:00,,1500.0,REJECTED,local_hour_count_1
data/interim/notebook02_sources/hourly_forecasts/01_19a_hko_ecmwf_single_run_hourly_forecasts.csv,source_target_date_decision_rule_issue_time,2026-04-14,6h_prior,,,2026-04-09 00:00:00+00:00,2026-04-09 00:00:00+00:00,1,1,1,0,2026-04-14 14:00:00+08:00,2026-04-14 14:00:00+08:00,,1500.0,REJECTED,local_hour_count_1
data/interim/notebook02_sources/hourly_forecasts/01_19a_hko_ecmwf_single_run_hourly_forecasts.csv,source_target_date_decision_rule_issue_time,2026-04-14,12h_prior,,,2026-04-09 00:00:00+00:00,2026-04-09 00:00:00+00:00,1,1,1,0,2026-04-14 20:00:00+08:00,2026-04-14 20:00:00+08:00,,1500.0,REJECTED,local_hour_count_1
data/interim/notebook02_sources/hourly_forecasts/01_19a_hko_ecmwf_single_run_hourly_forecasts.csv,source_target_date_decision_rule_issue_time,2026-04-15,6h_prior,,,2026-04-09 00:00:00+00:00,2026-04-09 00:00:00+00:00,1,1,1,0,2026-04-15 14:00:00+08:00,2026-04-15 14:00:00+08:00,,1500.0,REJECTED,local_hour_count_1
data/interim/notebook02_sources/hourly_forecasts/01_19a_hko_ecmwf_single_run_hourly_forecasts.csv,source_target_date_decision_rule_issue_time,2026-04-15,12h_prior,,,2026-04-09 00:00:00+00:00,2026-04-09 00:00:00+00:00,1,1,1,0,2026-04-15 20:00:00+08:00,2026-04-15 20:00:00+08:00,,1500.0,REJECTED,local_hour_count_1
data/interim/notebook02_sources/hourly_forecasts/01_19a_hko_ecmwf_single_run_hourly_forecasts.csv,source_target_date_decision_rule_issue_time,2026-04-16,6h_prior,,,2026-04-09 00:00:00+00:00,2026-04-09 00:00:00+00:00,1,1,1,0,2026-04-16 14:00:00+08:00,2026-04-16 14:00:00+08:00,,1500.0,REJECTED,local_hour_count_1
data/interim/notebook02_sources/hourly_forecasts/01_19a_hko_ecmwf_single_run_hourly_forecasts.csv,source_target_date_decision_rule_issue_time,2026-04-16,12h_prior,,,2026-04-09 00:00:00+00:00,2026-04-09 00:00:00+00:00,1,1,1,0,2026-04-16 20:00:00+08:00,2026-04-16 20:00:00+08:00,,1500.0,REJECTED,local_hour_count_1
data/interim/notebook02_sources/hourly_forecasts/01_19a_hko_ecmwf_single_run_hourly_forecasts.csv,source_target_date_decision_rule_issue_time,2026-04-17,6h_prior,,,2026-04-09 00:00:00+00:00,2026-04-09 00:00:00+00:00,1,1,1,0,2026-04-17 14:00:00+08:00,2026-04-17 14:00:00+08:00,,1500.0,REJECTED,local_hour_count_1
data/interim/notebook02_sources/hourly_forecasts/01_19a_hko_ecmwf_single_run_hourly_forecasts.csv,source_target_date_decision_rule_issue_time,2026-04-17,12h_prior,,,2026-04-09 00:00:00+00:00,2026-04-09 00:00:00+00:00,1,1,1,0,2026-04-17 20:00:00+08:00,2026-04-17 20:00:00+08:00,,1500.0,REJECTED,local_hour_count_1
data/interim/notebook02_sources/hourly_forecasts/01_19a_hko_ecmwf_single_run_hourly_forecasts.csv,source_target_date_decision_rule_issue_time,2026-04-18,6h_prior,,,2026-04-09 00:00:00+00:00,2026-04-09 00:00:00+00:00,1,1,1,0,2026-04-18 14:00:00+08:00,2026-04-18 14:00:00+08:00,,1500.0,REJECTED,local_hour_count_1
data/interim/notebook02_sources/hourly_forecasts/01_19a_hko_ecmwf_single_run_hourly_forecasts.csv,source_target_date_decision_rule_issue_time,2026-04-18,12h_prior,,,2026-04-09 00:00:00+00:00,2026-04-09 00:00:00+00:00,1,1,1,0,2026-04-18 20:00:00+08:00,2026-04-18 20:00:00+08:00,,1500.0,REJECTED,local_hour_count_1
data/interim/notebook02_sources/hourly_forecasts/01_19a_hko_ecmwf_single_run_hourly_forecasts.csv,source_target_date_decision_rule_issue_time,2026-04-19,6h_prior,,,2026-04-09 00:00:00+00:00,2026-04-09 00:00:00+00:00,1,1,1,0,2026-04-19 14:00:00+08:00,2026-04-19 14:00:00+08:00,,1500.0,REJECTED,local_hour_count_1
data/interim/notebook02_sources/hourly_forecasts/01_19a_hko_ecmwf_single_run_hourly_forecasts.csv,source_target_date_decision_rule_issue_time,2026-04-10,6h_prior,,,2026-04-09 06:00:00+00:00,2026-04-09 06:00:00+00:00,1,1,1,0,2026-04-10 14:00:00+08:00,2026-04-10 14:00:00+08:00,,1500.0,REJECTED,local_hour_count_1
data/interim/notebook02_sources/hourly_forecasts/01_19a_hko_ecmwf_single_run_hourly_forecasts.csv,source_target_date_decision_rule_issue_time,2026-04-10,12h_prior,,,2026-04-09 06:00:00+00:00,2026-04-09 06:00:00+00:00,1,1,1,0,2026-04-10 20:00:00+08:00,2026-04-10 20:00:00+08:00,,1500.0,REJECTED,local_hour_count_1
data/interim/notebook02_sources/hourly_forecasts/01_19a_hko_ecmwf_single_run_hourly_forecasts.csv,source_target_date_decision_rule_issue_time,2026-04-11,6h_prior,,,2026-04-09 06:00:00+00:00,2026-04-09 06:00:00+00:00,1,1,1,0,2026-04-11 14:00:00+08:00,2026-04-11 14:00:00+08:00,,1500.0,REJECTED,local_hour_count_1
data/interim/notebook02_sources/hourly_forecasts/01_19a_hko_ecmwf_single_run_hourly_forecasts.csv,source_target_date_decision_rule_issue_time,2026-04-11,12h_prior,,,2026-04-09 06:00:00+00:00,2026-04-09 06:00:00+00:00,1,1,1,0,2026-04-11 20:00:00+08:00,2026-04-11 20:00:00+08:00,,1500.0,REJECTED,local_hour_count_1
data/interim/notebook02_sources/hourly_forecasts/01_19a_hko_ecmwf_single_run_hourly_forecasts.csv,source_target_date_decision_rule_issue_time,2026-04-12,6h_prior,,,2026-04-09 06:00:00+00:00,2026-04-09 06:00:00+00:00,1,1,1,0,2026-04-12 14:00:00+08:00,2026-04-12 14:00:00+08:00,,1500.0,REJECTED,local_hour_count_1
data/interim/notebook02_sources/hourly_forecasts/01_19a_hko_ecmwf_single_run_hourly_forecasts.csv,source_target_date_decision_rule_issue_time,2026-04-12,12h_prior,,,2026-04-09 06:00:00+00:00,2026-04-09 06:00:00+00:00,1,1,1,0,2026-04-12 20:00:00+08:00,2026-04-12 20:00:00+08:00,,1500.0,REJECTED,local_hour_count_1
data/interim/notebook02_sources/hourly_forecasts/01_19a_hko_ecmwf_single_run_hourly_forecasts.csv,source_target_date_decision_rule_issue_time,2026-04-13,6h_prior,,,2026-04-09 06:00:00+00:00,2026-04-09 06:00:00+00:00,1,1,1,0,2026-04-13 14:00:00+08:00,2026-04-13 14:00:00+08:00,,1500.0,REJECTED,local_hour_count_1
data/interim/notebook02_sources/hourly_forecasts/01_19a_hko_ecmwf_single_run_hourly_forecasts.csv,source_target_date_decision_rule_issue_time,2026-04-13,12h_prior,,,2026-04-09 06:00:00+00:00,2026-04-09 06:00:00+00:00,1,1,1,0,2026-04-13 20:00:00+08:00,2026-04-13 20:00:00+08:00,,1500.0,REJECTED,local_hour_count_1
data/interim/notebook02_sources/hourly_forecasts/01_19a_hko_ecmwf_single_run_hourly_forecasts.csv,source_target_date_decision_rule_issue_time,2026-04-14,6h_prior,,,2026-04-09 06:00:00+00:00,2026-04-09 06:00:00+00:00,1,1,1,0,2026-04-14 14:00:00+08:00,2026-04-14 14:00:00+08:00,,1500.0,REJECTED,local_hour_count_1
data/interim/notebook02_sources/hourly_forecasts/01_19a_hko_ecmwf_single_run_hourly_forecasts.csv,source_target_date_decision_rule_issue_time,2026-04-14,12h_prior,,,2026-04-09 06:00:00+00:00,2026-04-09 06:00:00+00:00,1,1,1,0,2026-04-14 20:00:00+08:00,2026-04-14 20:00:00+08:00,,1500.0,REJECTED,local_hour_count_1
data/interim/notebook02_sources/hourly_forecasts/01_19a_hko_ecmwf_single_run_hourly_forecasts.csv,source_target_date_decision_rule_issue_time,2026-04-15,6h_prior,,,2026-04-09 06:00:00+00:00,2026-04-09 06:00:00+00:00,1,1,1,0,2026-04-15 14:00:00+08:00,2026-04-15 14:00:00+08:00,,1500.0,REJECTED,local_hour_count_1
data/interim/notebook02_sources/hourly_forecasts/01_19a_hko_ecmwf_single_run_hourly_forecasts.csv,source_target_date_decision_rule_issue_time,2026-04-15,12h_prior,,,2026-04-09 06:00:00+00:00,2026-04-09 06:00:00+00:00,1,1,1,0,2026-04-15 20:00:00+08:00,2026-04-15 20:00:00+08:00,,1500.0,REJECTED,local_hour_count_1
data/interim/notebook02_sources/hourly_forecasts/01_19a_hko_ecmwf_single_run_hourly_forecasts.csv,source_target_date_decision_rule_issue_time,2026-04-10,6h_prior,,,2026-04-09 18:00:00+00:00,2026-04-09 18:00:00+00:00,1,1,1,0,2026-04-10 14:00:00+08:00,2026-04-10 14:00:00+08:00,,1500.0,REJECTED,local_hour_count_1
data/interim/notebook02_sources/hourly_forecasts/01_19a_hko_ecmwf_single_run_hourly_forecasts.csv,source_target_date_decision_rule_issue_time,2026-04-10,12h_prior,,,2026-04-09 18:00:00+00:00,2026-04-09 18:00:00+00:00,1,1,1,0,2026-04-10 20:00:00+08:00,2026-04-10 20:00:00+08:00,,1500.0,REJECTED,local_hour_count_1
data/interim/notebook02_sources/hourly_forecasts/01_19a_hko_ecmwf_single_run_hourly_forecasts.csv,source_target_date_decision_rule_issue_time,2026-04-11,6h_prior,,,2026-04-09 18:00:00+00:00,2026-04-09 18:00:00+00:00,1,1,1,0,2026-04-11 14:00:00+08:00,2026-04-11 14:00:00+08:00,,1500.0,REJECTED,local_hour_count_1
data/interim/notebook02_sources/hourly_forecasts/01_19a_hko_ecmwf_single_run_hourly_forecasts.csv,source_target_date_decision_rule_issue_time,2026-04-11,12h_prior,,,2026-04-09 18:00:00+00:00,2026-04-09 18:00:00+00:00,1,1,1,0,2026-04-11 20:00:00+08:00,2026-04-11 20:00:00+08:00,,1500.0,REJECTED,local_hour_count_1
data/interim/notebook02_sources/hourly_forecasts/01_19a_hko_ecmwf_single_run_hourly_forecasts.csv,source_target_date_decision_rule_issue_time,2026-04-12,6h_prior,,,2026-04-09 18:00:00+00:00,2026-04-09 18:00:00+00:00,1,1,1,0,2026-04-12 14:00:00+08:00,2026-04-12 14:00:00+08:00,,1500.0,REJECTED,local_hour_count_1
data/interim/notebook02_sources/hourly_forecasts/01_19a_hko_ecmwf_single_run_hourly_forecasts.csv,source_target_date_decision_rule_issue_time,2026-04-12,12h_prior,,,2026-04-09 18:00:00+00:00,2026-04-09 18:00:00+00:00,1,1,1,0,2026-04-12 20:00:00+08:00,2026-04-12 20:00:00+08:00,,1500.0,REJECTED,local_hour_count_1
data/interim/notebook02_sources/hourly_forecasts/01_19a_hko_ecmwf_single_run_hourly_forecasts.csv,source_target_date_decision_rule_issue_time,2026-04-13,6h_prior,,,2026-04-09 18:00:00+00:00,2026-04-09 18:00:00+00:00,1,1,1,0,2026-04-13 14:00:00+08:00,2026-04-13 14:00:00+08:00,,1500.0,REJECTED,local_hour_count_1
data/interim/notebook02_sources/hourly_forecasts/01_19a_hko_ecmwf_single_run_hourly_forecasts.csv,source_target_date_decision_rule_issue_time,2026-04-13,12h_prior,,,2026-04-09 18:00:00+00:00,2026-04-09 18:00:00+00:00,1,1,1,0,2026-04-13 20:00:00+08:00,2026-04-13 20:00:00+08:00,,1500.0,REJECTED,local_hour_count_1
data/interim/notebook02_sources/hourly_forecasts/01_19a_hko_ecmwf_single_run_hourly_forecasts.csv,source_target_date_decision_rule_issue_time,2026-04-14,6h_prior,,,2026-04-09 18:00:00+00:00,2026-04-09 18:00:00+00:00,1,1,1,0,2026-04-14 14:00:00+08:00,2026-04-14 14:00:00+08:00,,1500.0,REJECTED,local_hour_count_1
data/interim/notebook02_sources/hourly_forecasts/01_19a_hko_ecmwf_single_run_hourly_forecasts.csv,source_target_date_decision_rule_issue_time,2026-04-14,12h_prior,,,2026-04-09 18:00:00+00:00,2026-04-09 18:00:00+00:00,1,1,1,0,2026-04-14 20:00:00+08:00,2026-04-14 20:00:00+08:00,,1500.0,REJECTED,local_hour_count_1
data/interim/notebook02_sources/hourly_forecasts/01_19a_hko_ecmwf_single_run_hourly_forecasts.csv,source_target_date_decision_rule_issue_time,2026-04-15,6h_prior,,,2026-04-09 18:00:00+00:00,2026-04-09 18:00:00+00:00,1,1,1,0,2026-04-15 14:00:00+08:00,2026-04-15 14:00:00+08:00,,1500.0,REJECTED,local_hour_count_1
data/interim/notebook02_sources/hourly_forecasts/01_19a_hko_ecmwf_single_run_hourly_forecasts.csv,source_target_date_decision_rule_issue_time,2026-04-15,12h_prior,,,2026-04-09 18:00:00+00:00,2026-04-09 18:00:00+00:00,1,1,1,0,2026-04-15 20:00:00+08:00,2026-04-15 20:00:00+08:00,,1500.0,REJECTED,local_hour_count_1
data/interim/notebook02_sources/hourly_forecasts/01_19a_hko_ecmwf_single_run_hourly_forecasts.csv,source_target_date_decision_rule_issue_time,2026-04-10,12h_prior,,,2026-04-10 00:00:00+00:00,2026-04-10 00:00:00+00:00,1,1,1,0,2026-04-10 20:00:00+08:00,2026-04-10 20:00:00+08:00,,1500.0,REJECTED,local_hour_count_1
data/interim/notebook02_sources/hourly_forecasts/01_19a_hko_ecmwf_single_run_hourly_forecasts.csv,source_target_date_decision_rule_issue_time,2026-04-11,6h_prior,,,2026-04-10 00:00:00+00:00,2026-04-10 00:00:00+00:00,1,1,1,0,2026-04-11 14:00:00+08:00,2026-04-11 14:00:00+08:00,,1500.0,REJECTED,local_hour_count_1
data/interim/notebook02_sources/hourly_forecasts/01_19a_hko_ecmwf_single_run_hourly_forecasts.csv,source_target_date_decision_rule_issue_time,2026-04-11,12h_prior,,,2026-04-10 00:00:00+00:00,2026-04-10 00:00:00+00:00,1,1,1,0,2026-04-11 20:00:00+08:00,2026-04-11 20:00:00+08:00,,1500.0,REJECTED,local_hour_count_1
data/interim/notebook02_sources/hourly_forecasts/01_19a_hko_ecmwf_single_run_hourly_forecasts.csv,source_target_date_decision_rule_issue_time,2026-04-12,6h_prior,,,2026-04-10 00:00:00+00:00,2026-04-10 00:00:00+00:00,1,1,1,0,2026-04-12 14:00:00+08:00,2026-04-12 14:00:00+08:00,,1500.0,REJECTED,local_hour_count_1
data/interim/notebook02_sources/hourly_forecasts/01_19a_hko_ecmwf_single_run_hourly_forecasts.csv,source_target_date_decision_rule_issue_time,2026-04-12,12h_prior,,,2026-04-10 00:00:00+00:00,2026-04-10 00:00:00+00:00,1,1,1,0,2026-04-12 20:00:00+08:00,2026-04-12 20:00:00+08:00,,1500.0,REJECTED,local_hour_count_1
data/interim/notebook02_sources/hourly_forecasts/01_19a_hko_ecmwf_single_run_hourly_forecasts.csv,source_target_date_decision_rule_issue_time,2026-04-13,6h_prior,,,2026-04-10 00:00:00+00:00,2026-04-10 00:00:00+00:00,1,1,1,0,2026-04-13 14:00:00+08:00,2026-04-13 14:00:00+08:00,,1500.0,REJECTED,local_hour_count_1
data/interim/notebook02_sources/hourly_forecasts/01_19a_hko_ecmwf_single_run_hourly_forecasts.csv,source_target_date_decision_rule_issue_time,2026-04-13,12h_prior,,,2026-04-10 00:00:00+00:00,2026-04-10 00:00:00+00:00,1,1,1,0,2026-04-13 20:00:00+08:00,2026-04-13 20:00:00+08:00,,1500.0,REJECTED,local_hour_count_1
data/interim/notebook02_sources/hourly_forecasts/01_19a_hko_ecmwf_single_run_hourly_forecasts.csv,source_target_date_decision_rule_issue_time,2026-04-14,6h_prior,,,2026-04-10 00:00:00+00:00,2026-04-10 00:00:00+00:00,1,1,1,0,2026-04-14 14:00:00+08:00,2026-04-14 14:00:00+08:00,,1500.0,REJECTED,local_hour_count_1
data/interim/notebook02_sources/hourly_forecasts/01_19a_hko_ecmwf_single_run_hourly_forecasts.csv,source_target_date_decision_rule_issue_time,2026-04-14,12h_prior,,,2026-04-10 00:00:00+00:00,2026-04-10 00:00:00+00:00,1,1,1,0,2026-04-14 20:00:00+08:00,2026-04-14 20:00:00+08:00,,1500.0,REJECTED,local_hour_count_1
data/interim/notebook02_sources/hourly_forecasts/01_19a_hko_ecmwf_single_run_hourly_forecasts.csv,source_target_date_decision_rule_issue_time,2026-04-15,6h_prior,,,2026-04-10 00:00:00+00:00,2026-04-10 00:00:00+00:00,1,1,1,0,2026-04-15 14:00:00+08:00,2026-04-15 14:00:00+08:00,,1500.0,REJECTED,local_hour_count_1
data/interim/notebook02_sources/hourly_forecasts/01_19a_hko_ecmwf_single_run_hourly_forecasts.csv,source_target_date_decision_rule_issue_time,2026-04-15,12h_prior,,,2026-04-10 00:00:00+00:00,2026-04-10 00:00:00+00:00,1,1,1,0,2026-04-15 20:00:00+08:00,2026-04-15 20:00:00+08:00,,1500.0,REJECTED,local_hour_count_1
data/interim/notebook02_sources/hourly_forecasts/01_19a_hko_ecmwf_single_run_hourly_forecasts.csv,source_target_date_decision_rule_issue_time,2026-04-16,6h_prior,,,2026-04-10 00:00:00+00:00,2026-04-10 00:00:00+00:00,1,1,1,0,2026-04-16 14:00:00+08:00,2026-04-16 14:00:00+08:00,,1500.0,REJECTED,local_hour_count_1
data/interim/notebook02_sources/hourly_forecasts/01_19a_hko_ecmwf_single_run_hourly_forecasts.csv,source_target_date_decision_rule_issue_time,2026-04-16,12h_prior,,,2026-04-10 00:00:00+00:00,2026-04-10 00:00:00+00:00,1,1,1,0,2026-04-16 20:00:00+08:00,2026-04-16 20:00:00+08:00,,1500.0,REJECTED,local_hour_count_1
data/interim/notebook02_sources/hourly_forecasts/01_19a_hko_ecmwf_single_run_hourly_forecasts.csv,source_target_date_decision_rule_issue_time,2026-04-17,6h_prior,,,2026-04-10 00:00:00+00:00,2026-04-10 00:00:00+00:00,1,1,1,0,2026-04-17 14:00:00+08:00,2026-04-17 14:00:00+08:00,,1500.0,REJECTED,local_hour_count_1
data/interim/notebook02_sources/hourly_forecasts/01_19a_hko_ecmwf_single_run_hourly_forecasts.csv,source_target_date_decision_rule_issue_time,2026-04-17,12h_prior,,,2026-04-10 00:00:00+00:00,2026-04-10 00:00:00+00:00,1,1,1,0,2026-04-17 20:00:00+08:00,2026-04-17 20:00:00+08:00,,1500.0,REJECTED,local_hour_count_1
data/interim/notebook02_sources/hourly_forecasts/01_19a_hko_ecmwf_single_run_hourly_forecasts.csv,source_target_date_decision_rule_issue_time,2026-04-18,6h_prior,,,2026-04-10 00:00:00+00:00,2026-04-10 00:00:00+00:00,1,1,1,0,2026-04-18 14:00:00+08:00,2026-04-18 14:00:00+08:00,,1500.0,REJECTED,local_hour_count_1
data/interim/notebook02_sources/hourly_forecasts/01_19a_hko_ecmwf_single_run_hourly_forecasts.csv,source_target_date_decision_rule_issue_time,2026-04-18,12h_prior,,,2026-04-10 00:00:00+00:00,2026-04-10 00:00:00+00:00,1,1,1,0,2026-04-18 20:00:00+08:00,2026-04-18 20:00:00+08:00,,1500.0,REJECTED,local_hour_count_1
data/interim/notebook02_sources/hourly_forecasts/01_19a_hko_ecmwf_single_run_hourly_forecasts.csv,source_target_date_decision_rule_issue_time,2026-04-19,6h_prior,,,2026-04-10 00:00:00+00:00,2026-04-10 00:00:00+00:00,1,1,1,0,2026-04-19 14:00:00+08:00,2026-04-19 14:00:00+08:00,,1500.0,REJECTED,local_hour_count_1
data/interim/notebook02_sources/hourly_forecasts/01_19a_hko_ecmwf_single_run_hourly_forecasts.csv,source_target_date_decision_rule_issue_time,2026-04-19,12h_prior,,,2026-04-10 00:00:00+00:00,2026-04-10 00:00:00+00:00,1,1,1,0,2026-04-19 20:00:00+08:00,2026-04-19 20:00:00+08:00,,1500.0,REJECTED,local_hour_count_1
data/interim/notebook02_sources/hourly_forecasts/01_19a_hko_ecmwf_single_run_hourly_forecasts.csv,source_target_date_decision_rule_issue_time,2026-04-20,6h_prior,,,2026-04-10 00:00:00+00:00,2026-04-10 00:00:00+00:00,1,1,1,0,2026-04-20 14:00:00+08:00,2026-04-20 14:00:00+08:00,,1500.0,REJECTED,local_hour_count_1
data/interim/notebook02_sources/hourly_forecasts/01_19a_hko_ecmwf_single_run_hourly_forecasts.csv,source_target_date_decision_rule_issue_time,2026-04-11,6h_prior,,,2026-04-10 06:00:00+00:00,2026-04-10 06:00:00+00:00,1,1,1,0,2026-04-11 14:00:00+08:00,2026-04-11 14:00:00+08:00,,1500.0,REJECTED,local_hour_count_1
data/interim/notebook02_sources/hourly_forecasts/01_19a_hko_ecmwf_single_run_hourly_forecasts.csv,source_target_date_decision_rule_issue_time,2026-04-11,12h_prior,,,2026-04-10 06:00:00+00:00,2026-04-10 06:00:00+00:00,1,1,1,0,2026-04-11 20:00:00+08:00,2026-04-11 20:00:00+08:00,,1500.0,REJECTED,local_hour_count_1
data/interim/notebook02_sources/hourly_forecasts/01_19a_hko_ecmwf_single_run_hourly_forecasts.csv,source_target_date_decision_rule_issue_time,2026-04-12,6h_prior,,,2026-04-10 06:00:00+00:00,2026-04-10 06:00:00+00:00,1,1,1,0,2026-04-12 14:00:00+08:00,2026-04-12 14:00:00+08:00,,1500.0,REJECTED,local_hour_count_1
data/interim/notebook02_sources/hourly_forecasts/01_19a_hko_ecmwf_single_run_hourly_forecasts.csv,source_target_date_decision_rule_issue_time,2026-04-12,12h_prior,,,2026-04-10 06:00:00+00:00,2026-04-10 06:00:00+00:00,1,1,1,0,2026-04-12 20:00:00+08:00,2026-04-12 20:00:00+08:00,,1500.0,REJECTED,local_hour_count_1
data/interim/notebook02_sources/hourly_forecasts/01_19a_hko_ecmwf_single_run_hourly_forecasts.csv,source_target_date_decision_rule_issue_time,2026-04-13,6h_prior,,,2026-04-10 06:00:00+00:00,2026-04-10 06:00:00+00:00,1,1,1,0,2026-04-13 14:00:00+08:00,2026-04-13 14:00:00+08:00,,1500.0,REJECTED,local_hour_count_1
data/interim/notebook02_sources/hourly_forecasts/01_19a_hko_ecmwf_single_run_hourly_forecasts.csv,source_target_date_decision_rule_issue_time,2026-04-13,12h_prior,,,2026-04-10 06:00:00+00:00,2026-04-10 06:00:00+00:00,1,1,1,0,2026-04-13 20:00:00+08:00,2026-04-13 20:00:00+08:00,,1500.0,REJECTED,local_hour_count_1
data/interim/notebook02_sources/hourly_forecasts/01_19a_hko_ecmwf_single_run_hourly_forecasts.csv,source_target_date_decision_rule_issue_time,2026-04-14,6h_prior,,,2026-04-10 06:00:00+00:00,2026-04-10 06:00:00+00:00,1,1,1,0,2026-04-14 14:00:00+08:00,2026-04-14 14:00:00+08:00,,1500.0,REJECTED,local_hour_count_1
data/interim/notebook02_sources/hourly_forecasts/01_19a_hko_ecmwf_single_run_hourly_forecasts.csv,source_target_date_decision_rule_issue_time,2026-04-14,12h_prior,,,2026-04-10 06:00:00+00:00,2026-04-10 06:00:00+00:00,1,1,1,0,2026-04-14 20:00:00+08:00,2026-04-14 20:00:00+08:00,,1500.0,REJECTED,local_hour_count_1
data/interim/notebook02_sources/hourly_forecasts/01_19a_hko_ecmwf_single_run_hourly_forecasts.csv,source_target_date_decision_rule_issue_time,2026-04-15,6h_prior,,,2026-04-10 06:00:00+00:00,2026-04-10 06:00:00+00:00,1,1,1,0,2026-04-15 14:00:00+08:00,2026-04-15 14:00:00+08:00,,1500.0,REJECTED,local_hour_count_1
data/interim/notebook02_sources/hourly_forecasts/01_19a_hko_ecmwf_single_run_hourly_forecasts.csv,source_target_date_decision_rule_issue_time,2026-04-15,12h_prior,,,2026-04-10 06:00:00+00:00,2026-04-10 06:00:00+00:00,1,1,1,0,2026-04-15 20:00:00+08:00,2026-04-15 20:00:00+08:00,,1500.0,REJECTED,local_hour_count_1
data/interim/notebook02_sources/hourly_forecasts/01_19a_hko_ecmwf_single_run_hourly_forecasts.csv,source_target_date_decision_rule_issue_time,2026-04-16,6h_prior,,,2026-04-10 06:00:00+00:00,2026-04-10 06:00:00+00:00,1,1,1,0,2026-04-16 14:00:00+08:00,2026-04-16 14:00:00+08:00,,1500.0,REJECTED,local_hour_count_1
data/interim/notebook02_sources/hourly_forecasts/01_19a_hko_ecmwf_single_run_hourly_forecasts.csv,source_target_date_decision_rule_issue_time,2026-04-16,12h_prior,,,2026-04-10 06:00:00+00:00,2026-04-10 06:00:00+00:00,1,1,1,0,2026-04-16 20:00:00+08:00,2026-04-16 20:00:00+08:00,,1500.0,REJECTED,local_hour_count_1
data/interim/notebook02_sources/hourly_forecasts/01_19a_hko_ecmwf_single_run_hourly_forecasts.csv,source_target_date_decision_rule_issue_time,2026-04-11,6h_prior,,,2026-04-10 18:00:00+00:00,2026-04-10 18:00:00+00:00,1,1,1,0,2026-04-11 14:00:00+08:00,2026-04-11 14:00:00+08:00,,1500.0,REJECTED,local_hour_count_1
data/interim/notebook02_sources/hourly_forecasts/01_19a_hko_ecmwf_single_run_hourly_forecasts.csv,source_target_date_decision_rule_issue_time,2026-04-11,12h_prior,,,2026-04-10 18:00:00+00:00,2026-04-10 18:00:00+00:00,1,1,1,0,2026-04-11 20:00:00+08:00,2026-04-11 20:00:00+08:00,,1500.0,REJECTED,local_hour_count_1
data/interim/notebook02_sources/hourly_forecasts/01_19a_hko_ecmwf_single_run_hourly_forecasts.csv,source_target_date_decision_rule_issue_time,2026-04-12,6h_prior,,,2026-04-10 18:00:00+00:00,2026-04-10 18:00:00+00:00,1,1,1,0,2026-04-12 14:00:00+08:00,2026-04-12 14:00:00+08:00,,1500.0,REJECTED,local_hour_count_1
data/interim/notebook02_sources/hourly_forecasts/01_19a_hko_ecmwf_single_run_hourly_forecasts.csv,source_target_date_decision_rule_issue_time,2026-04-12,12h_prior,,,2026-04-10 18:00:00+00:00,2026-04-10 18:00:00+00:00,1,1,1,0,2026-04-12 20:00:00+08:00,2026-04-12 20:00:00+08:00,,1500.0,REJECTED,local_hour_count_1
data/interim/notebook02_sources/hourly_forecasts/01_19a_hko_ecmwf_single_run_hourly_forecasts.csv,source_target_date_decision_rule_issue_time,2026-04-13,6h_prior,,,2026-04-10 18:00:00+00:00,2026-04-10 18:00:00+00:00,1,1,1,0,2026-04-13 14:00:00+08:00,2026-04-13 14:00:00+08:00,,1500.0,REJECTED,local_hour_count_1
data/interim/notebook02_sources/hourly_forecasts/01_19a_hko_ecmwf_single_run_hourly_forecasts.csv,source_target_date_decision_rule_issue_time,2026-04-13,12h_prior,,,2026-04-10 18:00:00+00:00,2026-04-10 18:00:00+00:00,1,1,1,0,2026-04-13 20:00:00+08:00,2026-04-13 20:00:00+08:00,,1500.0,REJECTED,local_hour_count_1
data/interim/notebook02_sources/hourly_forecasts/01_19a_hko_ecmwf_single_run_hourly_forecasts.csv,source_target_date_decision_rule_issue_time,2026-04-14,6h_prior,,,2026-04-10 18:00:00+00:00,2026-04-10 18:00:00+00:00,1,1,1,0,2026-04-14 14:00:00+08:00,2026-04-14 14:00:00+08:00,,1500.0,REJECTED,local_hour_count_1
data/interim/notebook02_sources/hourly_forecasts/01_19a_hko_ecmwf_single_run_hourly_forecasts.csv,source_target_date_decision_rule_issue_time,2026-04-14,12h_prior,,,2026-04-10 18:00:00+00:00,2026-04-10 18:00:00+00:00,1,1,1,0,2026-04-14 20:00:00+08:00,2026-04-14 20:00:00+08:00,,1500.0,REJECTED,local_hour_count_1
data/interim/notebook02_sources/hourly_forecasts/01_19a_hko_ecmwf_single_run_hourly_forecasts.csv,source_target_date_decision_rule_issue_time,2026-04-15,6h_prior,,,2026-04-10 18:00:00+00:00,2026-04-10 18:00:00+00:00,1,1,1,0,2026-04-15 14:00:00+08:00,2026-04-15 14:00:00+08:00,,1500.0,REJECTED,local_hour_count_1
data/interim/notebook02_sources/hourly_forecasts/01_19a_hko_ecmwf_single_run_hourly_forecasts.csv,source_target_date_decision_rule_issue_time,2026-04-15,12h_prior,,,2026-04-10 18:00:00+00:00,2026-04-10 18:00:00+00:00,1,1,1,0,2026-04-15 20:00:00+08:00,2026-04-15 20:00:00+08:00,,1500.0,REJECTED,local_hour_count_1
data/interim/notebook02_sources/hourly_forecasts/01_19a_hko_ecmwf_single_run_hourly_forecasts.csv,source_target_date_decision_rule_issue_time,2026-04-16,6h_prior,,,2026-04-10 18:00:00+00:00,2026-04-10 18:00:00+00:00,1,1,1,0,2026-04-16 14:00:00+08:00,2026-04-16 14:00:00+08:00,,1500.0,REJECTED,local_hour_count_1
data/interim/notebook02_sources/hourly_forecasts/01_19a_hko_ecmwf_single_run_hourly_forecasts.csv,source_target_date_decision_rule_issue_time,2026-04-16,12h_prior,,,2026-04-10 18:00:00+00:00,2026-04-10 18:00:00+00:00,1,1,1,0,2026-04-16 20:00:00+08:00,2026-04-16 20:00:00+08:00,,1500.0,REJECTED,local_hour_count_1
data/interim/notebook02_sources/hourly_forecasts/01_19a_hko_ecmwf_single_run_hourly_forecasts.csv,source_target_date_decision_rule_issue_time,2026-04-11,12h_prior,,,2026-04-11 00:00:00+00:00,2026-04-11 00:00:00+00:00,1,1,1,0,2026-04-11 20:00:00+08:00,2026-04-11 20:00:00+08:00,,1500.0,REJECTED,local_hour_count_1
data/interim/notebook02_sources/hourly_forecasts/01_19a_hko_ecmwf_single_run_hourly_forecasts.csv,source_target_date_decision_rule_issue_time,2026-04-12,6h_prior,,,2026-04-11 00:00:00+00:00,2026-04-11 00:00:00+00:00,1,1,1,0,2026-04-12 14:00:00+08:00,2026-04-12 14:00:00+08:00,,1500.0,REJECTED,local_hour_count_1
data/interim/notebook02_sources/hourly_forecasts/01_19a_hko_ecmwf_single_run_hourly_forecasts.csv,source_target_date_decision_rule_issue_time,2026-04-12,12h_prior,,,2026-04-11 00:00:00+00:00,2026-04-11 00:00:00+00:00,1,1,1,0,2026-04-12 20:00:00+08:00,2026-04-12 20:00:00+08:00,,1500.0,REJECTED,local_hour_count_1
data/interim/notebook02_sources/hourly_forecasts/01_19a_hko_ecmwf_single_run_hourly_forecasts.csv,source_target_date_decision_rule_issue_time,2026-04-13,6h_prior,,,2026-04-11 00:00:00+00:00,2026-04-11 00:00:00+00:00,1,1,1,0,2026-04-13 14:00:00+08:00,2026-04-13 14:00:00+08:00,,1500.0,REJECTED,local_hour_count_1
data/interim/notebook02_sources/hourly_forecasts/01_19a_hko_ecmwf_single_run_hourly_forecasts.csv,source_target_date_decision_rule_issue_time,2026-04-13,12h_prior,,,2026-04-11 00:00:00+00:00,2026-04-11 00:00:00+00:00,1,1,1,0,2026-04-13 20:00:00+08:00,2026-04-13 20:00:00+08:00,,1500.0,REJECTED,local_hour_count_1
data/interim/notebook02_sources/hourly_forecasts/01_19a_hko_ecmwf_single_run_hourly_forecasts.csv,source_target_date_decision_rule_issue_time,2026-04-14,6h_prior,,,2026-04-11 00:00:00+00:00,2026-04-11 00:00:00+00:00,1,1,1,0,2026-04-14 14:00:00+08:00,2026-04-14 14:00:00+08:00,,1500.0,REJECTED,local_hour_count_1
data/interim/notebook02_sources/hourly_forecasts/01_19a_hko_ecmwf_single_run_hourly_forecasts.csv,source_target_date_decision_rule_issue_time,2026-04-14,12h_prior,,,2026-04-11 00:00:00+00:00,2026-04-11 00:00:00+00:00,1,1,1,0,2026-04-14 20:00:00+08:00,2026-04-14 20:00:00+08:00,,1500.0,REJECTED,local_hour_count_1
data/interim/notebook02_sources/hourly_forecasts/01_19a_hko_ecmwf_single_run_hourly_forecasts.csv,source_target_date_decision_rule_issue_time,2026-04-15,6h_prior,,,2026-04-11 00:00:00+00:00,2026-04-11 00:00:00+00:00,1,1,1,0,2026-04-15 14:00:00+08:00,2026-04-15 14:00:00+08:00,,1500.0,REJECTED,local_hour_count_1
data/interim/notebook02_sources/hourly_forecasts/01_19a_hko_ecmwf_single_run_hourly_forecasts.csv,source_target_date_decision_rule_issue_time,2026-04-15,12h_prior,,,2026-04-11 00:00:00+00:00,2026-04-11 00:00:00+00:00,1,1,1,0,2026-04-15 20:00:00+08:00,2026-04-15 20:00:00+08:00,,1500.0,REJECTED,local_hour_count_1
data/interim/notebook02_sources/hourly_forecasts/01_19a_hko_ecmwf_single_run_hourly_forecasts.csv,source_target_date_decision_rule_issue_time,2026-04-16,6h_prior,,,2026-04-11 00:00:00+00:00,2026-04-11 00:00:00+00:00,1,1,1,0,2026-04-16 14:00:00+08:00,2026-04-16 14:00:00+08:00,,1500.0,REJECTED,local_hour_count_1
data/interim/notebook02_sources/hourly_forecasts/01_19a_hko_ecmwf_single_run_hourly_forecasts.csv,source_target_date_decision_rule_issue_time,2026-04-16,12h_prior,,,2026-04-11 00:00:00+00:00,2026-04-11 00:00:00+00:00,1,1,1,0,2026-04-16 20:00:00+08:00,2026-04-16 20:00:00+08:00,,1500.0,REJECTED,local_hour_count_1
data/interim/notebook02_sources/hourly_forecasts/01_19a_hko_ecmwf_single_run_hourly_forecasts.csv,source_target_date_decision_rule_issue_time,2026-04-17,6h_prior,,,2026-04-11 00:00:00+00:00,2026-04-11 00:00:00+00:00,1,1,1,0,2026-04-17 14:00:00+08:00,2026-04-17 14:00:00+08:00,,1500.0,REJECTED,local_hour_count_1
data/interim/notebook02_sources/hourly_forecasts/01_19a_hko_ecmwf_single_run_hourly_forecasts.csv,source_target_date_decision_rule_issue_time,2026-04-17,12h_prior,,,2026-04-11 00:00:00+00:00,2026-04-11 00:00:00+00:00,1,1,1,0,2026-04-17 20:00:00+08:00,2026-04-17 20:00:00+08:00,,1500.0,REJECTED,local_hour_count_1
data/interim/notebook02_sources/hourly_forecasts/01_19a_hko_ecmwf_single_run_hourly_forecasts.csv,source_target_date_decision_rule_issue_time,2026-04-18,6h_prior,,,2026-04-11 00:00:00+00:00,2026-04-11 00:00:00+00:00,1,1,1,0,2026-04-18 14:00:00+08:00,2026-04-18 14:00:00+08:00,,1500.0,REJECTED,local_hour_count_1
data/interim/notebook02_sources/hourly_forecasts/01_19a_hko_ecmwf_single_run_hourly_forecasts.csv,source_target_date_decision_rule_issue_time,2026-04-18,12h_prior,,,2026-04-11 00:00:00+00:00,2026-04-11 00:00:00+00:00,1,1,1,0,2026-04-18 20:00:00+08:00,2026-04-18 20:00:00+08:00,,1500.0,REJECTED,local_hour_count_1
data/interim/notebook02_sources/hourly_forecasts/01_19a_hko_ecmwf_single_run_hourly_forecasts.csv,source_target_date_decision_rule_issue_time,2026-04-19,6h_prior,,,2026-04-11 00:00:00+00:00,2026-04-11 00:00:00+00:00,1,1,1,0,2026-04-19 14:00:00+08:00,2026-04-19 14:00:00+08:00,,1500.0,REJECTED,local_hour_count_1
data/interim/notebook02_sources/hourly_forecasts/01_19a_hko_ecmwf_single_run_hourly_forecasts.csv,source_target_date_decision_rule_issue_time,2026-04-19,12h_prior,,,2026-04-11 00:00:00+00:00,2026-04-11 00:00:00+00:00,1,1,1,0,2026-04-19 20:00:00+08:00,2026-04-19 20:00:00+08:00,,1500.0,REJECTED,local_hour_count_1
data/interim/notebook02_sources/hourly_forecasts/01_19a_hko_ecmwf_single_run_hourly_forecasts.csv,source_target_date_decision_rule_issue_time,2026-04-20,6h_prior,,,2026-04-11 00:00:00+00:00,2026-04-11 00:00:00+00:00,1,1,1,0,2026-04-20 14:00:00+08:00,2026-04-20 14:00:00+08:00,,1500.0,REJECTED,local_hour_count_1
data/interim/notebook02_sources/hourly_forecasts/01_19a_hko_ecmwf_single_run_hourly_forecasts.csv,source_target_date_decision_rule_issue_time,2026-04-20,12h_prior,,,2026-04-11 00:00:00+00:00,2026-04-11 00:00:00+00:00,1,1,1,0,2026-04-20 20:00:00+08:00,2026-04-20 20:00:00+08:00,,1500.0,REJECTED,local_hour_count_1
data/interim/notebook02_sources/hourly_forecasts/01_19a_hko_ecmwf_single_run_hourly_forecasts.csv,source_target_date_decision_rule_issue_time,2026-04-21,6h_prior,,,2026-04-11 00:00:00+00:00,2026-04-11 00:00:00+00:00,1,1,1,0,2026-04-21 14:00:00+08:00,2026-04-21 14:00:00+08:00,,1500.0,REJECTED,local_hour_count_1
data/interim/notebook02_sources/hourly_forecasts/01_19a_hko_ecmwf_single_run_hourly_forecasts.csv,source_target_date_decision_rule_issue_time,2026-04-12,6h_prior,,,2026-04-11 06:00:00+00:00,2026-04-11 06:00:00+00:00,1,1,1,0,2026-04-12 14:00:00+08:00,2026-04-12 14:00:00+08:00,,1500.0,REJECTED,local_hour_count_1
data/interim/notebook02_sources/hourly_forecasts/01_19a_hko_ecmwf_single_run_hourly_forecasts.csv,source_target_date_decision_rule_issue_time,2026-04-12,12h_prior,,,2026-04-11 06:00:00+00:00,2026-04-11 06:00:00+00:00,1,1,1,0,2026-04-12 20:00:00+08:00,2026-04-12 20:00:00+08:00,,1500.0,REJECTED,local_hour_count_1
data/interim/notebook02_sources/hourly_forecasts/01_19a_hko_ecmwf_single_run_hourly_forecasts.csv,source_target_date_decision_rule_issue_time,2026-04-13,6h_prior,,,2026-04-11 06:00:00+00:00,2026-04-11 06:00:00+00:00,1,1,1,0,2026-04-13 14:00:00+08:00,2026-04-13 14:00:00+08:00,,1500.0,REJECTED,local_hour_count_1
data/interim/notebook02_sources/hourly_forecasts/01_19a_hko_ecmwf_single_run_hourly_forecasts.csv,source_target_date_decision_rule_issue_time,2026-04-13,12h_prior,,,2026-04-11 06:00:00+00:00,2026-04-11 06:00:00+00:00,1,1,1,0,2026-04-13 20:00:00+08:00,2026-04-13 20:00:00+08:00,,1500.0,REJECTED,local_hour_count_1
data/interim/notebook02_sources/hourly_forecasts/01_19a_hko_ecmwf_single_run_hourly_forecasts.csv,source_target_date_decision_rule_issue_time,2026-04-14,6h_prior,,,2026-04-11 06:00:00+00:00,2026-04-11 06:00:00+00:00,1,1,1,0,2026-04-14 14:00:00+08:00,2026-04-14 14:00:00+08:00,,1500.0,REJECTED,local_hour_count_1
data/interim/notebook02_sources/hourly_forecasts/01_19a_hko_ecmwf_single_run_hourly_forecasts.csv,source_target_date_decision_rule_issue_time,2026-04-14,12h_prior,,,2026-04-11 06:00:00+00:00,2026-04-11 06:00:00+00:00,1,1,1,0,2026-04-14 20:00:00+08:00,2026-04-14 20:00:00+08:00,,1500.0,REJECTED,local_hour_count_1
data/interim/notebook02_sources/hourly_forecasts/01_19a_hko_ecmwf_single_run_hourly_forecasts.csv,source_target_date_decision_rule_issue_time,2026-04-15,6h_prior,,,2026-04-11 06:00:00+00:00,2026-04-11 06:00:00+00:00,1,1,1,0,2026-04-15 14:00:00+08:00,2026-04-15 14:00:00+08:00,,1500.0,REJECTED,local_hour_count_1
data/interim/notebook02_sources/hourly_forecasts/01_19a_hko_ecmwf_single_run_hourly_forecasts.csv,source_target_date_decision_rule_issue_time,2026-04-15,12h_prior,,,2026-04-11 06:00:00+00:00,2026-04-11 06:00:00+00:00,1,1,1,0,2026-04-15 20:00:00+08:00,2026-04-15 20:00:00+08:00,,1500.0,REJECTED,local_hour_count_1
data/interim/notebook02_sources/hourly_forecasts/01_19a_hko_ecmwf_single_run_hourly_forecasts.csv,source_target_date_decision_rule_issue_time,2026-04-16,6h_prior,,,2026-04-11 06:00:00+00:00,2026-04-11 06:00:00+00:00,1,1,1,0,2026-04-16 14:00:00+08:00,2026-04-16 14:00:00+08:00,,1500.0,REJECTED,local_hour_count_1
data/interim/notebook02_sources/hourly_forecasts/01_19a_hko_ecmwf_single_run_hourly_forecasts.csv,source_target_date_decision_rule_issue_time,2026-04-16,12h_prior,,,2026-04-11 06:00:00+00:00,2026-04-11 06:00:00+00:00,1,1,1,0,2026-04-16 20:00:00+08:00,2026-04-16 20:00:00+08:00,,1500.0,REJECTED,local_hour_count_1
data/interim/notebook02_sources/hourly_forecasts/01_19a_hko_ecmwf_single_run_hourly_forecasts.csv,source_target_date_decision_rule_issue_time,2026-04-17,6h_prior,,,2026-04-11 06:00:00+00:00,2026-04-11 06:00:00+00:00,1,1,1,0,2026-04-17 14:00:00+08:00,2026-04-17 14:00:00+08:00,,1500.0,REJECTED,local_hour_count_1
data/interim/notebook02_sources/hourly_forecasts/01_19a_hko_ecmwf_single_run_hourly_forecasts.csv,source_target_date_decision_rule_issue_time,2026-04-17,12h_prior,,,2026-04-11 06:00:00+00:00,2026-04-11 06:00:00+00:00,1,1,1,0,2026-04-17 20:00:00+08:00,2026-04-17 20:00:00+08:00,,1500.0,REJECTED,local_hour_count_1
data/interim/notebook02_sources/hourly_forecasts/01_19a_hko_ecmwf_single_run_hourly_forecasts.csv,source_target_date_decision_rule_issue_time,2026-04-12,6h_prior,,,2026-04-11 18:00:00+00:00,2026-04-11 18:00:00+00:00,1,1,1,0,2026-04-12 14:00:00+08:00,2026-04-12 14:00:00+08:00,,1500.0,REJECTED,local_hour_count_1
data/interim/notebook02_sources/hourly_forecasts/01_19a_hko_ecmwf_single_run_hourly_forecasts.csv,source_target_date_decision_rule_issue_time,2026-04-12,12h_prior,,,2026-04-11 18:00:00+00:00,2026-04-11 18:00:00+00:00,1,1,1,0,2026-04-12 20:00:00+08:00,2026-04-12 20:00:00+08:00,,1500.0,REJECTED,local_hour_count_1
data/interim/notebook02_sources/hourly_forecasts/01_19a_hko_ecmwf_single_run_hourly_forecasts.csv,source_target_date_decision_rule_issue_time,2026-04-13,6h_prior,,,2026-04-11 18:00:00+00:00,2026-04-11 18:00:00+00:00,1,1,1,0,2026-04-13 14:00:00+08:00,2026-04-13 14:00:00+08:00,,1500.0,REJECTED,local_hour_count_1
data/interim/notebook02_sources/hourly_forecasts/01_19a_hko_ecmwf_single_run_hourly_forecasts.csv,source_target_date_decision_rule_issue_time,2026-04-13,12h_prior,,,2026-04-11 18:00:00+00:00,2026-04-11 18:00:00+00:00,1,1,1,0,2026-04-13 20:00:00+08:00,2026-04-13 20:00:00+08:00,,1500.0,REJECTED,local_hour_count_1
data/interim/notebook02_sources/hourly_forecasts/01_19a_hko_ecmwf_single_run_hourly_forecasts.csv,source_target_date_decision_rule_issue_time,2026-04-14,6h_prior,,,2026-04-11 18:00:00+00:00,2026-04-11 18:00:00+00:00,1,1,1,0,2026-04-14 14:00:00+08:00,2026-04-14 14:00:00+08:00,,1500.0,REJECTED,local_hour_count_1
data/interim/notebook02_sources/hourly_forecasts/01_19a_hko_ecmwf_single_run_hourly_forecasts.csv,source_target_date_decision_rule_issue_time,2026-04-14,12h_prior,,,2026-04-11 18:00:00+00:00,2026-04-11 18:00:00+00:00,1,1,1,0,2026-04-14 20:00:00+08:00,2026-04-14 20:00:00+08:00,,1500.0,REJECTED,local_hour_count_1
data/interim/notebook02_sources/hourly_forecasts/01_19a_hko_ecmwf_single_run_hourly_forecasts.csv,source_target_date_decision_rule_issue_time,2026-04-15,6h_prior,,,2026-04-11 18:00:00+00:00,2026-04-11 18:00:00+00:00,1,1,1,0,2026-04-15 14:00:00+08:00,2026-04-15 14:00:00+08:00,,1500.0,REJECTED,local_hour_count_1
data/interim/notebook02_sources/hourly_forecasts/01_19a_hko_ecmwf_single_run_hourly_forecasts.csv,source_target_date_decision_rule_issue_time,2026-04-15,12h_prior,,,2026-04-11 18:00:00+00:00,2026-04-11 18:00:00+00:00,1,1,1,0,2026-04-15 20:00:00+08:00,2026-04-15 20:00:00+08:00,,1500.0,REJECTED,local_hour_count_1
data/interim/notebook02_sources/hourly_forecasts/01_19a_hko_ecmwf_single_run_hourly_forecasts.csv,source_target_date_decision_rule_issue_time,2026-04-16,6h_prior,,,2026-04-11 18:00:00+00:00,2026-04-11 18:00:00+00:00,1,1,1,0,2026-04-16 14:00:00+08:00,2026-04-16 14:00:00+08:00,,1500.0,REJECTED,local_hour_count_1
data/interim/notebook02_sources/hourly_forecasts/01_19a_hko_ecmwf_single_run_hourly_forecasts.csv,source_target_date_decision_rule_issue_time,2026-04-16,12h_prior,,,2026-04-11 18:00:00+00:00,2026-04-11 18:00:00+00:00,1,1,1,0,2026-04-16 20:00:00+08:00,2026-04-16 20:00:00+08:00,,1500.0,REJECTED,local_hour_count_1
data/interim/notebook02_sources/hourly_forecasts/01_19a_hko_ecmwf_single_run_hourly_forecasts.csv,source_target_date_decision_rule_issue_time,2026-04-17,6h_prior,,,2026-04-11 18:00:00+00:00,2026-04-11 18:00:00+00:00,1,1,1,0,2026-04-17 14:00:00+08:00,2026-04-17 14:00:00+08:00,,1500.0,REJECTED,local_hour_count_1
data/interim/notebook02_sources/hourly_forecasts/01_19a_hko_ecmwf_single_run_hourly_forecasts.csv,source_target_date_decision_rule_issue_time,2026-04-17,12h_prior,,,2026-04-11 18:00:00+00:00,2026-04-11 18:00:00+00:00,1,1,1,0,2026-04-17 20:00:00+08:00,2026-04-17 20:00:00+08:00,,1500.0,REJECTED,local_hour_count_1
data/interim/notebook02_sources/hourly_forecasts/01_19a_hko_ecmwf_single_run_hourly_forecasts.csv,source_target_date_decision_rule_issue_time,2026-04-12,12h_prior,,,2026-04-12 00:00:00+00:00,2026-04-12 00:00:00+00:00,1,1,1,0,2026-04-12 20:00:00+08:00,2026-04-12 20:00:00+08:00,,1500.0,REJECTED,local_hour_count_1
data/interim/notebook02_sources/hourly_forecasts/01_19a_hko_ecmwf_single_run_hourly_forecasts.csv,source_target_date_decision_rule_issue_time,2026-04-13,6h_prior,,,2026-04-12 00:00:00+00:00,2026-04-12 00:00:00+00:00,1,1,1,0,2026-04-13 14:00:00+08:00,2026-04-13 14:00:00+08:00,,1500.0,REJECTED,local_hour_count_1
data/interim/notebook02_sources/hourly_forecasts/01_19a_hko_ecmwf_single_run_hourly_forecasts.csv,source_target_date_decision_rule_issue_time,2026-04-13,12h_prior,,,2026-04-12 00:00:00+00:00,2026-04-12 00:00:00+00:00,1,1,1,0,2026-04-13 20:00:00+08:00,2026-04-13 20:00:00+08:00,,1500.0,REJECTED,local_hour_count_1
data/interim/notebook02_sources/hourly_forecasts/01_19a_hko_ecmwf_single_run_hourly_forecasts.csv,source_target_date_decision_rule_issue_time,2026-04-14,6h_prior,,,2026-04-12 00:00:00+00:00,2026-04-12 00:00:00+00:00,1,1,1,0,2026-04-14 14:00:00+08:00,2026-04-14 14:00:00+08:00,,1500.0,REJECTED,local_hour_count_1
data/interim/notebook02_sources/hourly_forecasts/01_19a_hko_ecmwf_single_run_hourly_forecasts.csv,source_target_date_decision_rule_issue_time,2026-04-14,12h_prior,,,2026-04-12 00:00:00+00:00,2026-04-12 00:00:00+00:00,1,1,1,0,2026-04-14 20:00:00+08:00,2026-04-14 20:00:00+08:00,,1500.0,REJECTED,local_hour_count_1
data/interim/notebook02_sources/hourly_forecasts/01_19a_hko_ecmwf_single_run_hourly_forecasts.csv,source_target_date_decision_rule_issue_time,2026-04-15,6h_prior,,,2026-04-12 00:00:00+00:00,2026-04-12 00:00:00+00:00,1,1,1,0,2026-04-15 14:00:00+08:00,2026-04-15 14:00:00+08:00,,1500.0,REJECTED,local_hour_count_1
data/interim/notebook02_sources/hourly_forecasts/01_19a_hko_ecmwf_single_run_hourly_forecasts.csv,source_target_date_decision_rule_issue_time,2026-04-15,12h_prior,,,2026-04-12 00:00:00+00:00,2026-04-12 00:00:00+00:00,1,1,1,0,2026-04-15 20:00:00+08:00,2026-04-15 20:00:00+08:00,,1500.0,REJECTED,local_hour_count_1
data/interim/notebook02_sources/hourly_forecasts/01_19a_hko_ecmwf_single_run_hourly_forecasts.csv,source_target_date_decision_rule_issue_time,2026-04-16,6h_prior,,,2026-04-12 00:00:00+00:00,2026-04-12 00:00:00+00:00,1,1,1,0,2026-04-16 14:00:00+08:00,2026-04-16 14:00:00+08:00,,1500.0,REJECTED,local_hour_count_1
data/interim/notebook02_sources/hourly_forecasts/01_19a_hko_ecmwf_single_run_hourly_forecasts.csv,source_target_date_decision_rule_issue_time,2026-04-16,12h_prior,,,2026-04-12 00:00:00+00:00,2026-04-12 00:00:00+00:00,1,1,1,0,2026-04-16 20:00:00+08:00,2026-04-16 20:00:00+08:00,,1500.0,REJECTED,local_hour_count_1
data/interim/notebook02_sources/hourly_forecasts/01_19a_hko_ecmwf_single_run_hourly_forecasts.csv,source_target_date_decision_rule_issue_time,2026-04-17,6h_prior,,,2026-04-12 00:00:00+00:00,2026-04-12 00:00:00+00:00,1,1,1,0,2026-04-17 14:00:00+08:00,2026-04-17 14:00:00+08:00,,1500.0,REJECTED,local_hour_count_1
data/interim/notebook02_sources/hourly_forecasts/01_19a_hko_ecmwf_single_run_hourly_forecasts.csv,source_target_date_decision_rule_issue_time,2026-04-17,12h_prior,,,2026-04-12 00:00:00+00:00,2026-04-12 00:00:00+00:00,1,1,1,0,2026-04-17 20:00:00+08:00,2026-04-17 20:00:00+08:00,,1500.0,REJECTED,local_hour_count_1
data/interim/notebook02_sources/hourly_forecasts/01_19a_hko_ecmwf_single_run_hourly_forecasts.csv,source_target_date_decision_rule_issue_time,2026-04-18,6h_prior,,,2026-04-12 00:00:00+00:00,2026-04-12 00:00:00+00:00,1,1,1,0,2026-04-18 14:00:00+08:00,2026-04-18 14:00:00+08:00,,1500.0,REJECTED,local_hour_count_1
data/interim/notebook02_sources/hourly_forecasts/01_19a_hko_ecmwf_single_run_hourly_forecasts.csv,source_target_date_decision_rule_issue_time,2026-04-18,12h_prior,,,2026-04-12 00:00:00+00:00,2026-04-12 00:00:00+00:00,1,1,1,0,2026-04-18 20:00:00+08:00,2026-04-18 20:00:00+08:00,,1500.0,REJECTED,local_hour_count_1
data/interim/notebook02_sources/hourly_forecasts/01_19a_hko_ecmwf_single_run_hourly_forecasts.csv,source_target_date_decision_rule_issue_time,2026-04-19,6h_prior,,,2026-04-12 00:00:00+00:00,2026-04-12 00:00:00+00:00,1,1,1,0,2026-04-19 14:00:00+08:00,2026-04-19 14:00:00+08:00,,1500.0,REJECTED,local_hour_count_1
data/interim/notebook02_sources/hourly_forecasts/01_19a_hko_ecmwf_single_run_hourly_forecasts.csv,source_target_date_decision_rule_issue_time,2026-04-19,12h_prior,,,2026-04-12 00:00:00+00:00,2026-04-12 00:00:00+00:00,1,1,1,0,2026-04-19 20:00:00+08:00,2026-04-19 20:00:00+08:00,,1500.0,REJECTED,local_hour_count_1
data/interim/notebook02_sources/hourly_forecasts/01_19a_hko_ecmwf_single_run_hourly_forecasts.csv,source_target_date_decision_rule_issue_time,2026-04-20,6h_prior,,,2026-04-12 00:00:00+00:00,2026-04-12 00:00:00+00:00,1,1,1,0,2026-04-20 14:00:00+08:00,2026-04-20 14:00:00+08:00,,1500.0,REJECTED,local_hour_count_1
data/interim/notebook02_sources/hourly_forecasts/01_19a_hko_ecmwf_single_run_hourly_forecasts.csv,source_target_date_decision_rule_issue_time,2026-04-20,12h_prior,,,2026-04-12 00:00:00+00:00,2026-04-12 00:00:00+00:00,1,1,1,0,2026-04-20 20:00:00+08:00,2026-04-20 20:00:00+08:00,,1500.0,REJECTED,local_hour_count_1
data/interim/notebook02_sources/hourly_forecasts/01_19a_hko_ecmwf_single_run_hourly_forecasts.csv,source_target_date_decision_rule_issue_time,2026-04-21,6h_prior,,,2026-04-12 00:00:00+00:00,2026-04-12 00:00:00+00:00,1,1,1,0,2026-04-21 14:00:00+08:00,2026-04-21 14:00:00+08:00,,1500.0,REJECTED,local_hour_count_1
data/interim/notebook02_sources/hourly_forecasts/01_19a_hko_ecmwf_single_run_hourly_forecasts.csv,source_target_date_decision_rule_issue_time,2026-04-21,12h_prior,,,2026-04-12 00:00:00+00:00,2026-04-12 00:00:00+00:00,1,1,1,0,2026-04-21 20:00:00+08:00,2026-04-21 20:00:00+08:00,,1500.0,REJECTED,local_hour_count_1
data/interim/notebook02_sources/hourly_forecasts/01_19a_hko_ecmwf_single_run_hourly_forecasts.csv,source_target_date_decision_rule_issue_time,2026-04-22,6h_prior,,,2026-04-12 00:00:00+00:00,2026-04-12 00:00:00+00:00,1,1,1,0,2026-04-22 14:00:00+08:00,2026-04-22 14:00:00+08:00,,1500.0,REJECTED,local_hour_count_1
data/interim/notebook02_sources/hourly_forecasts/01_19a_hko_ecmwf_single_run_hourly_forecasts.csv,source_target_date_decision_rule_issue_time,2026-04-13,6h_prior,,,2026-04-12 06:00:00+00:00,2026-04-12 06:00:00+00:00,1,1,1,0,2026-04-13 14:00:00+08:00,2026-04-13 14:00:00+08:00,,1500.0,REJECTED,local_hour_count_1
data/interim/notebook02_sources/hourly_forecasts/01_19a_hko_ecmwf_single_run_hourly_forecasts.csv,source_target_date_decision_rule_issue_time,2026-04-13,12h_prior,,,2026-04-12 06:00:00+00:00,2026-04-12 06:00:00+00:00,1,1,1,0,2026-04-13 20:00:00+08:00,2026-04-13 20:00:00+08:00,,1500.0,REJECTED,local_hour_count_1
data/interim/notebook02_sources/hourly_forecasts/01_19a_hko_ecmwf_single_run_hourly_forecasts.csv,source_target_date_decision_rule_issue_time,2026-04-14,6h_prior,,,2026-04-12 06:00:00+00:00,2026-04-12 06:00:00+00:00,1,1,1,0,2026-04-14 14:00:00+08:00,2026-04-14 14:00:00+08:00,,1500.0,REJECTED,local_hour_count_1
data/interim/notebook02_sources/hourly_forecasts/01_19a_hko_ecmwf_single_run_hourly_forecasts.csv,source_target_date_decision_rule_issue_time,2026-04-14,12h_prior,,,2026-04-12 06:00:00+00:00,2026-04-12 06:00:00+00:00,1,1,1,0,2026-04-14 20:00:00+08:00,2026-04-14 20:00:00+08:00,,1500.0,REJECTED,local_hour_count_1
data/interim/notebook02_sources/hourly_forecasts/01_19a_hko_ecmwf_single_run_hourly_forecasts.csv,source_target_date_decision_rule_issue_time,2026-04-15,6h_prior,,,2026-04-12 06:00:00+00:00,2026-04-12 06:00:00+00:00,1,1,1,0,2026-04-15 14:00:00+08:00,2026-04-15 14:00:00+08:00,,1500.0,REJECTED,local_hour_count_1
data/interim/notebook02_sources/hourly_forecasts/01_19a_hko_ecmwf_single_run_hourly_forecasts.csv,source_target_date_decision_rule_issue_time,2026-04-15,12h_prior,,,2026-04-12 06:00:00+00:00,2026-04-12 06:00:00+00:00,1,1,1,0,2026-04-15 20:00:00+08:00,2026-04-15 20:00:00+08:00,,1500.0,REJECTED,local_hour_count_1
data/interim/notebook02_sources/hourly_forecasts/01_19a_hko_ecmwf_single_run_hourly_forecasts.csv,source_target_date_decision_rule_issue_time,2026-04-16,6h_prior,,,2026-04-12 06:00:00+00:00,2026-04-12 06:00:00+00:00,1,1,1,0,2026-04-16 14:00:00+08:00,2026-04-16 14:00:00+08:00,,1500.0,REJECTED,local_hour_count_1
data/interim/notebook02_sources/hourly_forecasts/01_19a_hko_ecmwf_single_run_hourly_forecasts.csv,source_target_date_decision_rule_issue_time,2026-04-16,12h_prior,,,2026-04-12 06:00:00+00:00,2026-04-12 06:00:00+00:00,1,1,1,0,2026-04-16 20:00:00+08:00,2026-04-16 20:00:00+08:00,,1500.0,REJECTED,local_hour_count_1
data/interim/notebook02_sources/hourly_forecasts/01_19a_hko_ecmwf_single_run_hourly_forecasts.csv,source_target_date_decision_rule_issue_time,2026-04-17,6h_prior,,,2026-04-12 06:00:00+00:00,2026-04-12 06:00:00+00:00,1,1,1,0,2026-04-17 14:00:00+08:00,2026-04-17 14:00:00+08:00,,1500.0,REJECTED,local_hour_count_1
data/interim/notebook02_sources/hourly_forecasts/01_19a_hko_ecmwf_single_run_hourly_forecasts.csv,source_target_date_decision_rule_issue_time,2026-04-17,12h_prior,,,2026-04-12 06:00:00+00:00,2026-04-12 06:00:00+00:00,1,1,1,0,2026-04-17 20:00:00+08:00,2026-04-17 20:00:00+08:00,,1500.0,REJECTED,local_hour_count_1
data/interim/notebook02_sources/hourly_forecasts/01_19a_hko_ecmwf_single_run_hourly_forecasts.csv,source_target_date_decision_rule_issue_time,2026-04-18,6h_prior,,,2026-04-12 06:00:00+00:00,2026-04-12 06:00:00+00:00,1,1,1,0,2026-04-18 14:00:00+08:00,2026-04-18 14:00:00+08:00,,1500.0,REJECTED,local_hour_count_1
data/interim/notebook02_sources/hourly_forecasts/01_19a_hko_ecmwf_single_run_hourly_forecasts.csv,source_target_date_decision_rule_issue_time,2026-04-18,12h_prior,,,2026-04-12 06:00:00+00:00,2026-04-12 06:00:00+00:00,1,1,1,0,2026-04-18 20:00:00+08:00,2026-04-18 20:00:00+08:00,,1500.0,REJECTED,local_hour_count_1
data/interim/notebook02_sources/hourly_forecasts/01_19a_hko_ecmwf_single_run_hourly_forecasts.csv,source_target_date_decision_rule_issue_time,2026-04-13,6h_prior,,,2026-04-12 18:00:00+00:00,2026-04-12 18:00:00+00:00,1,1,1,0,2026-04-13 14:00:00+08:00,2026-04-13 14:00:00+08:00,,1500.0,REJECTED,local_hour_count_1
data/interim/notebook02_sources/hourly_forecasts/01_19a_hko_ecmwf_single_run_hourly_forecasts.csv,source_target_date_decision_rule_issue_time,2026-04-13,12h_prior,,,2026-04-12 18:00:00+00:00,2026-04-12 18:00:00+00:00,1,1,1,0,2026-04-13 20:00:00+08:00,2026-04-13 20:00:00+08:00,,1500.0,REJECTED,local_hour_count_1
data/interim/notebook02_sources/hourly_forecasts/01_19a_hko_ecmwf_single_run_hourly_forecasts.csv,source_target_date_decision_rule_issue_time,2026-04-14,6h_prior,,,2026-04-12 18:00:00+00:00,2026-04-12 18:00:00+00:00,1,1,1,0,2026-04-14 14:00:00+08:00,2026-04-14 14:00:00+08:00,,1500.0,REJECTED,local_hour_count_1
data/interim/notebook02_sources/hourly_forecasts/01_19a_hko_ecmwf_single_run_hourly_forecasts.csv,source_target_date_decision_rule_issue_time,2026-04-14,12h_prior,,,2026-04-12 18:00:00+00:00,2026-04-12 18:00:00+00:00,1,1,1,0,2026-04-14 20:00:00+08:00,2026-04-14 20:00:00+08:00,,1500.0,REJECTED,local_hour_count_1
data/interim/notebook02_sources/hourly_forecasts/01_19a_hko_ecmwf_single_run_hourly_forecasts.csv,source_target_date_decision_rule_issue_time,2026-04-15,6h_prior,,,2026-04-12 18:00:00+00:00,2026-04-12 18:00:00+00:00,1,1,1,0,2026-04-15 14:00:00+08:00,2026-04-15 14:00:00+08:00,,1500.0,REJECTED,local_hour_count_1
data/interim/notebook02_sources/hourly_forecasts/01_19a_hko_ecmwf_single_run_hourly_forecasts.csv,source_target_date_decision_rule_issue_time,2026-04-15,12h_prior,,,2026-04-12 18:00:00+00:00,2026-04-12 18:00:00+00:00,1,1,1,0,2026-04-15 20:00:00+08:00,2026-04-15 20:00:00+08:00,,1500.0,REJECTED,local_hour_count_1
data/interim/notebook02_sources/hourly_forecasts/01_19a_hko_ecmwf_single_run_hourly_forecasts.csv,source_target_date_decision_rule_issue_time,2026-04-16,6h_prior,,,2026-04-12 18:00:00+00:00,2026-04-12 18:00:00+00:00,1,1,1,0,2026-04-16 14:00:00+08:00,2026-04-16 14:00:00+08:00,,1500.0,REJECTED,local_hour_count_1
data/interim/notebook02_sources/hourly_forecasts/01_19a_hko_ecmwf_single_run_hourly_forecasts.csv,source_target_date_decision_rule_issue_time,2026-04-16,12h_prior,,,2026-04-12 18:00:00+00:00,2026-04-12 18:00:00+00:00,1,1,1,0,2026-04-16 20:00:00+08:00,2026-04-16 20:00:00+08:00,,1500.0,REJECTED,local_hour_count_1
data/interim/notebook02_sources/hourly_forecasts/01_19a_hko_ecmwf_single_run_hourly_forecasts.csv,source_target_date_decision_rule_issue_time,2026-04-17,6h_prior,,,2026-04-12 18:00:00+00:00,2026-04-12 18:00:00+00:00,1,1,1,0,2026-04-17 14:00:00+08:00,2026-04-17 14:00:00+08:00,,1500.0,REJECTED,local_hour_count_1
data/interim/notebook02_sources/hourly_forecasts/01_19a_hko_ecmwf_single_run_hourly_forecasts.csv,source_target_date_decision_rule_issue_time,2026-04-17,12h_prior,,,2026-04-12 18:00:00+00:00,2026-04-12 18:00:00+00:00,1,1,1,0,2026-04-17 20:00:00+08:00,2026-04-17 20:00:00+08:00,,1500.0,REJECTED,local_hour_count_1
data/interim/notebook02_sources/hourly_forecasts/01_19a_hko_ecmwf_single_run_hourly_forecasts.csv,source_target_date_decision_rule_issue_time,2026-04-18,6h_prior,,,2026-04-12 18:00:00+00:00,2026-04-12 18:00:00+00:00,1,1,1,0,2026-04-18 14:00:00+08:00,2026-04-18 14:00:00+08:00,,1500.0,REJECTED,local_hour_count_1
data/interim/notebook02_sources/hourly_forecasts/01_19a_hko_ecmwf_single_run_hourly_forecasts.csv,source_target_date_decision_rule_issue_time,2026-04-18,12h_prior,,,2026-04-12 18:00:00+00:00,2026-04-12 18:00:00+00:00,1,1,1,0,2026-04-18 20:00:00+08:00,2026-04-18 20:00:00+08:00,,1500.0,REJECTED,local_hour_count_1
data/interim/notebook02_sources/hourly_forecasts/01_19a_hko_ecmwf_single_run_hourly_forecasts.csv,source_target_date_decision_rule_issue_time,2026-04-13,12h_prior,,,2026-04-13 00:00:00+00:00,2026-04-13 00:00:00+00:00,1,1,1,0,2026-04-13 20:00:00+08:00,2026-04-13 20:00:00+08:00,,1500.0,REJECTED,local_hour_count_1
data/interim/notebook02_sources/hourly_forecasts/01_19a_hko_ecmwf_single_run_hourly_forecasts.csv,source_target_date_decision_rule_issue_time,2026-04-14,6h_prior,,,2026-04-13 00:00:00+00:00,2026-04-13 00:00:00+00:00,1,1,1,0,2026-04-14 14:00:00+08:00,2026-04-14 14:00:00+08:00,,1500.0,REJECTED,local_hour_count_1
data/interim/notebook02_sources/hourly_forecasts/01_19a_hko_ecmwf_single_run_hourly_forecasts.csv,source_target_date_decision_rule_issue_time,2026-04-14,12h_prior,,,2026-04-13 00:00:00+00:00,2026-04-13 00:00:00+00:00,1,1,1,0,2026-04-14 20:00:00+08:00,2026-04-14 20:00:00+08:00,,1500.0,REJECTED,local_hour_count_1
data/interim/notebook02_sources/hourly_forecasts/01_19a_hko_ecmwf_single_run_hourly_forecasts.csv,source_target_date_decision_rule_issue_time,2026-04-15,6h_prior,,,2026-04-13 00:00:00+00:00,2026-04-13 00:00:00+00:00,1,1,1,0,2026-04-15 14:00:00+08:00,2026-04-15 14:00:00+08:00,,1500.0,REJECTED,local_hour_count_1
data/interim/notebook02_sources/hourly_forecasts/01_19a_hko_ecmwf_single_run_hourly_forecasts.csv,source_target_date_decision_rule_issue_time,2026-04-15,12h_prior,,,2026-04-13 00:00:00+00:00,2026-04-13 00:00:00+00:00,1,1,1,0,2026-04-15 20:00:00+08:00,2026-04-15 20:00:00+08:00,,1500.0,REJECTED,local_hour_count_1
data/interim/notebook02_sources/hourly_forecasts/01_19a_hko_ecmwf_single_run_hourly_forecasts.csv,source_target_date_decision_rule_issue_time,2026-04-16,6h_prior,,,2026-04-13 00:00:00+00:00,2026-04-13 00:00:00+00:00,1,1,1,0,2026-04-16 14:00:00+08:00,2026-04-16 14:00:00+08:00,,1500.0,REJECTED,local_hour_count_1
data/interim/notebook02_sources/hourly_forecasts/01_19a_hko_ecmwf_single_run_hourly_forecasts.csv,source_target_date_decision_rule_issue_time,2026-04-16,12h_prior,,,2026-04-13 00:00:00+00:00,2026-04-13 00:00:00+00:00,1,1,1,0,2026-04-16 20:00:00+08:00,2026-04-16 20:00:00+08:00,,1500.0,REJECTED,local_hour_count_1
data/interim/notebook02_sources/hourly_forecasts/01_19a_hko_ecmwf_single_run_hourly_forecasts.csv,source_target_date_decision_rule_issue_time,2026-04-17,6h_prior,,,2026-04-13 00:00:00+00:00,2026-04-13 00:00:00+00:00,1,1,1,0,2026-04-17 14:00:00+08:00,2026-04-17 14:00:00+08:00,,1500.0,REJECTED,local_hour_count_1
data/interim/notebook02_sources/hourly_forecasts/01_19a_hko_ecmwf_single_run_hourly_forecasts.csv,source_target_date_decision_rule_issue_time,2026-04-17,12h_prior,,,2026-04-13 00:00:00+00:00,2026-04-13 00:00:00+00:00,1,1,1,0,2026-04-17 20:00:00+08:00,2026-04-17 20:00:00+08:00,,1500.0,REJECTED,local_hour_count_1
data/interim/notebook02_sources/hourly_forecasts/01_19a_hko_ecmwf_single_run_hourly_forecasts.csv,source_target_date_decision_rule_issue_time,2026-04-18,6h_prior,,,2026-04-13 00:00:00+00:00,2026-04-13 00:00:00+00:00,1,1,1,0,2026-04-18 14:00:00+08:00,2026-04-18 14:00:00+08:00,,1500.0,REJECTED,local_hour_count_1
data/interim/notebook02_sources/hourly_forecasts/01_19a_hko_ecmwf_single_run_hourly_forecasts.csv,source_target_date_decision_rule_issue_time,2026-04-18,12h_prior,,,2026-04-13 00:00:00+00:00,2026-04-13 00:00:00+00:00,1,1,1,0,2026-04-18 20:00:00+08:00,2026-04-18 20:00:00+08:00,,1500.0,REJECTED,local_hour_count_1
data/interim/notebook02_sources/hourly_forecasts/01_19a_hko_ecmwf_single_run_hourly_forecasts.csv,source_target_date_decision_rule_issue_time,2026-04-19,6h_prior,,,2026-04-13 00:00:00+00:00,2026-04-13 00:00:00+00:00,1,1,1,0,2026-04-19 14:00:00+08:00,2026-04-19 14:00:00+08:00,,1500.0,REJECTED,local_hour_count_1
data/interim/notebook02_sources/hourly_forecasts/01_19a_hko_ecmwf_single_run_hourly_forecasts.csv,source_target_date_decision_rule_issue_time,2026-04-19,12h_prior,,,2026-04-13 00:00:00+00:00,2026-04-13 00:00:00+00:00,1,1,1,0,2026-04-19 20:00:00+08:00,2026-04-19 20:00:00+08:00,,1500.0,REJECTED,local_hour_count_1
data/interim/notebook02_sources/hourly_forecasts/01_19a_hko_ecmwf_single_run_hourly_forecasts.csv,source_target_date_decision_rule_issue_time,2026-04-20,6h_prior,,,2026-04-13 00:00:00+00:00,2026-04-13 00:00:00+00:00,1,1,1,0,2026-04-20 14:00:00+08:00,2026-04-20 14:00:00+08:00,,1500.0,REJECTED,local_hour_count_1
data/interim/notebook02_sources/hourly_forecasts/01_19a_hko_ecmwf_single_run_hourly_forecasts.csv,source_target_date_decision_rule_issue_time,2026-04-20,12h_prior,,,2026-04-13 00:00:00+00:00,2026-04-13 00:00:00+00:00,1,1,1,0,2026-04-20 20:00:00+08:00,2026-04-20 20:00:00+08:00,,1500.0,REJECTED,local_hour_count_1
data/interim/notebook02_sources/hourly_forecasts/01_19a_hko_ecmwf_single_run_hourly_forecasts.csv,source_target_date_decision_rule_issue_time,2026-04-21,6h_prior,,,2026-04-13 00:00:00+00:00,2026-04-13 00:00:00+00:00,1,1,1,0,2026-04-21 14:00:00+08:00,2026-04-21 14:00:00+08:00,,1500.0,REJECTED,local_hour_count_1
data/interim/notebook02_sources/hourly_forecasts/01_19a_hko_ecmwf_single_run_hourly_forecasts.csv,source_target_date_decision_rule_issue_time,2026-04-21,12h_prior,,,2026-04-13 00:00:00+00:00,2026-04-13 00:00:00+00:00,1,1,1,0,2026-04-21 20:00:00+08:00,2026-04-21 20:00:00+08:00,,1500.0,REJECTED,local_hour_count_1
data/interim/notebook02_sources/hourly_forecasts/01_19a_hko_ecmwf_single_run_hourly_forecasts.csv,source_target_date_decision_rule_issue_time,2026-04-22,6h_prior,,,2026-04-13 00:00:00+00:00,2026-04-13 00:00:00+00:00,1,1,1,0,2026-04-22 14:00:00+08:00,2026-04-22 14:00:00+08:00,,1500.0,REJECTED,local_hour_count_1
data/interim/notebook02_sources/hourly_forecasts/01_19a_hko_ecmwf_single_run_hourly_forecasts.csv,source_target_date_decision_rule_issue_time,2026-04-22,12h_prior,,,2026-04-13 00:00:00+00:00,2026-04-13 00:00:00+00:00,1,1,1,0,2026-04-22 20:00:00+08:00,2026-04-22 20:00:00+08:00,,1500.0,REJECTED,local_hour_count_1
data/interim/notebook02_sources/hourly_forecasts/01_19a_hko_ecmwf_single_run_hourly_forecasts.csv,source_target_date_decision_rule_issue_time,2026-04-23,6h_prior,,,2026-04-13 00:00:00+00:00,2026-04-13 00:00:00+00:00,1,1,1,0,2026-04-23 14:00:00+08:00,2026-04-23 14:00:00+08:00,,1500.0,REJECTED,local_hour_count_1
data/interim/notebook02_sources/hourly_forecasts/01_19a_hko_ecmwf_single_run_hourly_forecasts.csv,source_target_date_decision_rule_issue_time,2026-04-14,6h_prior,,,2026-04-13 06:00:00+00:00,2026-04-13 06:00:00+00:00,1,1,1,0,2026-04-14 14:00:00+08:00,2026-04-14 14:00:00+08:00,,1500.0,REJECTED,local_hour_count_1
data/interim/notebook02_sources/hourly_forecasts/01_19a_hko_ecmwf_single_run_hourly_forecasts.csv,source_target_date_decision_rule_issue_time,2026-04-14,12h_prior,,,2026-04-13 06:00:00+00:00,2026-04-13 06:00:00+00:00,1,1,1,0,2026-04-14 20:00:00+08:00,2026-04-14 20:00:00+08:00,,1500.0,REJECTED,local_hour_count_1
data/interim/notebook02_sources/hourly_forecasts/01_19a_hko_ecmwf_single_run_hourly_forecasts.csv,source_target_date_decision_rule_issue_time,2026-04-15,6h_prior,,,2026-04-13 06:00:00+00:00,2026-04-13 06:00:00+00:00,1,1,1,0,2026-04-15 14:00:00+08:00,2026-04-15 14:00:00+08:00,,1500.0,REJECTED,local_hour_count_1
data/interim/notebook02_sources/hourly_forecasts/01_19a_hko_ecmwf_single_run_hourly_forecasts.csv,source_target_date_decision_rule_issue_time,2026-04-15,12h_prior,,,2026-04-13 06:00:00+00:00,2026-04-13 06:00:00+00:00,1,1,1,0,2026-04-15 20:00:00+08:00,2026-04-15 20:00:00+08:00,,1500.0,REJECTED,local_hour_count_1
data/interim/notebook02_sources/hourly_forecasts/01_19a_hko_ecmwf_single_run_hourly_forecasts.csv,source_target_date_decision_rule_issue_time,2026-04-16,6h_prior,,,2026-04-13 06:00:00+00:00,2026-04-13 06:00:00+00:00,1,1,1,0,2026-04-16 14:00:00+08:00,2026-04-16 14:00:00+08:00,,1500.0,REJECTED,local_hour_count_1
data/interim/notebook02_sources/hourly_forecasts/01_19a_hko_ecmwf_single_run_hourly_forecasts.csv,source_target_date_decision_rule_issue_time,2026-04-16,12h_prior,,,2026-04-13 06:00:00+00:00,2026-04-13 06:00:00+00:00,1,1,1,0,2026-04-16 20:00:00+08:00,2026-04-16 20:00:00+08:00,,1500.0,REJECTED,local_hour_count_1
data/interim/notebook02_sources/hourly_forecasts/01_19a_hko_ecmwf_single_run_hourly_forecasts.csv,source_target_date_decision_rule_issue_time,2026-04-17,6h_prior,,,2026-04-13 06:00:00+00:00,2026-04-13 06:00:00+00:00,1,1,1,0,2026-04-17 14:00:00+08:00,2026-04-17 14:00:00+08:00,,1500.0,REJECTED,local_hour_count_1
data/interim/notebook02_sources/hourly_forecasts/01_19a_hko_ecmwf_single_run_hourly_forecasts.csv,source_target_date_decision_rule_issue_time,2026-04-17,12h_prior,,,2026-04-13 06:00:00+00:00,2026-04-13 06:00:00+00:00,1,1,1,0,2026-04-17 20:00:00+08:00,2026-04-17 20:00:00+08:00,,1500.0,REJECTED,local_hour_count_1
data/interim/notebook02_sources/hourly_forecasts/01_19a_hko_ecmwf_single_run_hourly_forecasts.csv,source_target_date_decision_rule_issue_time,2026-04-18,6h_prior,,,2026-04-13 06:00:00+00:00,2026-04-13 06:00:00+00:00,1,1,1,0,2026-04-18 14:00:00+08:00,2026-04-18 14:00:00+08:00,,1500.0,REJECTED,local_hour_count_1
data/interim/notebook02_sources/hourly_forecasts/01_19a_hko_ecmwf_single_run_hourly_forecasts.csv,source_target_date_decision_rule_issue_time,2026-04-18,12h_prior,,,2026-04-13 06:00:00+00:00,2026-04-13 06:00:00+00:00,1,1,1,0,2026-04-18 20:00:00+08:00,2026-04-18 20:00:00+08:00,,1500.0,REJECTED,local_hour_count_1
data/interim/notebook02_sources/hourly_forecasts/01_19a_hko_ecmwf_single_run_hourly_forecasts.csv,source_target_date_decision_rule_issue_time,2026-04-19,6h_prior,,,2026-04-13 06:00:00+00:00,2026-04-13 06:00:00+00:00,1,1,1,0,2026-04-19 14:00:00+08:00,2026-04-19 14:00:00+08:00,,1500.0,REJECTED,local_hour_count_1
data/interim/notebook02_sources/hourly_forecasts/01_19a_hko_ecmwf_single_run_hourly_forecasts.csv,source_target_date_decision_rule_issue_time,2026-04-19,12h_prior,,,2026-04-13 06:00:00+00:00,2026-04-13 06:00:00+00:00,1,1,1,0,2026-04-19 20:00:00+08:00,2026-04-19 20:00:00+08:00,,1500.0,REJECTED,local_hour_count_1
data/interim/notebook02_sources/hourly_forecasts/01_19a_hko_ecmwf_single_run_hourly_forecasts.csv,source_target_date_decision_rule_issue_time,2026-04-14,6h_prior,,,2026-04-13 18:00:00+00:00,2026-04-13 18:00:00+00:00,1,1,1,0,2026-04-14 14:00:00+08:00,2026-04-14 14:00:00+08:00,,1500.0,REJECTED,local_hour_count_1
data/interim/notebook02_sources/hourly_forecasts/01_19a_hko_ecmwf_single_run_hourly_forecasts.csv,source_target_date_decision_rule_issue_time,2026-04-14,12h_prior,,,2026-04-13 18:00:00+00:00,2026-04-13 18:00:00+00:00,1,1,1,0,2026-04-14 20:00:00+08:00,2026-04-14 20:00:00+08:00,,1500.0,REJECTED,local_hour_count_1
data/interim/notebook02_sources/hourly_forecasts/01_19a_hko_ecmwf_single_run_hourly_forecasts.csv,source_target_date_decision_rule_issue_time,2026-04-15,6h_prior,,,2026-04-13 18:00:00+00:00,2026-04-13 18:00:00+00:00,1,1,1,0,2026-04-15 14:00:00+08:00,2026-04-15 14:00:00+08:00,,1500.0,REJECTED,local_hour_count_1
data/interim/notebook02_sources/hourly_forecasts/01_19a_hko_ecmwf_single_run_hourly_forecasts.csv,source_target_date_decision_rule_issue_time,2026-04-15,12h_prior,,,2026-04-13 18:00:00+00:00,2026-04-13 18:00:00+00:00,1,1,1,0,2026-04-15 20:00:00+08:00,2026-04-15 20:00:00+08:00,,1500.0,REJECTED,local_hour_count_1
data/interim/notebook02_sources/hourly_forecasts/01_19a_hko_ecmwf_single_run_hourly_forecasts.csv,source_target_date_decision_rule_issue_time,2026-04-16,6h_prior,,,2026-04-13 18:00:00+00:00,2026-04-13 18:00:00+00:00,1,1,1,0,2026-04-16 14:00:00+08:00,2026-04-16 14:00:00+08:00,,1500.0,REJECTED,local_hour_count_1
data/interim/notebook02_sources/hourly_forecasts/01_19a_hko_ecmwf_single_run_hourly_forecasts.csv,source_target_date_decision_rule_issue_time,2026-04-16,12h_prior,,,2026-04-13 18:00:00+00:00,2026-04-13 18:00:00+00:00,1,1,1,0,2026-04-16 20:00:00+08:00,2026-04-16 20:00:00+08:00,,1500.0,REJECTED,local_hour_count_1
data/interim/notebook02_sources/hourly_forecasts/01_19a_hko_ecmwf_single_run_hourly_forecasts.csv,source_target_date_decision_rule_issue_time,2026-04-17,6h_prior,,,2026-04-13 18:00:00+00:00,2026-04-13 18:00:00+00:00,1,1,1,0,2026-04-17 14:00:00+08:00,2026-04-17 14:00:00+08:00,,1500.0,REJECTED,local_hour_count_1
data/interim/notebook02_sources/hourly_forecasts/01_19a_hko_ecmwf_single_run_hourly_forecasts.csv,source_target_date_decision_rule_issue_time,2026-04-17,12h_prior,,,2026-04-13 18:00:00+00:00,2026-04-13 18:00:00+00:00,1,1,1,0,2026-04-17 20:00:00+08:00,2026-04-17 20:00:00+08:00,,1500.0,REJECTED,local_hour_count_1
data/interim/notebook02_sources/hourly_forecasts/01_19a_hko_ecmwf_single_run_hourly_forecasts.csv,source_target_date_decision_rule_issue_time,2026-04-18,6h_prior,,,2026-04-13 18:00:00+00:00,2026-04-13 18:00:00+00:00,1,1,1,0,2026-04-18 14:00:00+08:00,2026-04-18 14:00:00+08:00,,1500.0,REJECTED,local_hour_count_1
data/interim/notebook02_sources/hourly_forecasts/01_19a_hko_ecmwf_single_run_hourly_forecasts.csv,source_target_date_decision_rule_issue_time,2026-04-18,12h_prior,,,2026-04-13 18:00:00+00:00,2026-04-13 18:00:00+00:00,1,1,1,0,2026-04-18 20:00:00+08:00,2026-04-18 20:00:00+08:00,,1500.0,REJECTED,local_hour_count_1
data/interim/notebook02_sources/hourly_forecasts/01_19a_hko_ecmwf_single_run_hourly_forecasts.csv,source_target_date_decision_rule_issue_time,2026-04-19,6h_prior,,,2026-04-13 18:00:00+00:00,2026-04-13 18:00:00+00:00,1,1,1,0,2026-04-19 14:00:00+08:00,2026-04-19 14:00:00+08:00,,1500.0,REJECTED,local_hour_count_1
data/interim/notebook02_sources/hourly_forecasts/01_19a_hko_ecmwf_single_run_hourly_forecasts.csv,source_target_date_decision_rule_issue_time,2026-04-19,12h_prior,,,2026-04-13 18:00:00+00:00,2026-04-13 18:00:00+00:00,1,1,1,0,2026-04-19 20:00:00+08:00,2026-04-19 20:00:00+08:00,,1500.0,REJECTED,local_hour_count_1
data/interim/notebook02_sources/hourly_forecasts/01_19a_hko_ecmwf_single_run_hourly_forecasts.csv,source_target_date_decision_rule_issue_time,2026-04-14,12h_prior,,,2026-04-14 00:00:00+00:00,2026-04-14 00:00:00+00:00,1,1,1,0,2026-04-14 20:00:00+08:00,2026-04-14 20:00:00+08:00,,1500.0,REJECTED,local_hour_count_1
data/interim/notebook02_sources/hourly_forecasts/01_19a_hko_ecmwf_single_run_hourly_forecasts.csv,source_target_date_decision_rule_issue_time,2026-04-15,6h_prior,,,2026-04-14 00:00:00+00:00,2026-04-14 00:00:00+00:00,1,1,1,0,2026-04-15 14:00:00+08:00,2026-04-15 14:00:00+08:00,,1500.0,REJECTED,local_hour_count_1
data/interim/notebook02_sources/hourly_forecasts/01_19a_hko_ecmwf_single_run_hourly_forecasts.csv,source_target_date_decision_rule_issue_time,2026-04-15,12h_prior,,,2026-04-14 00:00:00+00:00,2026-04-14 00:00:00+00:00,1,1,1,0,2026-04-15 20:00:00+08:00,2026-04-15 20:00:00+08:00,,1500.0,REJECTED,local_hour_count_1
data/interim/notebook02_sources/hourly_forecasts/01_19a_hko_ecmwf_single_run_hourly_forecasts.csv,source_target_date_decision_rule_issue_time,2026-04-16,6h_prior,,,2026-04-14 00:00:00+00:00,2026-04-14 00:00:00+00:00,1,1,1,0,2026-04-16 14:00:00+08:00,2026-04-16 14:00:00+08:00,,1500.0,REJECTED,local_hour_count_1
data/interim/notebook02_sources/hourly_forecasts/01_19a_hko_ecmwf_single_run_hourly_forecasts.csv,source_target_date_decision_rule_issue_time,2026-04-16,12h_prior,,,2026-04-14 00:00:00+00:00,2026-04-14 00:00:00+00:00,1,1,1,0,2026-04-16 20:00:00+08:00,2026-04-16 20:00:00+08:00,,1500.0,REJECTED,local_hour_count_1
data/interim/notebook02_sources/hourly_forecasts/01_19a_hko_ecmwf_single_run_hourly_forecasts.csv,source_target_date_decision_rule_issue_time,2026-04-17,6h_prior,,,2026-04-14 00:00:00+00:00,2026-04-14 00:00:00+00:00,1,1,1,0,2026-04-17 14:00:00+08:00,2026-04-17 14:00:00+08:00,,1500.0,REJECTED,local_hour_count_1
data/interim/notebook02_sources/hourly_forecasts/01_19a_hko_ecmwf_single_run_hourly_forecasts.csv,source_target_date_decision_rule_issue_time,2026-04-17,12h_prior,,,2026-04-14 00:00:00+00:00,2026-04-14 00:00:00+00:00,1,1,1,0,2026-04-17 20:00:00+08:00,2026-04-17 20:00:00+08:00,,1500.0,REJECTED,local_hour_count_1
data/interim/notebook02_sources/hourly_forecasts/01_19a_hko_ecmwf_single_run_hourly_forecasts.csv,source_target_date_decision_rule_issue_time,2026-04-18,6h_prior,,,2026-04-14 00:00:00+00:00,2026-04-14 00:00:00+00:00,1,1,1,0,2026-04-18 14:00:00+08:00,2026-04-18 14:00:00+08:00,,1500.0,REJECTED,local_hour_count_1
data/interim/notebook02_sources/hourly_forecasts/01_19a_hko_ecmwf_single_run_hourly_forecasts.csv,source_target_date_decision_rule_issue_time,2026-04-18,12h_prior,,,2026-04-14 00:00:00+00:00,2026-04-14 00:00:00+00:00,1,1,1,0,2026-04-18 20:00:00+08:00,2026-04-18 20:00:00+08:00,,1500.0,REJECTED,local_hour_count_1
data/interim/notebook02_sources/hourly_forecasts/01_19a_hko_ecmwf_single_run_hourly_forecasts.csv,source_target_date_decision_rule_issue_time,2026-04-19,6h_prior,,,2026-04-14 00:00:00+00:00,2026-04-14 00:00:00+00:00,1,1,1,0,2026-04-19 14:00:00+08:00,2026-04-19 14:00:00+08:00,,1500.0,REJECTED,local_hour_count_1
data/interim/notebook02_sources/hourly_forecasts/01_19a_hko_ecmwf_single_run_hourly_forecasts.csv,source_target_date_decision_rule_issue_time,2026-04-19,12h_prior,,,2026-04-14 00:00:00+00:00,2026-04-14 00:00:00+00:00,1,1,1,0,2026-04-19 20:00:00+08:00,2026-04-19 20:00:00+08:00,,1500.0,REJECTED,local_hour_count_1
data/interim/notebook02_sources/hourly_forecasts/01_19a_hko_ecmwf_single_run_hourly_forecasts.csv,source_target_date_decision_rule_issue_time,2026-04-20,6h_prior,,,2026-04-14 00:00:00+00:00,2026-04-14 00:00:00+00:00,1,1,1,0,2026-04-20 14:00:00+08:00,2026-04-20 14:00:00+08:00,,1500.0,REJECTED,local_hour_count_1
data/interim/notebook02_sources/hourly_forecasts/01_19a_hko_ecmwf_single_run_hourly_forecasts.csv,source_target_date_decision_rule_issue_time,2026-04-20,12h_prior,,,2026-04-14 00:00:00+00:00,2026-04-14 00:00:00+00:00,1,1,1,0,2026-04-20 20:00:00+08:00,2026-04-20 20:00:00+08:00,,1500.0,REJECTED,local_hour_count_1
data/interim/notebook02_sources/hourly_forecasts/01_19a_hko_ecmwf_single_run_hourly_forecasts.csv,source_target_date_decision_rule_issue_time,2026-04-21,6h_prior,,,2026-04-14 00:00:00+00:00,2026-04-14 00:00:00+00:00,1,1,1,0,2026-04-21 14:00:00+08:00,2026-04-21 14:00:00+08:00,,1500.0,REJECTED,local_hour_count_1
data/interim/notebook02_sources/hourly_forecasts/01_19a_hko_ecmwf_single_run_hourly_forecasts.csv,source_target_date_decision_rule_issue_time,2026-04-21,12h_prior,,,2026-04-14 00:00:00+00:00,2026-04-14 00:00:00+00:00,1,1,1,0,2026-04-21 20:00:00+08:00,2026-04-21 20:00:00+08:00,,1500.0,REJECTED,local_hour_count_1
data/interim/notebook02_sources/hourly_forecasts/01_19a_hko_ecmwf_single_run_hourly_forecasts.csv,source_target_date_decision_rule_issue_time,2026-04-22,6h_prior,,,2026-04-14 00:00:00+00:00,2026-04-14 00:00:00+00:00,1,1,1,0,2026-04-22 14:00:00+08:00,2026-04-22 14:00:00+08:00,,1500.0,REJECTED,local_hour_count_1
data/interim/notebook02_sources/hourly_forecasts/01_19a_hko_ecmwf_single_run_hourly_forecasts.csv,source_target_date_decision_rule_issue_time,2026-04-22,12h_prior,,,2026-04-14 00:00:00+00:00,2026-04-14 00:00:00+00:00,1,1,1,0,2026-04-22 20:00:00+08:00,2026-04-22 20:00:00+08:00,,1500.0,REJECTED,local_hour_count_1
data/interim/notebook02_sources/hourly_forecasts/01_19a_hko_ecmwf_single_run_hourly_forecasts.csv,source_target_date_decision_rule_issue_time,2026-04-23,6h_prior,,,2026-04-14 00:00:00+00:00,2026-04-14 00:00:00+00:00,1,1,1,0,2026-04-23 14:00:00+08:00,2026-04-23 14:00:00+08:00,,1500.0,REJECTED,local_hour_count_1
data/interim/notebook02_sources/hourly_forecasts/01_19a_hko_ecmwf_single_run_hourly_forecasts.csv,source_target_date_decision_rule_issue_time,2026-04-23,12h_prior,,,2026-04-14 00:00:00+00:00,2026-04-14 00:00:00+00:00,1,1,1,0,2026-04-23 20:00:00+08:00,2026-04-23 20:00:00+08:00,,1500.0,REJECTED,local_hour_count_1
data/interim/notebook02_sources/hourly_forecasts/01_19a_hko_ecmwf_single_run_hourly_forecasts.csv,source_target_date_decision_rule_issue_time,2026-04-24,6h_prior,,,2026-04-14 00:00:00+00:00,2026-04-14 00:00:00+00:00,1,1,1,0,2026-04-24 14:00:00+08:00,2026-04-24 14:00:00+08:00,,1500.0,REJECTED,local_hour_count_1
data/interim/notebook02_sources/hourly_forecasts/01_19a_hko_ecmwf_single_run_hourly_forecasts.csv,source_target_date_decision_rule_issue_time,2026-04-15,6h_prior,,,2026-04-14 06:00:00+00:00,2026-04-14 06:00:00+00:00,1,1,1,0,2026-04-15 14:00:00+08:00,2026-04-15 14:00:00+08:00,,1500.0,REJECTED,local_hour_count_1
data/interim/notebook02_sources/hourly_forecasts/01_19a_hko_ecmwf_single_run_hourly_forecasts.csv,source_target_date_decision_rule_issue_time,2026-04-15,12h_prior,,,2026-04-14 06:00:00+00:00,2026-04-14 06:00:00+00:00,1,1,1,0,2026-04-15 20:00:00+08:00,2026-04-15 20:00:00+08:00,,1500.0,REJECTED,local_hour_count_1
data/interim/notebook02_sources/hourly_forecasts/01_19a_hko_ecmwf_single_run_hourly_forecasts.csv,source_target_date_decision_rule_issue_time,2026-04-16,6h_prior,,,2026-04-14 06:00:00+00:00,2026-04-14 06:00:00+00:00,1,1,1,0,2026-04-16 14:00:00+08:00,2026-04-16 14:00:00+08:00,,1500.0,REJECTED,local_hour_count_1
data/interim/notebook02_sources/hourly_forecasts/01_19a_hko_ecmwf_single_run_hourly_forecasts.csv,source_target_date_decision_rule_issue_time,2026-04-16,12h_prior,,,2026-04-14 06:00:00+00:00,2026-04-14 06:00:00+00:00,1,1,1,0,2026-04-16 20:00:00+08:00,2026-04-16 20:00:00+08:00,,1500.0,REJECTED,local_hour_count_1
data/interim/notebook02_sources/hourly_forecasts/01_19a_hko_ecmwf_single_run_hourly_forecasts.csv,source_target_date_decision_rule_issue_time,2026-04-17,6h_prior,,,2026-04-14 06:00:00+00:00,2026-04-14 06:00:00+00:00,1,1,1,0,2026-04-17 14:00:00+08:00,2026-04-17 14:00:00+08:00,,1500.0,REJECTED,local_hour_count_1
data/interim/notebook02_sources/hourly_forecasts/01_19a_hko_ecmwf_single_run_hourly_forecasts.csv,source_target_date_decision_rule_issue_time,2026-04-17,12h_prior,,,2026-04-14 06:00:00+00:00,2026-04-14 06:00:00+00:00,1,1,1,0,2026-04-17 20:00:00+08:00,2026-04-17 20:00:00+08:00,,1500.0,REJECTED,local_hour_count_1
data/interim/notebook02_sources/hourly_forecasts/01_19a_hko_ecmwf_single_run_hourly_forecasts.csv,source_target_date_decision_rule_issue_time,2026-04-18,6h_prior,,,2026-04-14 06:00:00+00:00,2026-04-14 06:00:00+00:00,1,1,1,0,2026-04-18 14:00:00+08:00,2026-04-18 14:00:00+08:00,,1500.0,REJECTED,local_hour_count_1
data/interim/notebook02_sources/hourly_forecasts/01_19a_hko_ecmwf_single_run_hourly_forecasts.csv,source_target_date_decision_rule_issue_time,2026-04-18,12h_prior,,,2026-04-14 06:00:00+00:00,2026-04-14 06:00:00+00:00,1,1,1,0,2026-04-18 20:00:00+08:00,2026-04-18 20:00:00+08:00,,1500.0,REJECTED,local_hour_count_1
data/interim/notebook02_sources/hourly_forecasts/01_19a_hko_ecmwf_single_run_hourly_forecasts.csv,source_target_date_decision_rule_issue_time,2026-04-19,6h_prior,,,2026-04-14 06:00:00+00:00,2026-04-14 06:00:00+00:00,1,1,1,0,2026-04-19 14:00:00+08:00,2026-04-19 14:00:00+08:00,,1500.0,REJECTED,local_hour_count_1
data/interim/notebook02_sources/hourly_forecasts/01_19a_hko_ecmwf_single_run_hourly_forecasts.csv,source_target_date_decision_rule_issue_time,2026-04-19,12h_prior,,,2026-04-14 06:00:00+00:00,2026-04-14 06:00:00+00:00,1,1,1,0,2026-04-19 20:00:00+08:00,2026-04-19 20:00:00+08:00,,1500.0,REJECTED,local_hour_count_1
data/interim/notebook02_sources/hourly_forecasts/01_19a_hko_ecmwf_single_run_hourly_forecasts.csv,source_target_date_decision_rule_issue_time,2026-04-20,6h_prior,,,2026-04-14 06:00:00+00:00,2026-04-14 06:00:00+00:00,1,1,1,0,2026-04-20 14:00:00+08:00,2026-04-20 14:00:00+08:00,,1500.0,REJECTED,local_hour_count_1
data/interim/notebook02_sources/hourly_forecasts/01_19a_hko_ecmwf_single_run_hourly_forecasts.csv,source_target_date_decision_rule_issue_time,2026-04-20,12h_prior,,,2026-04-14 06:00:00+00:00,2026-04-14 06:00:00+00:00,1,1,1,0,2026-04-20 20:00:00+08:00,2026-04-20 20:00:00+08:00,,1500.0,REJECTED,local_hour_count_1
data/interim/notebook02_sources/hourly_forecasts/01_19a_hko_ecmwf_single_run_hourly_forecasts.csv,source_target_date_decision_rule_issue_time,2026-04-15,6h_prior,,,2026-04-14 18:00:00+00:00,2026-04-14 18:00:00+00:00,1,1,1,0,2026-04-15 14:00:00+08:00,2026-04-15 14:00:00+08:00,,1500.0,REJECTED,local_hour_count_1
data/interim/notebook02_sources/hourly_forecasts/01_19a_hko_ecmwf_single_run_hourly_forecasts.csv,source_target_date_decision_rule_issue_time,2026-04-15,12h_prior,,,2026-04-14 18:00:00+00:00,2026-04-14 18:00:00+00:00,1,1,1,0,2026-04-15 20:00:00+08:00,2026-04-15 20:00:00+08:00,,1500.0,REJECTED,local_hour_count_1
data/interim/notebook02_sources/hourly_forecasts/01_19a_hko_ecmwf_single_run_hourly_forecasts.csv,source_target_date_decision_rule_issue_time,2026-04-16,6h_prior,,,2026-04-14 18:00:00+00:00,2026-04-14 18:00:00+00:00,1,1,1,0,2026-04-16 14:00:00+08:00,2026-04-16 14:00:00+08:00,,1500.0,REJECTED,local_hour_count_1
data/interim/notebook02_sources/hourly_forecasts/01_19a_hko_ecmwf_single_run_hourly_forecasts.csv,source_target_date_decision_rule_issue_time,2026-04-16,12h_prior,,,2026-04-14 18:00:00+00:00,2026-04-14 18:00:00+00:00,1,1,1,0,2026-04-16 20:00:00+08:00,2026-04-16 20:00:00+08:00,,1500.0,REJECTED,local_hour_count_1
data/interim/notebook02_sources/hourly_forecasts/01_19a_hko_ecmwf_single_run_hourly_forecasts.csv,source_target_date_decision_rule_issue_time,2026-04-17,6h_prior,,,2026-04-14 18:00:00+00:00,2026-04-14 18:00:00+00:00,1,1,1,0,2026-04-17 14:00:00+08:00,2026-04-17 14:00:00+08:00,,1500.0,REJECTED,local_hour_count_1
data/interim/notebook02_sources/hourly_forecasts/01_19a_hko_ecmwf_single_run_hourly_forecasts.csv,source_target_date_decision_rule_issue_time,2026-04-17,12h_prior,,,2026-04-14 18:00:00+00:00,2026-04-14 18:00:00+00:00,1,1,1,0,2026-04-17 20:00:00+08:00,2026-04-17 20:00:00+08:00,,1500.0,REJECTED,local_hour_count_1
data/interim/notebook02_sources/hourly_forecasts/01_19a_hko_ecmwf_single_run_hourly_forecasts.csv,source_target_date_decision_rule_issue_time,2026-04-18,6h_prior,,,2026-04-14 18:00:00+00:00,2026-04-14 18:00:00+00:00,1,1,1,0,2026-04-18 14:00:00+08:00,2026-04-18 14:00:00+08:00,,1500.0,REJECTED,local_hour_count_1
data/interim/notebook02_sources/hourly_forecasts/01_19a_hko_ecmwf_single_run_hourly_forecasts.csv,source_target_date_decision_rule_issue_time,2026-04-18,12h_prior,,,2026-04-14 18:00:00+00:00,2026-04-14 18:00:00+00:00,1,1,1,0,2026-04-18 20:00:00+08:00,2026-04-18 20:00:00+08:00,,1500.0,REJECTED,local_hour_count_1
data/interim/notebook02_sources/hourly_forecasts/01_19a_hko_ecmwf_single_run_hourly_forecasts.csv,source_target_date_decision_rule_issue_time,2026-04-19,6h_prior,,,2026-04-14 18:00:00+00:00,2026-04-14 18:00:00+00:00,1,1,1,0,2026-04-19 14:00:00+08:00,2026-04-19 14:00:00+08:00,,1500.0,REJECTED,local_hour_count_1
data/interim/notebook02_sources/hourly_forecasts/01_19a_hko_ecmwf_single_run_hourly_forecasts.csv,source_target_date_decision_rule_issue_time,2026-04-19,12h_prior,,,2026-04-14 18:00:00+00:00,2026-04-14 18:00:00+00:00,1,1,1,0,2026-04-19 20:00:00+08:00,2026-04-19 20:00:00+08:00,,1500.0,REJECTED,local_hour_count_1
data/interim/notebook02_sources/hourly_forecasts/01_19a_hko_ecmwf_single_run_hourly_forecasts.csv,source_target_date_decision_rule_issue_time,2026-04-20,6h_prior,,,2026-04-14 18:00:00+00:00,2026-04-14 18:00:00+00:00,1,1,1,0,2026-04-20 14:00:00+08:00,2026-04-20 14:00:00+08:00,,1500.0,REJECTED,local_hour_count_1
data/interim/notebook02_sources/hourly_forecasts/01_19a_hko_ecmwf_single_run_hourly_forecasts.csv,source_target_date_decision_rule_issue_time,2026-04-20,12h_prior,,,2026-04-14 18:00:00+00:00,2026-04-14 18:00:00+00:00,1,1,1,0,2026-04-20 20:00:00+08:00,2026-04-20 20:00:00+08:00,,1500.0,REJECTED,local_hour_count_1
data/interim/notebook02_sources/hourly_forecasts/01_19a_hko_ecmwf_single_run_hourly_forecasts.csv,source_target_date_decision_rule_issue_time,2026-04-15,12h_prior,,,2026-04-15 00:00:00+00:00,2026-04-15 00:00:00+00:00,1,1,1,0,2026-04-15 20:00:00+08:00,2026-04-15 20:00:00+08:00,,1500.0,REJECTED,local_hour_count_1
data/interim/notebook02_sources/hourly_forecasts/01_19a_hko_ecmwf_single_run_hourly_forecasts.csv,source_target_date_decision_rule_issue_time,2026-04-16,6h_prior,,,2026-04-15 00:00:00+00:00,2026-04-15 00:00:00+00:00,1,1,1,0,2026-04-16 14:00:00+08:00,2026-04-16 14:00:00+08:00,,1500.0,REJECTED,local_hour_count_1
data/interim/notebook02_sources/hourly_forecasts/01_19a_hko_ecmwf_single_run_hourly_forecasts.csv,source_target_date_decision_rule_issue_time,2026-04-16,12h_prior,,,2026-04-15 00:00:00+00:00,2026-04-15 00:00:00+00:00,1,1,1,0,2026-04-16 20:00:00+08:00,2026-04-16 20:00:00+08:00,,1500.0,REJECTED,local_hour_count_1
data/interim/notebook02_sources/hourly_forecasts/01_19a_hko_ecmwf_single_run_hourly_forecasts.csv,source_target_date_decision_rule_issue_time,2026-04-17,6h_prior,,,2026-04-15 00:00:00+00:00,2026-04-15 00:00:00+00:00,1,1,1,0,2026-04-17 14:00:00+08:00,2026-04-17 14:00:00+08:00,,1500.0,REJECTED,local_hour_count_1
data/interim/notebook02_sources/hourly_forecasts/01_19a_hko_ecmwf_single_run_hourly_forecasts.csv,source_target_date_decision_rule_issue_time,2026-04-17,12h_prior,,,2026-04-15 00:00:00+00:00,2026-04-15 00:00:00+00:00,1,1,1,0,2026-04-17 20:00:00+08:00,2026-04-17 20:00:00+08:00,,1500.0,REJECTED,local_hour_count_1
data/interim/notebook02_sources/hourly_forecasts/01_19a_hko_ecmwf_single_run_hourly_forecasts.csv,source_target_date_decision_rule_issue_time,2026-04-18,6h_prior,,,2026-04-15 00:00:00+00:00,2026-04-15 00:00:00+00:00,1,1,1,0,2026-04-18 14:00:00+08:00,2026-04-18 14:00:00+08:00,,1500.0,REJECTED,local_hour_count_1
data/interim/notebook02_sources/hourly_forecasts/01_19a_hko_ecmwf_single_run_hourly_forecasts.csv,source_target_date_decision_rule_issue_time,2026-04-18,12h_prior,,,2026-04-15 00:00:00+00:00,2026-04-15 00:00:00+00:00,1,1,1,0,2026-04-18 20:00:00+08:00,2026-04-18 20:00:00+08:00,,1500.0,REJECTED,local_hour_count_1
data/interim/notebook02_sources/hourly_forecasts/01_19a_hko_ecmwf_single_run_hourly_forecasts.csv,source_target_date_decision_rule_issue_time,2026-04-19,6h_prior,,,2026-04-15 00:00:00+00:00,2026-04-15 00:00:00+00:00,1,1,1,0,2026-04-19 14:00:00+08:00,2026-04-19 14:00:00+08:00,,1500.0,REJECTED,local_hour_count_1
data/interim/notebook02_sources/hourly_forecasts/01_19a_hko_ecmwf_single_run_hourly_forecasts.csv,source_target_date_decision_rule_issue_time,2026-04-19,12h_prior,,,2026-04-15 00:00:00+00:00,2026-04-15 00:00:00+00:00,1,1,1,0,2026-04-19 20:00:00+08:00,2026-04-19 20:00:00+08:00,,1500.0,REJECTED,local_hour_count_1
data/interim/notebook02_sources/hourly_forecasts/01_19a_hko_ecmwf_single_run_hourly_forecasts.csv,source_target_date_decision_rule_issue_time,2026-04-20,6h_prior,,,2026-04-15 00:00:00+00:00,2026-04-15 00:00:00+00:00,1,1,1,0,2026-04-20 14:00:00+08:00,2026-04-20 14:00:00+08:00,,1500.0,REJECTED,local_hour_count_1
data/interim/notebook02_sources/hourly_forecasts/01_19a_hko_ecmwf_single_run_hourly_forecasts.csv,source_target_date_decision_rule_issue_time,2026-04-20,12h_prior,,,2026-04-15 00:00:00+00:00,2026-04-15 00:00:00+00:00,1,1,1,0,2026-04-20 20:00:00+08:00,2026-04-20 20:00:00+08:00,,1500.0,REJECTED,local_hour_count_1
data/interim/notebook02_sources/hourly_forecasts/01_19a_hko_ecmwf_single_run_hourly_forecasts.csv,source_target_date_decision_rule_issue_time,2026-04-21,6h_prior,,,2026-04-15 00:00:00+00:00,2026-04-15 00:00:00+00:00,1,1,1,0,2026-04-21 14:00:00+08:00,2026-04-21 14:00:00+08:00,,1500.0,REJECTED,local_hour_count_1
data/interim/notebook02_sources/hourly_forecasts/01_19a_hko_ecmwf_single_run_hourly_forecasts.csv,source_target_date_decision_rule_issue_time,2026-04-21,12h_prior,,,2026-04-15 00:00:00+00:00,2026-04-15 00:00:00+00:00,1,1,1,0,2026-04-21 20:00:00+08:00,2026-04-21 20:00:00+08:00,,1500.0,REJECTED,local_hour_count_1
data/interim/notebook02_sources/hourly_forecasts/01_19a_hko_ecmwf_single_run_hourly_forecasts.csv,source_target_date_decision_rule_issue_time,2026-04-22,6h_prior,,,2026-04-15 00:00:00+00:00,2026-04-15 00:00:00+00:00,1,1,1,0,2026-04-22 14:00:00+08:00,2026-04-22 14:00:00+08:00,,1500.0,REJECTED,local_hour_count_1
data/interim/notebook02_sources/hourly_forecasts/01_19a_hko_ecmwf_single_run_hourly_forecasts.csv,source_target_date_decision_rule_issue_time,2026-04-22,12h_prior,,,2026-04-15 00:00:00+00:00,2026-04-15 00:00:00+00:00,1,1,1,0,2026-04-22 20:00:00+08:00,2026-04-22 20:00:00+08:00,,1500.0,REJECTED,local_hour_count_1
data/interim/notebook02_sources/hourly_forecasts/01_19a_hko_ecmwf_single_run_hourly_forecasts.csv,source_target_date_decision_rule_issue_time,2026-04-23,6h_prior,,,2026-04-15 00:00:00+00:00,2026-04-15 00:00:00+00:00,1,1,1,0,2026-04-23 14:00:00+08:00,2026-04-23 14:00:00+08:00,,1500.0,REJECTED,local_hour_count_1
data/interim/notebook02_sources/hourly_forecasts/01_19a_hko_ecmwf_single_run_hourly_forecasts.csv,source_target_date_decision_rule_issue_time,2026-04-23,12h_prior,,,2026-04-15 00:00:00+00:00,2026-04-15 00:00:00+00:00,1,1,1,0,2026-04-23 20:00:00+08:00,2026-04-23 20:00:00+08:00,,1500.0,REJECTED,local_hour_count_1
data/interim/notebook02_sources/hourly_forecasts/01_19a_hko_ecmwf_single_run_hourly_forecasts.csv,source_target_date_decision_rule_issue_time,2026-04-24,6h_prior,,,2026-04-15 00:00:00+00:00,2026-04-15 00:00:00+00:00,1,1,1,0,2026-04-24 14:00:00+08:00,2026-04-24 14:00:00+08:00,,1500.0,REJECTED,local_hour_count_1
data/interim/notebook02_sources/hourly_forecasts/01_19a_hko_ecmwf_single_run_hourly_forecasts.csv,source_target_date_decision_rule_issue_time,2026-04-24,12h_prior,,,2026-04-15 00:00:00+00:00,2026-04-15 00:00:00+00:00,1,1,1,0,2026-04-24 20:00:00+08:00,2026-04-24 20:00:00+08:00,,1500.0,REJECTED,local_hour_count_1
data/interim/notebook02_sources/hourly_forecasts/01_19a_hko_ecmwf_single_run_hourly_forecasts.csv,source_target_date_decision_rule_issue_time,2026-04-25,6h_prior,,,2026-04-15 00:00:00+00:00,2026-04-15 00:00:00+00:00,1,1,1,0,2026-04-25 14:00:00+08:00,2026-04-25 14:00:00+08:00,,1500.0,REJECTED,local_hour_count_1
data/interim/notebook02_sources/hourly_forecasts/01_19a_hko_ecmwf_single_run_hourly_forecasts.csv,source_target_date_decision_rule_issue_time,2026-04-16,6h_prior,,,2026-04-15 06:00:00+00:00,2026-04-15 06:00:00+00:00,1,1,1,0,2026-04-16 14:00:00+08:00,2026-04-16 14:00:00+08:00,,1500.0,REJECTED,local_hour_count_1
data/interim/notebook02_sources/hourly_forecasts/01_19a_hko_ecmwf_single_run_hourly_forecasts.csv,source_target_date_decision_rule_issue_time,2026-04-16,12h_prior,,,2026-04-15 06:00:00+00:00,2026-04-15 06:00:00+00:00,1,1,1,0,2026-04-16 20:00:00+08:00,2026-04-16 20:00:00+08:00,,1500.0,REJECTED,local_hour_count_1
data/interim/notebook02_sources/hourly_forecasts/01_19a_hko_ecmwf_single_run_hourly_forecasts.csv,source_target_date_decision_rule_issue_time,2026-04-17,6h_prior,,,2026-04-15 06:00:00+00:00,2026-04-15 06:00:00+00:00,1,1,1,0,2026-04-17 14:00:00+08:00,2026-04-17 14:00:00+08:00,,1500.0,REJECTED,local_hour_count_1
data/interim/notebook02_sources/hourly_forecasts/01_19a_hko_ecmwf_single_run_hourly_forecasts.csv,source_target_date_decision_rule_issue_time,2026-04-17,12h_prior,,,2026-04-15 06:00:00+00:00,2026-04-15 06:00:00+00:00,1,1,1,0,2026-04-17 20:00:00+08:00,2026-04-17 20:00:00+08:00,,1500.0,REJECTED,local_hour_count_1
data/interim/notebook02_sources/hourly_forecasts/01_19a_hko_ecmwf_single_run_hourly_forecasts.csv,source_target_date_decision_rule_issue_time,2026-04-18,6h_prior,,,2026-04-15 06:00:00+00:00,2026-04-15 06:00:00+00:00,1,1,1,0,2026-04-18 14:00:00+08:00,2026-04-18 14:00:00+08:00,,1500.0,REJECTED,local_hour_count_1
data/interim/notebook02_sources/hourly_forecasts/01_19a_hko_ecmwf_single_run_hourly_forecasts.csv,source_target_date_decision_rule_issue_time,2026-04-18,12h_prior,,,2026-04-15 06:00:00+00:00,2026-04-15 06:00:00+00:00,1,1,1,0,2026-04-18 20:00:00+08:00,2026-04-18 20:00:00+08:00,,1500.0,REJECTED,local_hour_count_1
data/interim/notebook02_sources/hourly_forecasts/01_19a_hko_ecmwf_single_run_hourly_forecasts.csv,source_target_date_decision_rule_issue_time,2026-04-19,6h_prior,,,2026-04-15 06:00:00+00:00,2026-04-15 06:00:00+00:00,1,1,1,0,2026-04-19 14:00:00+08:00,2026-04-19 14:00:00+08:00,,1500.0,REJECTED,local_hour_count_1
data/interim/notebook02_sources/hourly_forecasts/01_19a_hko_ecmwf_single_run_hourly_forecasts.csv,source_target_date_decision_rule_issue_time,2026-04-19,12h_prior,,,2026-04-15 06:00:00+00:00,2026-04-15 06:00:00+00:00,1,1,1,0,2026-04-19 20:00:00+08:00,2026-04-19 20:00:00+08:00,,1500.0,REJECTED,local_hour_count_1
data/interim/notebook02_sources/hourly_forecasts/01_19a_hko_ecmwf_single_run_hourly_forecasts.csv,source_target_date_decision_rule_issue_time,2026-04-20,6h_prior,,,2026-04-15 06:00:00+00:00,2026-04-15 06:00:00+00:00,1,1,1,0,2026-04-20 14:00:00+08:00,2026-04-20 14:00:00+08:00,,1500.0,REJECTED,local_hour_count_1
data/interim/notebook02_sources/hourly_forecasts/01_19a_hko_ecmwf_single_run_hourly_forecasts.csv,source_target_date_decision_rule_issue_time,2026-04-20,12h_prior,,,2026-04-15 06:00:00+00:00,2026-04-15 06:00:00+00:00,1,1,1,0,2026-04-20 20:00:00+08:00,2026-04-20 20:00:00+08:00,,1500.0,REJECTED,local_hour_count_1
data/interim/notebook02_sources/hourly_forecasts/01_19a_hko_ecmwf_single_run_hourly_forecasts.csv,source_target_date_decision_rule_issue_time,2026-04-21,6h_prior,,,2026-04-15 06:00:00+00:00,2026-04-15 06:00:00+00:00,1,1,1,0,2026-04-21 14:00:00+08:00,2026-04-21 14:00:00+08:00,,1500.0,REJECTED,local_hour_count_1
data/interim/notebook02_sources/hourly_forecasts/01_19a_hko_ecmwf_single_run_hourly_forecasts.csv,source_target_date_decision_rule_issue_time,2026-04-21,12h_prior,,,2026-04-15 06:00:00+00:00,2026-04-15 06:00:00+00:00,1,1,1,0,2026-04-21 20:00:00+08:00,2026-04-21 20:00:00+08:00,,1500.0,REJECTED,local_hour_count_1
data/interim/notebook02_sources/hourly_forecasts/01_19a_hko_ecmwf_single_run_hourly_forecasts.csv,source_target_date_decision_rule_issue_time,2026-04-16,6h_prior,,,2026-04-15 18:00:00+00:00,2026-04-15 18:00:00+00:00,1,1,1,0,2026-04-16 14:00:00+08:00,2026-04-16 14:00:00+08:00,,1500.0,REJECTED,local_hour_count_1
data/interim/notebook02_sources/hourly_forecasts/01_19a_hko_ecmwf_single_run_hourly_forecasts.csv,source_target_date_decision_rule_issue_time,2026-04-16,12h_prior,,,2026-04-15 18:00:00+00:00,2026-04-15 18:00:00+00:00,1,1,1,0,2026-04-16 20:00:00+08:00,2026-04-16 20:00:00+08:00,,1500.0,REJECTED,local_hour_count_1
data/interim/notebook02_sources/hourly_forecasts/01_19a_hko_ecmwf_single_run_hourly_forecasts.csv,source_target_date_decision_rule_issue_time,2026-04-17,6h_prior,,,2026-04-15 18:00:00+00:00,2026-04-15 18:00:00+00:00,1,1,1,0,2026-04-17 14:00:00+08:00,2026-04-17 14:00:00+08:00,,1500.0,REJECTED,local_hour_count_1
data/interim/notebook02_sources/hourly_forecasts/01_19a_hko_ecmwf_single_run_hourly_forecasts.csv,source_target_date_decision_rule_issue_time,2026-04-17,12h_prior,,,2026-04-15 18:00:00+00:00,2026-04-15 18:00:00+00:00,1,1,1,0,2026-04-17 20:00:00+08:00,2026-04-17 20:00:00+08:00,,1500.0,REJECTED,local_hour_count_1
data/interim/notebook02_sources/hourly_forecasts/01_19a_hko_ecmwf_single_run_hourly_forecasts.csv,source_target_date_decision_rule_issue_time,2026-04-18,6h_prior,,,2026-04-15 18:00:00+00:00,2026-04-15 18:00:00+00:00,1,1,1,0,2026-04-18 14:00:00+08:00,2026-04-18 14:00:00+08:00,,1500.0,REJECTED,local_hour_count_1
data/interim/notebook02_sources/hourly_forecasts/01_19a_hko_ecmwf_single_run_hourly_forecasts.csv,source_target_date_decision_rule_issue_time,2026-04-18,12h_prior,,,2026-04-15 18:00:00+00:00,2026-04-15 18:00:00+00:00,1,1,1,0,2026-04-18 20:00:00+08:00,2026-04-18 20:00:00+08:00,,1500.0,REJECTED,local_hour_count_1
data/interim/notebook02_sources/hourly_forecasts/01_19a_hko_ecmwf_single_run_hourly_forecasts.csv,source_target_date_decision_rule_issue_time,2026-04-19,6h_prior,,,2026-04-15 18:00:00+00:00,2026-04-15 18:00:00+00:00,1,1,1,0,2026-04-19 14:00:00+08:00,2026-04-19 14:00:00+08:00,,1500.0,REJECTED,local_hour_count_1
data/interim/notebook02_sources/hourly_forecasts/01_19a_hko_ecmwf_single_run_hourly_forecasts.csv,source_target_date_decision_rule_issue_time,2026-04-19,12h_prior,,,2026-04-15 18:00:00+00:00,2026-04-15 18:00:00+00:00,1,1,1,0,2026-04-19 20:00:00+08:00,2026-04-19 20:00:00+08:00,,1500.0,REJECTED,local_hour_count_1
data/interim/notebook02_sources/hourly_forecasts/01_19a_hko_ecmwf_single_run_hourly_forecasts.csv,source_target_date_decision_rule_issue_time,2026-04-20,6h_prior,,,2026-04-15 18:00:00+00:00,2026-04-15 18:00:00+00:00,1,1,1,0,2026-04-20 14:00:00+08:00,2026-04-20 14:00:00+08:00,,1500.0,REJECTED,local_hour_count_1
data/interim/notebook02_sources/hourly_forecasts/01_19a_hko_ecmwf_single_run_hourly_forecasts.csv,source_target_date_decision_rule_issue_time,2026-04-20,12h_prior,,,2026-04-15 18:00:00+00:00,2026-04-15 18:00:00+00:00,1,1,1,0,2026-04-20 20:00:00+08:00,2026-04-20 20:00:00+08:00,,1500.0,REJECTED,local_hour_count_1
data/interim/notebook02_sources/hourly_forecasts/01_19a_hko_ecmwf_single_run_hourly_forecasts.csv,source_target_date_decision_rule_issue_time,2026-04-21,6h_prior,,,2026-04-15 18:00:00+00:00,2026-04-15 18:00:00+00:00,1,1,1,0,2026-04-21 14:00:00+08:00,2026-04-21 14:00:00+08:00,,1500.0,REJECTED,local_hour_count_1
data/interim/notebook02_sources/hourly_forecasts/01_19a_hko_ecmwf_single_run_hourly_forecasts.csv,source_target_date_decision_rule_issue_time,2026-04-21,12h_prior,,,2026-04-15 18:00:00+00:00,2026-04-15 18:00:00+00:00,1,1,1,0,2026-04-21 20:00:00+08:00,2026-04-21 20:00:00+08:00,,1500.0,REJECTED,local_hour_count_1
data/interim/notebook02_sources/hourly_forecasts/01_19a_hko_ecmwf_single_run_hourly_forecasts.csv,source_target_date_decision_rule_issue_time,2026-04-16,12h_prior,,,2026-04-16 00:00:00+00:00,2026-04-16 00:00:00+00:00,1,1,1,0,2026-04-16 20:00:00+08:00,2026-04-16 20:00:00+08:00,,1500.0,REJECTED,local_hour_count_1
data/interim/notebook02_sources/hourly_forecasts/01_19a_hko_ecmwf_single_run_hourly_forecasts.csv,source_target_date_decision_rule_issue_time,2026-04-17,6h_prior,,,2026-04-16 00:00:00+00:00,2026-04-16 00:00:00+00:00,1,1,1,0,2026-04-17 14:00:00+08:00,2026-04-17 14:00:00+08:00,,1500.0,REJECTED,local_hour_count_1
data/interim/notebook02_sources/hourly_forecasts/01_19a_hko_ecmwf_single_run_hourly_forecasts.csv,source_target_date_decision_rule_issue_time,2026-04-17,12h_prior,,,2026-04-16 00:00:00+00:00,2026-04-16 00:00:00+00:00,1,1,1,0,2026-04-17 20:00:00+08:00,2026-04-17 20:00:00+08:00,,1500.0,REJECTED,local_hour_count_1
data/interim/notebook02_sources/hourly_forecasts/01_19a_hko_ecmwf_single_run_hourly_forecasts.csv,source_target_date_decision_rule_issue_time,2026-04-18,6h_prior,,,2026-04-16 00:00:00+00:00,2026-04-16 00:00:00+00:00,1,1,1,0,2026-04-18 14:00:00+08:00,2026-04-18 14:00:00+08:00,,1500.0,REJECTED,local_hour_count_1
data/interim/notebook02_sources/hourly_forecasts/01_19a_hko_ecmwf_single_run_hourly_forecasts.csv,source_target_date_decision_rule_issue_time,2026-04-18,12h_prior,,,2026-04-16 00:00:00+00:00,2026-04-16 00:00:00+00:00,1,1,1,0,2026-04-18 20:00:00+08:00,2026-04-18 20:00:00+08:00,,1500.0,REJECTED,local_hour_count_1
data/interim/notebook02_sources/hourly_forecasts/01_19a_hko_ecmwf_single_run_hourly_forecasts.csv,source_target_date_decision_rule_issue_time,2026-04-19,6h_prior,,,2026-04-16 00:00:00+00:00,2026-04-16 00:00:00+00:00,1,1,1,0,2026-04-19 14:00:00+08:00,2026-04-19 14:00:00+08:00,,1500.0,REJECTED,local_hour_count_1
data/interim/notebook02_sources/hourly_forecasts/01_19a_hko_ecmwf_single_run_hourly_forecasts.csv,source_target_date_decision_rule_issue_time,2026-04-19,12h_prior,,,2026-04-16 00:00:00+00:00,2026-04-16 00:00:00+00:00,1,1,1,0,2026-04-19 20:00:00+08:00,2026-04-19 20:00:00+08:00,,1500.0,REJECTED,local_hour_count_1
data/interim/notebook02_sources/hourly_forecasts/01_19a_hko_ecmwf_single_run_hourly_forecasts.csv,source_target_date_decision_rule_issue_time,2026-04-20,6h_prior,,,2026-04-16 00:00:00+00:00,2026-04-16 00:00:00+00:00,1,1,1,0,2026-04-20 14:00:00+08:00,2026-04-20 14:00:00+08:00,,1500.0,REJECTED,local_hour_count_1
data/interim/notebook02_sources/hourly_forecasts/01_19a_hko_ecmwf_single_run_hourly_forecasts.csv,source_target_date_decision_rule_issue_time,2026-04-20,12h_prior,,,2026-04-16 00:00:00+00:00,2026-04-16 00:00:00+00:00,1,1,1,0,2026-04-20 20:00:00+08:00,2026-04-20 20:00:00+08:00,,1500.0,REJECTED,local_hour_count_1
data/interim/notebook02_sources/hourly_forecasts/01_19a_hko_ecmwf_single_run_hourly_forecasts.csv,source_target_date_decision_rule_issue_time,2026-04-21,6h_prior,,,2026-04-16 00:00:00+00:00,2026-04-16 00:00:00+00:00,1,1,1,0,2026-04-21 14:00:00+08:00,2026-04-21 14:00:00+08:00,,1500.0,REJECTED,local_hour_count_1
data/interim/notebook02_sources/hourly_forecasts/01_19a_hko_ecmwf_single_run_hourly_forecasts.csv,source_target_date_decision_rule_issue_time,2026-04-21,12h_prior,,,2026-04-16 00:00:00+00:00,2026-04-16 00:00:00+00:00,1,1,1,0,2026-04-21 20:00:00+08:00,2026-04-21 20:00:00+08:00,,1500.0,REJECTED,local_hour_count_1
data/interim/notebook02_sources/hourly_forecasts/01_19a_hko_ecmwf_single_run_hourly_forecasts.csv,source_target_date_decision_rule_issue_time,2026-04-22,6h_prior,,,2026-04-16 00:00:00+00:00,2026-04-16 00:00:00+00:00,1,1,1,0,2026-04-22 14:00:00+08:00,2026-04-22 14:00:00+08:00,,1500.0,REJECTED,local_hour_count_1
data/interim/notebook02_sources/hourly_forecasts/01_19a_hko_ecmwf_single_run_hourly_forecasts.csv,source_target_date_decision_rule_issue_time,2026-04-22,12h_prior,,,2026-04-16 00:00:00+00:00,2026-04-16 00:00:00+00:00,1,1,1,0,2026-04-22 20:00:00+08:00,2026-04-22 20:00:00+08:00,,1500.0,REJECTED,local_hour_count_1
data/interim/notebook02_sources/hourly_forecasts/01_19a_hko_ecmwf_single_run_hourly_forecasts.csv,source_target_date_decision_rule_issue_time,2026-04-23,6h_prior,,,2026-04-16 00:00:00+00:00,2026-04-16 00:00:00+00:00,1,1,1,0,2026-04-23 14:00:00+08:00,2026-04-23 14:00:00+08:00,,1500.0,REJECTED,local_hour_count_1
data/interim/notebook02_sources/hourly_forecasts/01_19a_hko_ecmwf_single_run_hourly_forecasts.csv,source_target_date_decision_rule_issue_time,2026-04-23,12h_prior,,,2026-04-16 00:00:00+00:00,2026-04-16 00:00:00+00:00,1,1,1,0,2026-04-23 20:00:00+08:00,2026-04-23 20:00:00+08:00,,1500.0,REJECTED,local_hour_count_1
data/interim/notebook02_sources/hourly_forecasts/01_19a_hko_ecmwf_single_run_hourly_forecasts.csv,source_target_date_decision_rule_issue_time,2026-04-24,6h_prior,,,2026-04-16 00:00:00+00:00,2026-04-16 00:00:00+00:00,1,1,1,0,2026-04-24 14:00:00+08:00,2026-04-24 14:00:00+08:00,,1500.0,REJECTED,local_hour_count_1
data/interim/notebook02_sources/hourly_forecasts/01_19a_hko_ecmwf_single_run_hourly_forecasts.csv,source_target_date_decision_rule_issue_time,2026-04-24,12h_prior,,,2026-04-16 00:00:00+00:00,2026-04-16 00:00:00+00:00,1,1,1,0,2026-04-24 20:00:00+08:00,2026-04-24 20:00:00+08:00,,1500.0,REJECTED,local_hour_count_1
data/interim/notebook02_sources/hourly_forecasts/01_19a_hko_ecmwf_single_run_hourly_forecasts.csv,source_target_date_decision_rule_issue_time,2026-04-25,6h_prior,,,2026-04-16 00:00:00+00:00,2026-04-16 00:00:00+00:00,1,1,1,0,2026-04-25 14:00:00+08:00,2026-04-25 14:00:00+08:00,,1500.0,REJECTED,local_hour_count_1
data/interim/notebook02_sources/hourly_forecasts/01_19a_hko_ecmwf_single_run_hourly_forecasts.csv,source_target_date_decision_rule_issue_time,2026-04-25,12h_prior,,,2026-04-16 00:00:00+00:00,2026-04-16 00:00:00+00:00,1,1,1,0,2026-04-25 20:00:00+08:00,2026-04-25 20:00:00+08:00,,1500.0,REJECTED,local_hour_count_1
data/interim/notebook02_sources/hourly_forecasts/01_19a_hko_ecmwf_single_run_hourly_forecasts.csv,source_target_date_decision_rule_issue_time,2026-04-26,6h_prior,,,2026-04-16 00:00:00+00:00,2026-04-16 00:00:00+00:00,1,1,1,0,2026-04-26 14:00:00+08:00,2026-04-26 14:00:00+08:00,,1500.0,REJECTED,local_hour_count_1
data/interim/notebook02_sources/hourly_forecasts/01_19a_hko_ecmwf_single_run_hourly_forecasts.csv,source_target_date_decision_rule_issue_time,2026-04-17,6h_prior,,,2026-04-16 06:00:00+00:00,2026-04-16 06:00:00+00:00,1,1,1,0,2026-04-17 14:00:00+08:00,2026-04-17 14:00:00+08:00,,1500.0,REJECTED,local_hour_count_1
data/interim/notebook02_sources/hourly_forecasts/01_19a_hko_ecmwf_single_run_hourly_forecasts.csv,source_target_date_decision_rule_issue_time,2026-04-17,12h_prior,,,2026-04-16 06:00:00+00:00,2026-04-16 06:00:00+00:00,1,1,1,0,2026-04-17 20:00:00+08:00,2026-04-17 20:00:00+08:00,,1500.0,REJECTED,local_hour_count_1
data/interim/notebook02_sources/hourly_forecasts/01_19a_hko_ecmwf_single_run_hourly_forecasts.csv,source_target_date_decision_rule_issue_time,2026-04-18,6h_prior,,,2026-04-16 06:00:00+00:00,2026-04-16 06:00:00+00:00,1,1,1,0,2026-04-18 14:00:00+08:00,2026-04-18 14:00:00+08:00,,1500.0,REJECTED,local_hour_count_1
data/interim/notebook02_sources/hourly_forecasts/01_19a_hko_ecmwf_single_run_hourly_forecasts.csv,source_target_date_decision_rule_issue_time,2026-04-18,12h_prior,,,2026-04-16 06:00:00+00:00,2026-04-16 06:00:00+00:00,1,1,1,0,2026-04-18 20:00:00+08:00,2026-04-18 20:00:00+08:00,,1500.0,REJECTED,local_hour_count_1
data/interim/notebook02_sources/hourly_forecasts/01_19a_hko_ecmwf_single_run_hourly_forecasts.csv,source_target_date_decision_rule_issue_time,2026-04-19,6h_prior,,,2026-04-16 06:00:00+00:00,2026-04-16 06:00:00+00:00,1,1,1,0,2026-04-19 14:00:00+08:00,2026-04-19 14:00:00+08:00,,1500.0,REJECTED,local_hour_count_1
data/interim/notebook02_sources/hourly_forecasts/01_19a_hko_ecmwf_single_run_hourly_forecasts.csv,source_target_date_decision_rule_issue_time,2026-04-19,12h_prior,,,2026-04-16 06:00:00+00:00,2026-04-16 06:00:00+00:00,1,1,1,0,2026-04-19 20:00:00+08:00,2026-04-19 20:00:00+08:00,,1500.0,REJECTED,local_hour_count_1
data/interim/notebook02_sources/hourly_forecasts/01_19a_hko_ecmwf_single_run_hourly_forecasts.csv,source_target_date_decision_rule_issue_time,2026-04-20,6h_prior,,,2026-04-16 06:00:00+00:00,2026-04-16 06:00:00+00:00,1,1,1,0,2026-04-20 14:00:00+08:00,2026-04-20 14:00:00+08:00,,1500.0,REJECTED,local_hour_count_1
data/interim/notebook02_sources/hourly_forecasts/01_19a_hko_ecmwf_single_run_hourly_forecasts.csv,source_target_date_decision_rule_issue_time,2026-04-20,12h_prior,,,2026-04-16 06:00:00+00:00,2026-04-16 06:00:00+00:00,1,1,1,0,2026-04-20 20:00:00+08:00,2026-04-20 20:00:00+08:00,,1500.0,REJECTED,local_hour_count_1
data/interim/notebook02_sources/hourly_forecasts/01_19a_hko_ecmwf_single_run_hourly_forecasts.csv,source_target_date_decision_rule_issue_time,2026-04-21,6h_prior,,,2026-04-16 06:00:00+00:00,2026-04-16 06:00:00+00:00,1,1,1,0,2026-04-21 14:00:00+08:00,2026-04-21 14:00:00+08:00,,1500.0,REJECTED,local_hour_count_1
data/interim/notebook02_sources/hourly_forecasts/01_19a_hko_ecmwf_single_run_hourly_forecasts.csv,source_target_date_decision_rule_issue_time,2026-04-21,12h_prior,,,2026-04-16 06:00:00+00:00,2026-04-16 06:00:00+00:00,1,1,1,0,2026-04-21 20:00:00+08:00,2026-04-21 20:00:00+08:00,,1500.0,REJECTED,local_hour_count_1
data/interim/notebook02_sources/hourly_forecasts/01_19a_hko_ecmwf_single_run_hourly_forecasts.csv,source_target_date_decision_rule_issue_time,2026-04-22,6h_prior,,,2026-04-16 06:00:00+00:00,2026-04-16 06:00:00+00:00,1,1,1,0,2026-04-22 14:00:00+08:00,2026-04-22 14:00:00+08:00,,1500.0,REJECTED,local_hour_count_1
data/interim/notebook02_sources/hourly_forecasts/01_19a_hko_ecmwf_single_run_hourly_forecasts.csv,source_target_date_decision_rule_issue_time,2026-04-22,12h_prior,,,2026-04-16 06:00:00+00:00,2026-04-16 06:00:00+00:00,1,1,1,0,2026-04-22 20:00:00+08:00,2026-04-22 20:00:00+08:00,,1500.0,REJECTED,local_hour_count_1
data/interim/notebook02_sources/hourly_forecasts/01_19a_hko_ecmwf_single_run_hourly_forecasts.csv,source_target_date_decision_rule_issue_time,2026-04-17,6h_prior,,,2026-04-16 18:00:00+00:00,2026-04-16 18:00:00+00:00,1,1,1,0,2026-04-17 14:00:00+08:00,2026-04-17 14:00:00+08:00,,1500.0,REJECTED,local_hour_count_1
data/interim/notebook02_sources/hourly_forecasts/01_19a_hko_ecmwf_single_run_hourly_forecasts.csv,source_target_date_decision_rule_issue_time,2026-04-17,12h_prior,,,2026-04-16 18:00:00+00:00,2026-04-16 18:00:00+00:00,1,1,1,0,2026-04-17 20:00:00+08:00,2026-04-17 20:00:00+08:00,,1500.0,REJECTED,local_hour_count_1
data/interim/notebook02_sources/hourly_forecasts/01_19a_hko_ecmwf_single_run_hourly_forecasts.csv,source_target_date_decision_rule_issue_time,2026-04-18,6h_prior,,,2026-04-16 18:00:00+00:00,2026-04-16 18:00:00+00:00,1,1,1,0,2026-04-18 14:00:00+08:00,2026-04-18 14:00:00+08:00,,1500.0,REJECTED,local_hour_count_1
data/interim/notebook02_sources/hourly_forecasts/01_19a_hko_ecmwf_single_run_hourly_forecasts.csv,source_target_date_decision_rule_issue_time,2026-04-18,12h_prior,,,2026-04-16 18:00:00+00:00,2026-04-16 18:00:00+00:00,1,1,1,0,2026-04-18 20:00:00+08:00,2026-04-18 20:00:00+08:00,,1500.0,REJECTED,local_hour_count_1
data/interim/notebook02_sources/hourly_forecasts/01_19a_hko_ecmwf_single_run_hourly_forecasts.csv,source_target_date_decision_rule_issue_time,2026-04-19,6h_prior,,,2026-04-16 18:00:00+00:00,2026-04-16 18:00:00+00:00,1,1,1,0,2026-04-19 14:00:00+08:00,2026-04-19 14:00:00+08:00,,1500.0,REJECTED,local_hour_count_1
data/interim/notebook02_sources/hourly_forecasts/01_19a_hko_ecmwf_single_run_hourly_forecasts.csv,source_target_date_decision_rule_issue_time,2026-04-19,12h_prior,,,2026-04-16 18:00:00+00:00,2026-04-16 18:00:00+00:00,1,1,1,0,2026-04-19 20:00:00+08:00,2026-04-19 20:00:00+08:00,,1500.0,REJECTED,local_hour_count_1
data/interim/notebook02_sources/hourly_forecasts/01_19a_hko_ecmwf_single_run_hourly_forecasts.csv,source_target_date_decision_rule_issue_time,2026-04-20,6h_prior,,,2026-04-16 18:00:00+00:00,2026-04-16 18:00:00+00:00,1,1,1,0,2026-04-20 14:00:00+08:00,2026-04-20 14:00:00+08:00,,1500.0,REJECTED,local_hour_count_1
data/interim/notebook02_sources/hourly_forecasts/01_19a_hko_ecmwf_single_run_hourly_forecasts.csv,source_target_date_decision_rule_issue_time,2026-04-20,12h_prior,,,2026-04-16 18:00:00+00:00,2026-04-16 18:00:00+00:00,1,1,1,0,2026-04-20 20:00:00+08:00,2026-04-20 20:00:00+08:00,,1500.0,REJECTED,local_hour_count_1
data/interim/notebook02_sources/hourly_forecasts/01_19a_hko_ecmwf_single_run_hourly_forecasts.csv,source_target_date_decision_rule_issue_time,2026-04-21,6h_prior,,,2026-04-16 18:00:00+00:00,2026-04-16 18:00:00+00:00,1,1,1,0,2026-04-21 14:00:00+08:00,2026-04-21 14:00:00+08:00,,1500.0,REJECTED,local_hour_count_1
data/interim/notebook02_sources/hourly_forecasts/01_19a_hko_ecmwf_single_run_hourly_forecasts.csv,source_target_date_decision_rule_issue_time,2026-04-21,12h_prior,,,2026-04-16 18:00:00+00:00,2026-04-16 18:00:00+00:00,1,1,1,0,2026-04-21 20:00:00+08:00,2026-04-21 20:00:00+08:00,,1500.0,REJECTED,local_hour_count_1
data/interim/notebook02_sources/hourly_forecasts/01_19a_hko_ecmwf_single_run_hourly_forecasts.csv,source_target_date_decision_rule_issue_time,2026-04-22,6h_prior,,,2026-04-16 18:00:00+00:00,2026-04-16 18:00:00+00:00,1,1,1,0,2026-04-22 14:00:00+08:00,2026-04-22 14:00:00+08:00,,1500.0,REJECTED,local_hour_count_1
data/interim/notebook02_sources/hourly_forecasts/01_19a_hko_ecmwf_single_run_hourly_forecasts.csv,source_target_date_decision_rule_issue_time,2026-04-22,12h_prior,,,2026-04-16 18:00:00+00:00,2026-04-16 18:00:00+00:00,1,1,1,0,2026-04-22 20:00:00+08:00,2026-04-22 20:00:00+08:00,,1500.0,REJECTED,local_hour_count_1
data/interim/notebook02_sources/hourly_forecasts/01_19a_hko_ecmwf_single_run_hourly_forecasts.csv,source_target_date_decision_rule_issue_time,2026-04-17,12h_prior,,,2026-04-17 00:00:00+00:00,2026-04-17 00:00:00+00:00,1,1,1,0,2026-04-17 20:00:00+08:00,2026-04-17 20:00:00+08:00,,1500.0,REJECTED,local_hour_count_1
data/interim/notebook02_sources/hourly_forecasts/01_19a_hko_ecmwf_single_run_hourly_forecasts.csv,source_target_date_decision_rule_issue_time,2026-04-18,6h_prior,,,2026-04-17 00:00:00+00:00,2026-04-17 00:00:00+00:00,1,1,1,0,2026-04-18 14:00:00+08:00,2026-04-18 14:00:00+08:00,,1500.0,REJECTED,local_hour_count_1
data/interim/notebook02_sources/hourly_forecasts/01_19a_hko_ecmwf_single_run_hourly_forecasts.csv,source_target_date_decision_rule_issue_time,2026-04-18,12h_prior,,,2026-04-17 00:00:00+00:00,2026-04-17 00:00:00+00:00,1,1,1,0,2026-04-18 20:00:00+08:00,2026-04-18 20:00:00+08:00,,1500.0,REJECTED,local_hour_count_1
data/interim/notebook02_sources/hourly_forecasts/01_19a_hko_ecmwf_single_run_hourly_forecasts.csv,source_target_date_decision_rule_issue_time,2026-04-19,6h_prior,,,2026-04-17 00:00:00+00:00,2026-04-17 00:00:00+00:00,1,1,1,0,2026-04-19 14:00:00+08:00,2026-04-19 14:00:00+08:00,,1500.0,REJECTED,local_hour_count_1
data/interim/notebook02_sources/hourly_forecasts/01_19a_hko_ecmwf_single_run_hourly_forecasts.csv,source_target_date_decision_rule_issue_time,2026-04-19,12h_prior,,,2026-04-17 00:00:00+00:00,2026-04-17 00:00:00+00:00,1,1,1,0,2026-04-19 20:00:00+08:00,2026-04-19 20:00:00+08:00,,1500.0,REJECTED,local_hour_count_1
data/interim/notebook02_sources/hourly_forecasts/01_19a_hko_ecmwf_single_run_hourly_forecasts.csv,source_target_date_decision_rule_issue_time,2026-04-20,6h_prior,,,2026-04-17 00:00:00+00:00,2026-04-17 00:00:00+00:00,1,1,1,0,2026-04-20 14:00:00+08:00,2026-04-20 14:00:00+08:00,,1500.0,REJECTED,local_hour_count_1
data/interim/notebook02_sources/hourly_forecasts/01_19a_hko_ecmwf_single_run_hourly_forecasts.csv,source_target_date_decision_rule_issue_time,2026-04-20,12h_prior,,,2026-04-17 00:00:00+00:00,2026-04-17 00:00:00+00:00,1,1,1,0,2026-04-20 20:00:00+08:00,2026-04-20 20:00:00+08:00,,1500.0,REJECTED,local_hour_count_1
data/interim/notebook02_sources/hourly_forecasts/01_19a_hko_ecmwf_single_run_hourly_forecasts.csv,source_target_date_decision_rule_issue_time,2026-04-21,6h_prior,,,2026-04-17 00:00:00+00:00,2026-04-17 00:00:00+00:00,1,1,1,0,2026-04-21 14:00:00+08:00,2026-04-21 14:00:00+08:00,,1500.0,REJECTED,local_hour_count_1
data/interim/notebook02_sources/hourly_forecasts/01_19a_hko_ecmwf_single_run_hourly_forecasts.csv,source_target_date_decision_rule_issue_time,2026-04-21,12h_prior,,,2026-04-17 00:00:00+00:00,2026-04-17 00:00:00+00:00,1,1,1,0,2026-04-21 20:00:00+08:00,2026-04-21 20:00:00+08:00,,1500.0,REJECTED,local_hour_count_1
data/interim/notebook02_sources/hourly_forecasts/01_19a_hko_ecmwf_single_run_hourly_forecasts.csv,source_target_date_decision_rule_issue_time,2026-04-22,6h_prior,,,2026-04-17 00:00:00+00:00,2026-04-17 00:00:00+00:00,1,1,1,0,2026-04-22 14:00:00+08:00,2026-04-22 14:00:00+08:00,,1500.0,REJECTED,local_hour_count_1
data/interim/notebook02_sources/hourly_forecasts/01_19a_hko_ecmwf_single_run_hourly_forecasts.csv,source_target_date_decision_rule_issue_time,2026-04-22,12h_prior,,,2026-04-17 00:00:00+00:00,2026-04-17 00:00:00+00:00,1,1,1,0,2026-04-22 20:00:00+08:00,2026-04-22 20:00:00+08:00,,1500.0,REJECTED,local_hour_count_1
data/interim/notebook02_sources/hourly_forecasts/01_19a_hko_ecmwf_single_run_hourly_forecasts.csv,source_target_date_decision_rule_issue_time,2026-04-23,6h_prior,,,2026-04-17 00:00:00+00:00,2026-04-17 00:00:00+00:00,1,1,1,0,2026-04-23 14:00:00+08:00,2026-04-23 14:00:00+08:00,,1500.0,REJECTED,local_hour_count_1
data/interim/notebook02_sources/hourly_forecasts/01_19a_hko_ecmwf_single_run_hourly_forecasts.csv,source_target_date_decision_rule_issue_time,2026-04-23,12h_prior,,,2026-04-17 00:00:00+00:00,2026-04-17 00:00:00+00:00,1,1,1,0,2026-04-23 20:00:00+08:00,2026-04-23 20:00:00+08:00,,1500.0,REJECTED,local_hour_count_1
data/interim/notebook02_sources/hourly_forecasts/01_19a_hko_ecmwf_single_run_hourly_forecasts.csv,source_target_date_decision_rule_issue_time,2026-04-24,6h_prior,,,2026-04-17 00:00:00+00:00,2026-04-17 00:00:00+00:00,1,1,1,0,2026-04-24 14:00:00+08:00,2026-04-24 14:00:00+08:00,,1500.0,REJECTED,local_hour_count_1
data/interim/notebook02_sources/hourly_forecasts/01_19a_hko_ecmwf_single_run_hourly_forecasts.csv,source_target_date_decision_rule_issue_time,2026-04-24,12h_prior,,,2026-04-17 00:00:00+00:00,2026-04-17 00:00:00+00:00,1,1,1,0,2026-04-24 20:00:00+08:00,2026-04-24 20:00:00+08:00,,1500.0,REJECTED,local_hour_count_1
data/interim/notebook02_sources/hourly_forecasts/01_19a_hko_ecmwf_single_run_hourly_forecasts.csv,source_target_date_decision_rule_issue_time,2026-04-25,6h_prior,,,2026-04-17 00:00:00+00:00,2026-04-17 00:00:00+00:00,1,1,1,0,2026-04-25 14:00:00+08:00,2026-04-25 14:00:00+08:00,,1500.0,REJECTED,local_hour_count_1
data/interim/notebook02_sources/hourly_forecasts/01_19a_hko_ecmwf_single_run_hourly_forecasts.csv,source_target_date_decision_rule_issue_time,2026-04-25,12h_prior,,,2026-04-17 00:00:00+00:00,2026-04-17 00:00:00+00:00,1,1,1,0,2026-04-25 20:00:00+08:00,2026-04-25 20:00:00+08:00,,1500.0,REJECTED,local_hour_count_1
data/interim/notebook02_sources/hourly_forecasts/01_19a_hko_ecmwf_single_run_hourly_forecasts.csv,source_target_date_decision_rule_issue_time,2026-04-26,6h_prior,,,2026-04-17 00:00:00+00:00,2026-04-17 00:00:00+00:00,1,1,1,0,2026-04-26 14:00:00+08:00,2026-04-26 14:00:00+08:00,,1500.0,REJECTED,local_hour_count_1
data/interim/notebook02_sources/hourly_forecasts/01_19a_hko_ecmwf_single_run_hourly_forecasts.csv,source_target_date_decision_rule_issue_time,2026-04-26,12h_prior,,,2026-04-17 00:00:00+00:00,2026-04-17 00:00:00+00:00,1,1,1,0,2026-04-26 20:00:00+08:00,2026-04-26 20:00:00+08:00,,1500.0,REJECTED,local_hour_count_1
data/interim/notebook02_sources/hourly_forecasts/01_19a_hko_ecmwf_single_run_hourly_forecasts.csv,source_target_date_decision_rule_issue_time,2026-04-27,6h_prior,,,2026-04-17 00:00:00+00:00,2026-04-17 00:00:00+00:00,1,1,1,0,2026-04-27 14:00:00+08:00,2026-04-27 14:00:00+08:00,,1500.0,REJECTED,local_hour_count_1
data/interim/notebook02_sources/hourly_forecasts/01_19a_hko_ecmwf_single_run_hourly_forecasts.csv,source_target_date_decision_rule_issue_time,2026-04-18,6h_prior,,,2026-04-17 06:00:00+00:00,2026-04-17 06:00:00+00:00,1,1,1,0,2026-04-18 14:00:00+08:00,2026-04-18 14:00:00+08:00,,1500.0,REJECTED,local_hour_count_1
data/interim/notebook02_sources/hourly_forecasts/01_19a_hko_ecmwf_single_run_hourly_forecasts.csv,source_target_date_decision_rule_issue_time,2026-04-18,12h_prior,,,2026-04-17 06:00:00+00:00,2026-04-17 06:00:00+00:00,1,1,1,0,2026-04-18 20:00:00+08:00,2026-04-18 20:00:00+08:00,,1500.0,REJECTED,local_hour_count_1
data/interim/notebook02_sources/hourly_forecasts/01_19a_hko_ecmwf_single_run_hourly_forecasts.csv,source_target_date_decision_rule_issue_time,2026-04-19,6h_prior,,,2026-04-17 06:00:00+00:00,2026-04-17 06:00:00+00:00,1,1,1,0,2026-04-19 14:00:00+08:00,2026-04-19 14:00:00+08:00,,1500.0,REJECTED,local_hour_count_1
data/interim/notebook02_sources/hourly_forecasts/01_19a_hko_ecmwf_single_run_hourly_forecasts.csv,source_target_date_decision_rule_issue_time,2026-04-19,12h_prior,,,2026-04-17 06:00:00+00:00,2026-04-17 06:00:00+00:00,1,1,1,0,2026-04-19 20:00:00+08:00,2026-04-19 20:00:00+08:00,,1500.0,REJECTED,local_hour_count_1
data/interim/notebook02_sources/hourly_forecasts/01_19a_hko_ecmwf_single_run_hourly_forecasts.csv,source_target_date_decision_rule_issue_time,2026-04-20,6h_prior,,,2026-04-17 06:00:00+00:00,2026-04-17 06:00:00+00:00,1,1,1,0,2026-04-20 14:00:00+08:00,2026-04-20 14:00:00+08:00,,1500.0,REJECTED,local_hour_count_1
data/interim/notebook02_sources/hourly_forecasts/01_19a_hko_ecmwf_single_run_hourly_forecasts.csv,source_target_date_decision_rule_issue_time,2026-04-20,12h_prior,,,2026-04-17 06:00:00+00:00,2026-04-17 06:00:00+00:00,1,1,1,0,2026-04-20 20:00:00+08:00,2026-04-20 20:00:00+08:00,,1500.0,REJECTED,local_hour_count_1
data/interim/notebook02_sources/hourly_forecasts/01_19a_hko_ecmwf_single_run_hourly_forecasts.csv,source_target_date_decision_rule_issue_time,2026-04-21,6h_prior,,,2026-04-17 06:00:00+00:00,2026-04-17 06:00:00+00:00,1,1,1,0,2026-04-21 14:00:00+08:00,2026-04-21 14:00:00+08:00,,1500.0,REJECTED,local_hour_count_1
data/interim/notebook02_sources/hourly_forecasts/01_19a_hko_ecmwf_single_run_hourly_forecasts.csv,source_target_date_decision_rule_issue_time,2026-04-21,12h_prior,,,2026-04-17 06:00:00+00:00,2026-04-17 06:00:00+00:00,1,1,1,0,2026-04-21 20:00:00+08:00,2026-04-21 20:00:00+08:00,,1500.0,REJECTED,local_hour_count_1
data/interim/notebook02_sources/hourly_forecasts/01_19a_hko_ecmwf_single_run_hourly_forecasts.csv,source_target_date_decision_rule_issue_time,2026-04-22,6h_prior,,,2026-04-17 06:00:00+00:00,2026-04-17 06:00:00+00:00,1,1,1,0,2026-04-22 14:00:00+08:00,2026-04-22 14:00:00+08:00,,1500.0,REJECTED,local_hour_count_1
data/interim/notebook02_sources/hourly_forecasts/01_19a_hko_ecmwf_single_run_hourly_forecasts.csv,source_target_date_decision_rule_issue_time,2026-04-22,12h_prior,,,2026-04-17 06:00:00+00:00,2026-04-17 06:00:00+00:00,1,1,1,0,2026-04-22 20:00:00+08:00,2026-04-22 20:00:00+08:00,,1500.0,REJECTED,local_hour_count_1
data/interim/notebook02_sources/hourly_forecasts/01_19a_hko_ecmwf_single_run_hourly_forecasts.csv,source_target_date_decision_rule_issue_time,2026-04-23,6h_prior,,,2026-04-17 06:00:00+00:00,2026-04-17 06:00:00+00:00,1,1,1,0,2026-04-23 14:00:00+08:00,2026-04-23 14:00:00+08:00,,1500.0,REJECTED,local_hour_count_1
data/interim/notebook02_sources/hourly_forecasts/01_19a_hko_ecmwf_single_run_hourly_forecasts.csv,source_target_date_decision_rule_issue_time,2026-04-23,12h_prior,,,2026-04-17 06:00:00+00:00,2026-04-17 06:00:00+00:00,1,1,1,0,2026-04-23 20:00:00+08:00,2026-04-23 20:00:00+08:00,,1500.0,REJECTED,local_hour_count_1
data/interim/notebook02_sources/hourly_forecasts/01_19a_hko_ecmwf_single_run_hourly_forecasts.csv,source_target_date_decision_rule_issue_time,2026-04-18,6h_prior,,,2026-04-17 18:00:00+00:00,2026-04-17 18:00:00+00:00,1,1,1,0,2026-04-18 14:00:00+08:00,2026-04-18 14:00:00+08:00,,1500.0,REJECTED,local_hour_count_1
data/interim/notebook02_sources/hourly_forecasts/01_19a_hko_ecmwf_single_run_hourly_forecasts.csv,source_target_date_decision_rule_issue_time,2026-04-18,12h_prior,,,2026-04-17 18:00:00+00:00,2026-04-17 18:00:00+00:00,1,1,1,0,2026-04-18 20:00:00+08:00,2026-04-18 20:00:00+08:00,,1500.0,REJECTED,local_hour_count_1
data/interim/notebook02_sources/hourly_forecasts/01_19a_hko_ecmwf_single_run_hourly_forecasts.csv,source_target_date_decision_rule_issue_time,2026-04-19,6h_prior,,,2026-04-17 18:00:00+00:00,2026-04-17 18:00:00+00:00,1,1,1,0,2026-04-19 14:00:00+08:00,2026-04-19 14:00:00+08:00,,1500.0,REJECTED,local_hour_count_1
data/interim/notebook02_sources/hourly_forecasts/01_19a_hko_ecmwf_single_run_hourly_forecasts.csv,source_target_date_decision_rule_issue_time,2026-04-19,12h_prior,,,2026-04-17 18:00:00+00:00,2026-04-17 18:00:00+00:00,1,1,1,0,2026-04-19 20:00:00+08:00,2026-04-19 20:00:00+08:00,,1500.0,REJECTED,local_hour_count_1
data/interim/notebook02_sources/hourly_forecasts/01_19a_hko_ecmwf_single_run_hourly_forecasts.csv,source_target_date_decision_rule_issue_time,2026-04-20,6h_prior,,,2026-04-17 18:00:00+00:00,2026-04-17 18:00:00+00:00,1,1,1,0,2026-04-20 14:00:00+08:00,2026-04-20 14:00:00+08:00,,1500.0,REJECTED,local_hour_count_1
data/interim/notebook02_sources/hourly_forecasts/01_19a_hko_ecmwf_single_run_hourly_forecasts.csv,source_target_date_decision_rule_issue_time,2026-04-20,12h_prior,,,2026-04-17 18:00:00+00:00,2026-04-17 18:00:00+00:00,1,1,1,0,2026-04-20 20:00:00+08:00,2026-04-20 20:00:00+08:00,,1500.0,REJECTED,local_hour_count_1
data/interim/notebook02_sources/hourly_forecasts/01_19a_hko_ecmwf_single_run_hourly_forecasts.csv,source_target_date_decision_rule_issue_time,2026-04-21,6h_prior,,,2026-04-17 18:00:00+00:00,2026-04-17 18:00:00+00:00,1,1,1,0,2026-04-21 14:00:00+08:00,2026-04-21 14:00:00+08:00,,1500.0,REJECTED,local_hour_count_1
data/interim/notebook02_sources/hourly_forecasts/01_19a_hko_ecmwf_single_run_hourly_forecasts.csv,source_target_date_decision_rule_issue_time,2026-04-21,12h_prior,,,2026-04-17 18:00:00+00:00,2026-04-17 18:00:00+00:00,1,1,1,0,2026-04-21 20:00:00+08:00,2026-04-21 20:00:00+08:00,,1500.0,REJECTED,local_hour_count_1
data/interim/notebook02_sources/hourly_forecasts/01_19a_hko_ecmwf_single_run_hourly_forecasts.csv,source_target_date_decision_rule_issue_time,2026-04-22,6h_prior,,,2026-04-17 18:00:00+00:00,2026-04-17 18:00:00+00:00,1,1,1,0,2026-04-22 14:00:00+08:00,2026-04-22 14:00:00+08:00,,1500.0,REJECTED,local_hour_count_1
data/interim/notebook02_sources/hourly_forecasts/01_19a_hko_ecmwf_single_run_hourly_forecasts.csv,source_target_date_decision_rule_issue_time,2026-04-22,12h_prior,,,2026-04-17 18:00:00+00:00,2026-04-17 18:00:00+00:00,1,1,1,0,2026-04-22 20:00:00+08:00,2026-04-22 20:00:00+08:00,,1500.0,REJECTED,local_hour_count_1
data/interim/notebook02_sources/hourly_forecasts/01_19a_hko_ecmwf_single_run_hourly_forecasts.csv,source_target_date_decision_rule_issue_time,2026-04-23,6h_prior,,,2026-04-17 18:00:00+00:00,2026-04-17 18:00:00+00:00,1,1,1,0,2026-04-23 14:00:00+08:00,2026-04-23 14:00:00+08:00,,1500.0,REJECTED,local_hour_count_1
data/interim/notebook02_sources/hourly_forecasts/01_19a_hko_ecmwf_single_run_hourly_forecasts.csv,source_target_date_decision_rule_issue_time,2026-04-23,12h_prior,,,2026-04-17 18:00:00+00:00,2026-04-17 18:00:00+00:00,1,1,1,0,2026-04-23 20:00:00+08:00,2026-04-23 20:00:00+08:00,,1500.0,REJECTED,local_hour_count_1
data/interim/notebook02_sources/hourly_forecasts/01_19a_hko_ecmwf_single_run_hourly_forecasts.csv,source_target_date_decision_rule_issue_time,2026-04-18,12h_prior,,,2026-04-18 00:00:00+00:00,2026-04-18 00:00:00+00:00,1,1,1,0,2026-04-18 20:00:00+08:00,2026-04-18 20:00:00+08:00,,1500.0,REJECTED,local_hour_count_1
data/interim/notebook02_sources/hourly_forecasts/01_19a_hko_ecmwf_single_run_hourly_forecasts.csv,source_target_date_decision_rule_issue_time,2026-04-19,6h_prior,,,2026-04-18 00:00:00+00:00,2026-04-18 00:00:00+00:00,1,1,1,0,2026-04-19 14:00:00+08:00,2026-04-19 14:00:00+08:00,,1500.0,REJECTED,local_hour_count_1
data/interim/notebook02_sources/hourly_forecasts/01_19a_hko_ecmwf_single_run_hourly_forecasts.csv,source_target_date_decision_rule_issue_time,2026-04-19,12h_prior,,,2026-04-18 00:00:00+00:00,2026-04-18 00:00:00+00:00,1,1,1,0,2026-04-19 20:00:00+08:00,2026-04-19 20:00:00+08:00,,1500.0,REJECTED,local_hour_count_1
data/interim/notebook02_sources/hourly_forecasts/01_19a_hko_ecmwf_single_run_hourly_forecasts.csv,source_target_date_decision_rule_issue_time,2026-04-20,6h_prior,,,2026-04-18 00:00:00+00:00,2026-04-18 00:00:00+00:00,1,1,1,0,2026-04-20 14:00:00+08:00,2026-04-20 14:00:00+08:00,,1500.0,REJECTED,local_hour_count_1
data/interim/notebook02_sources/hourly_forecasts/01_19a_hko_ecmwf_single_run_hourly_forecasts.csv,source_target_date_decision_rule_issue_time,2026-04-20,12h_prior,,,2026-04-18 00:00:00+00:00,2026-04-18 00:00:00+00:00,1,1,1,0,2026-04-20 20:00:00+08:00,2026-04-20 20:00:00+08:00,,1500.0,REJECTED,local_hour_count_1
data/interim/notebook02_sources/hourly_forecasts/01_19a_hko_ecmwf_single_run_hourly_forecasts.csv,source_target_date_decision_rule_issue_time,2026-04-21,6h_prior,,,2026-04-18 00:00:00+00:00,2026-04-18 00:00:00+00:00,1,1,1,0,2026-04-21 14:00:00+08:00,2026-04-21 14:00:00+08:00,,1500.0,REJECTED,local_hour_count_1
data/interim/notebook02_sources/hourly_forecasts/01_19a_hko_ecmwf_single_run_hourly_forecasts.csv,source_target_date_decision_rule_issue_time,2026-04-21,12h_prior,,,2026-04-18 00:00:00+00:00,2026-04-18 00:00:00+00:00,1,1,1,0,2026-04-21 20:00:00+08:00,2026-04-21 20:00:00+08:00,,1500.0,REJECTED,local_hour_count_1
data/interim/notebook02_sources/hourly_forecasts/01_19a_hko_ecmwf_single_run_hourly_forecasts.csv,source_target_date_decision_rule_issue_time,2026-04-22,6h_prior,,,2026-04-18 00:00:00+00:00,2026-04-18 00:00:00+00:00,1,1,1,0,2026-04-22 14:00:00+08:00,2026-04-22 14:00:00+08:00,,1500.0,REJECTED,local_hour_count_1
data/interim/notebook02_sources/hourly_forecasts/01_19a_hko_ecmwf_single_run_hourly_forecasts.csv,source_target_date_decision_rule_issue_time,2026-04-22,12h_prior,,,2026-04-18 00:00:00+00:00,2026-04-18 00:00:00+00:00,1,1,1,0,2026-04-22 20:00:00+08:00,2026-04-22 20:00:00+08:00,,1500.0,REJECTED,local_hour_count_1
data/interim/notebook02_sources/hourly_forecasts/01_19a_hko_ecmwf_single_run_hourly_forecasts.csv,source_target_date_decision_rule_issue_time,2026-04-23,6h_prior,,,2026-04-18 00:00:00+00:00,2026-04-18 00:00:00+00:00,1,1,1,0,2026-04-23 14:00:00+08:00,2026-04-23 14:00:00+08:00,,1500.0,REJECTED,local_hour_count_1
data/interim/notebook02_sources/hourly_forecasts/01_19a_hko_ecmwf_single_run_hourly_forecasts.csv,source_target_date_decision_rule_issue_time,2026-04-23,12h_prior,,,2026-04-18 00:00:00+00:00,2026-04-18 00:00:00+00:00,1,1,1,0,2026-04-23 20:00:00+08:00,2026-04-23 20:00:00+08:00,,1500.0,REJECTED,local_hour_count_1
data/interim/notebook02_sources/hourly_forecasts/01_19a_hko_ecmwf_single_run_hourly_forecasts.csv,source_target_date_decision_rule_issue_time,2026-04-24,6h_prior,,,2026-04-18 00:00:00+00:00,2026-04-18 00:00:00+00:00,1,1,1,0,2026-04-24 14:00:00+08:00,2026-04-24 14:00:00+08:00,,1500.0,REJECTED,local_hour_count_1
data/interim/notebook02_sources/hourly_forecasts/01_19a_hko_ecmwf_single_run_hourly_forecasts.csv,source_target_date_decision_rule_issue_time,2026-04-24,12h_prior,,,2026-04-18 00:00:00+00:00,2026-04-18 00:00:00+00:00,1,1,1,0,2026-04-24 20:00:00+08:00,2026-04-24 20:00:00+08:00,,1500.0,REJECTED,local_hour_count_1
data/interim/notebook02_sources/hourly_forecasts/01_19a_hko_ecmwf_single_run_hourly_forecasts.csv,source_target_date_decision_rule_issue_time,2026-04-25,6h_prior,,,2026-04-18 00:00:00+00:00,2026-04-18 00:00:00+00:00,1,1,1,0,2026-04-25 14:00:00+08:00,2026-04-25 14:00:00+08:00,,1500.0,REJECTED,local_hour_count_1
data/interim/notebook02_sources/hourly_forecasts/01_19a_hko_ecmwf_single_run_hourly_forecasts.csv,source_target_date_decision_rule_issue_time,2026-04-25,12h_prior,,,2026-04-18 00:00:00+00:00,2026-04-18 00:00:00+00:00,1,1,1,0,2026-04-25 20:00:00+08:00,2026-04-25 20:00:00+08:00,,1500.0,REJECTED,local_hour_count_1
data/interim/notebook02_sources/hourly_forecasts/01_19a_hko_ecmwf_single_run_hourly_forecasts.csv,source_target_date_decision_rule_issue_time,2026-04-26,6h_prior,,,2026-04-18 00:00:00+00:00,2026-04-18 00:00:00+00:00,1,1,1,0,2026-04-26 14:00:00+08:00,2026-04-26 14:00:00+08:00,,1500.0,REJECTED,local_hour_count_1
data/interim/notebook02_sources/hourly_forecasts/01_19a_hko_ecmwf_single_run_hourly_forecasts.csv,source_target_date_decision_rule_issue_time,2026-04-26,12h_prior,,,2026-04-18 00:00:00+00:00,2026-04-18 00:00:00+00:00,1,1,1,0,2026-04-26 20:00:00+08:00,2026-04-26 20:00:00+08:00,,1500.0,REJECTED,local_hour_count_1
data/interim/notebook02_sources/hourly_forecasts/01_19a_hko_ecmwf_single_run_hourly_forecasts.csv,source_target_date_decision_rule_issue_time,2026-04-27,6h_prior,,,2026-04-18 00:00:00+00:00,2026-04-18 00:00:00+00:00,1,1,1,0,2026-04-27 14:00:00+08:00,2026-04-27 14:00:00+08:00,,1500.0,REJECTED,local_hour_count_1
data/interim/notebook02_sources/hourly_forecasts/01_19a_hko_ecmwf_single_run_hourly_forecasts.csv,source_target_date_decision_rule_issue_time,2026-04-27,12h_prior,,,2026-04-18 00:00:00+00:00,2026-04-18 00:00:00+00:00,1,1,1,0,2026-04-27 20:00:00+08:00,2026-04-27 20:00:00+08:00,,1500.0,REJECTED,local_hour_count_1
data/interim/notebook02_sources/hourly_forecasts/01_19a_hko_ecmwf_single_run_hourly_forecasts.csv,source_target_date_decision_rule_issue_time,2026-04-28,6h_prior,,,2026-04-18 00:00:00+00:00,2026-04-18 00:00:00+00:00,1,1,1,0,2026-04-28 14:00:00+08:00,2026-04-28 14:00:00+08:00,,1500.0,REJECTED,local_hour_count_1
data/interim/notebook02_sources/hourly_forecasts/01_19a_hko_ecmwf_single_run_hourly_forecasts.csv,source_target_date_decision_rule_issue_time,2026-04-19,6h_prior,,,2026-04-18 06:00:00+00:00,2026-04-18 06:00:00+00:00,1,1,1,0,2026-04-19 14:00:00+08:00,2026-04-19 14:00:00+08:00,,1500.0,REJECTED,local_hour_count_1
data/interim/notebook02_sources/hourly_forecasts/01_19a_hko_ecmwf_single_run_hourly_forecasts.csv,source_target_date_decision_rule_issue_time,2026-04-19,12h_prior,,,2026-04-18 06:00:00+00:00,2026-04-18 06:00:00+00:00,1,1,1,0,2026-04-19 20:00:00+08:00,2026-04-19 20:00:00+08:00,,1500.0,REJECTED,local_hour_count_1
data/interim/notebook02_sources/hourly_forecasts/01_19a_hko_ecmwf_single_run_hourly_forecasts.csv,source_target_date_decision_rule_issue_time,2026-04-20,6h_prior,,,2026-04-18 06:00:00+00:00,2026-04-18 06:00:00+00:00,1,1,1,0,2026-04-20 14:00:00+08:00,2026-04-20 14:00:00+08:00,,1500.0,REJECTED,local_hour_count_1
data/interim/notebook02_sources/hourly_forecasts/01_19a_hko_ecmwf_single_run_hourly_forecasts.csv,source_target_date_decision_rule_issue_time,2026-04-20,12h_prior,,,2026-04-18 06:00:00+00:00,2026-04-18 06:00:00+00:00,1,1,1,0,2026-04-20 20:00:00+08:00,2026-04-20 20:00:00+08:00,,1500.0,REJECTED,local_hour_count_1
data/interim/notebook02_sources/hourly_forecasts/01_19a_hko_ecmwf_single_run_hourly_forecasts.csv,source_target_date_decision_rule_issue_time,2026-04-21,6h_prior,,,2026-04-18 06:00:00+00:00,2026-04-18 06:00:00+00:00,1,1,1,0,2026-04-21 14:00:00+08:00,2026-04-21 14:00:00+08:00,,1500.0,REJECTED,local_hour_count_1
data/interim/notebook02_sources/hourly_forecasts/01_19a_hko_ecmwf_single_run_hourly_forecasts.csv,source_target_date_decision_rule_issue_time,2026-04-21,12h_prior,,,2026-04-18 06:00:00+00:00,2026-04-18 06:00:00+00:00,1,1,1,0,2026-04-21 20:00:00+08:00,2026-04-21 20:00:00+08:00,,1500.0,REJECTED,local_hour_count_1
data/interim/notebook02_sources/hourly_forecasts/01_19a_hko_ecmwf_single_run_hourly_forecasts.csv,source_target_date_decision_rule_issue_time,2026-04-22,6h_prior,,,2026-04-18 06:00:00+00:00,2026-04-18 06:00:00+00:00,1,1,1,0,2026-04-22 14:00:00+08:00,2026-04-22 14:00:00+08:00,,1500.0,REJECTED,local_hour_count_1
data/interim/notebook02_sources/hourly_forecasts/01_19a_hko_ecmwf_single_run_hourly_forecasts.csv,source_target_date_decision_rule_issue_time,2026-04-22,12h_prior,,,2026-04-18 06:00:00+00:00,2026-04-18 06:00:00+00:00,1,1,1,0,2026-04-22 20:00:00+08:00,2026-04-22 20:00:00+08:00,,1500.0,REJECTED,local_hour_count_1
data/interim/notebook02_sources/hourly_forecasts/01_19a_hko_ecmwf_single_run_hourly_forecasts.csv,source_target_date_decision_rule_issue_time,2026-04-23,6h_prior,,,2026-04-18 06:00:00+00:00,2026-04-18 06:00:00+00:00,1,1,1,0,2026-04-23 14:00:00+08:00,2026-04-23 14:00:00+08:00,,1500.0,REJECTED,local_hour_count_1
data/interim/notebook02_sources/hourly_forecasts/01_19a_hko_ecmwf_single_run_hourly_forecasts.csv,source_target_date_decision_rule_issue_time,2026-04-23,12h_prior,,,2026-04-18 06:00:00+00:00,2026-04-18 06:00:00+00:00,1,1,1,0,2026-04-23 20:00:00+08:00,2026-04-23 20:00:00+08:00,,1500.0,REJECTED,local_hour_count_1
data/interim/notebook02_sources/hourly_forecasts/01_19a_hko_ecmwf_single_run_hourly_forecasts.csv,source_target_date_decision_rule_issue_time,2026-04-24,6h_prior,,,2026-04-18 06:00:00+00:00,2026-04-18 06:00:00+00:00,1,1,1,0,2026-04-24 14:00:00+08:00,2026-04-24 14:00:00+08:00,,1500.0,REJECTED,local_hour_count_1
data/interim/notebook02_sources/hourly_forecasts/01_19a_hko_ecmwf_single_run_hourly_forecasts.csv,source_target_date_decision_rule_issue_time,2026-04-24,12h_prior,,,2026-04-18 06:00:00+00:00,2026-04-18 06:00:00+00:00,1,1,1,0,2026-04-24 20:00:00+08:00,2026-04-24 20:00:00+08:00,,1500.0,REJECTED,local_hour_count_1
data/interim/notebook02_sources/hourly_forecasts/01_19a_hko_ecmwf_single_run_hourly_forecasts.csv,source_target_date_decision_rule_issue_time,2026-04-19,6h_prior,,,2026-04-18 18:00:00+00:00,2026-04-18 18:00:00+00:00,1,1,1,0,2026-04-19 14:00:00+08:00,2026-04-19 14:00:00+08:00,,1500.0,REJECTED,local_hour_count_1
data/interim/notebook02_sources/hourly_forecasts/01_19a_hko_ecmwf_single_run_hourly_forecasts.csv,source_target_date_decision_rule_issue_time,2026-04-19,12h_prior,,,2026-04-18 18:00:00+00:00,2026-04-18 18:00:00+00:00,1,1,1,0,2026-04-19 20:00:00+08:00,2026-04-19 20:00:00+08:00,,1500.0,REJECTED,local_hour_count_1
data/interim/notebook02_sources/hourly_forecasts/01_19a_hko_ecmwf_single_run_hourly_forecasts.csv,source_target_date_decision_rule_issue_time,2026-04-20,6h_prior,,,2026-04-18 18:00:00+00:00,2026-04-18 18:00:00+00:00,1,1,1,0,2026-04-20 14:00:00+08:00,2026-04-20 14:00:00+08:00,,1500.0,REJECTED,local_hour_count_1
data/interim/notebook02_sources/hourly_forecasts/01_19a_hko_ecmwf_single_run_hourly_forecasts.csv,source_target_date_decision_rule_issue_time,2026-04-20,12h_prior,,,2026-04-18 18:00:00+00:00,2026-04-18 18:00:00+00:00,1,1,1,0,2026-04-20 20:00:00+08:00,2026-04-20 20:00:00+08:00,,1500.0,REJECTED,local_hour_count_1
data/interim/notebook02_sources/hourly_forecasts/01_19a_hko_ecmwf_single_run_hourly_forecasts.csv,source_target_date_decision_rule_issue_time,2026-04-21,6h_prior,,,2026-04-18 18:00:00+00:00,2026-04-18 18:00:00+00:00,1,1,1,0,2026-04-21 14:00:00+08:00,2026-04-21 14:00:00+08:00,,1500.0,REJECTED,local_hour_count_1
data/interim/notebook02_sources/hourly_forecasts/01_19a_hko_ecmwf_single_run_hourly_forecasts.csv,source_target_date_decision_rule_issue_time,2026-04-21,12h_prior,,,2026-04-18 18:00:00+00:00,2026-04-18 18:00:00+00:00,1,1,1,0,2026-04-21 20:00:00+08:00,2026-04-21 20:00:00+08:00,,1500.0,REJECTED,local_hour_count_1
data/interim/notebook02_sources/hourly_forecasts/01_19a_hko_ecmwf_single_run_hourly_forecasts.csv,source_target_date_decision_rule_issue_time,2026-04-22,6h_prior,,,2026-04-18 18:00:00+00:00,2026-04-18 18:00:00+00:00,1,1,1,0,2026-04-22 14:00:00+08:00,2026-04-22 14:00:00+08:00,,1500.0,REJECTED,local_hour_count_1
data/interim/notebook02_sources/hourly_forecasts/01_19a_hko_ecmwf_single_run_hourly_forecasts.csv,source_target_date_decision_rule_issue_time,2026-04-22,12h_prior,,,2026-04-18 18:00:00+00:00,2026-04-18 18:00:00+00:00,1,1,1,0,2026-04-22 20:00:00+08:00,2026-04-22 20:00:00+08:00,,1500.0,REJECTED,local_hour_count_1
data/interim/notebook02_sources/hourly_forecasts/01_19a_hko_ecmwf_single_run_hourly_forecasts.csv,source_target_date_decision_rule_issue_time,2026-04-23,6h_prior,,,2026-04-18 18:00:00+00:00,2026-04-18 18:00:00+00:00,1,1,1,0,2026-04-23 14:00:00+08:00,2026-04-23 14:00:00+08:00,,1500.0,REJECTED,local_hour_count_1
data/interim/notebook02_sources/hourly_forecasts/01_19a_hko_ecmwf_single_run_hourly_forecasts.csv,source_target_date_decision_rule_issue_time,2026-04-23,12h_prior,,,2026-04-18 18:00:00+00:00,2026-04-18 18:00:00+00:00,1,1,1,0,2026-04-23 20:00:00+08:00,2026-04-23 20:00:00+08:00,,1500.0,REJECTED,local_hour_count_1
data/interim/notebook02_sources/hourly_forecasts/01_19a_hko_ecmwf_single_run_hourly_forecasts.csv,source_target_date_decision_rule_issue_time,2026-04-24,6h_prior,,,2026-04-18 18:00:00+00:00,2026-04-18 18:00:00+00:00,1,1,1,0,2026-04-24 14:00:00+08:00,2026-04-24 14:00:00+08:00,,1500.0,REJECTED,local_hour_count_1
data/interim/notebook02_sources/hourly_forecasts/01_19a_hko_ecmwf_single_run_hourly_forecasts.csv,source_target_date_decision_rule_issue_time,2026-04-24,12h_prior,,,2026-04-18 18:00:00+00:00,2026-04-18 18:00:00+00:00,1,1,1,0,2026-04-24 20:00:00+08:00,2026-04-24 20:00:00+08:00,,1500.0,REJECTED,local_hour_count_1
data/interim/notebook02_sources/hourly_forecasts/01_19a_hko_ecmwf_single_run_hourly_forecasts.csv,source_target_date_decision_rule_issue_time,2026-04-19,12h_prior,,,2026-04-19 00:00:00+00:00,2026-04-19 00:00:00+00:00,1,1,1,0,2026-04-19 20:00:00+08:00,2026-04-19 20:00:00+08:00,,1500.0,REJECTED,local_hour_count_1
data/interim/notebook02_sources/hourly_forecasts/01_19a_hko_ecmwf_single_run_hourly_forecasts.csv,source_target_date_decision_rule_issue_time,2026-04-20,6h_prior,,,2026-04-19 00:00:00+00:00,2026-04-19 00:00:00+00:00,1,1,1,0,2026-04-20 14:00:00+08:00,2026-04-20 14:00:00+08:00,,1500.0,REJECTED,local_hour_count_1
data/interim/notebook02_sources/hourly_forecasts/01_19a_hko_ecmwf_single_run_hourly_forecasts.csv,source_target_date_decision_rule_issue_time,2026-04-20,12h_prior,,,2026-04-19 00:00:00+00:00,2026-04-19 00:00:00+00:00,1,1,1,0,2026-04-20 20:00:00+08:00,2026-04-20 20:00:00+08:00,,1500.0,REJECTED,local_hour_count_1
data/interim/notebook02_sources/hourly_forecasts/01_19a_hko_ecmwf_single_run_hourly_forecasts.csv,source_target_date_decision_rule_issue_time,2026-04-21,6h_prior,,,2026-04-19 00:00:00+00:00,2026-04-19 00:00:00+00:00,1,1,1,0,2026-04-21 14:00:00+08:00,2026-04-21 14:00:00+08:00,,1500.0,REJECTED,local_hour_count_1
data/interim/notebook02_sources/hourly_forecasts/01_19a_hko_ecmwf_single_run_hourly_forecasts.csv,source_target_date_decision_rule_issue_time,2026-04-21,12h_prior,,,2026-04-19 00:00:00+00:00,2026-04-19 00:00:00+00:00,1,1,1,0,2026-04-21 20:00:00+08:00,2026-04-21 20:00:00+08:00,,1500.0,REJECTED,local_hour_count_1
data/interim/notebook02_sources/hourly_forecasts/01_19a_hko_ecmwf_single_run_hourly_forecasts.csv,source_target_date_decision_rule_issue_time,2026-04-22,6h_prior,,,2026-04-19 00:00:00+00:00,2026-04-19 00:00:00+00:00,1,1,1,0,2026-04-22 14:00:00+08:00,2026-04-22 14:00:00+08:00,,1500.0,REJECTED,local_hour_count_1
data/interim/notebook02_sources/hourly_forecasts/01_19a_hko_ecmwf_single_run_hourly_forecasts.csv,source_target_date_decision_rule_issue_time,2026-04-22,12h_prior,,,2026-04-19 00:00:00+00:00,2026-04-19 00:00:00+00:00,1,1,1,0,2026-04-22 20:00:00+08:00,2026-04-22 20:00:00+08:00,,1500.0,REJECTED,local_hour_count_1
data/interim/notebook02_sources/hourly_forecasts/01_19a_hko_ecmwf_single_run_hourly_forecasts.csv,source_target_date_decision_rule_issue_time,2026-04-23,6h_prior,,,2026-04-19 00:00:00+00:00,2026-04-19 00:00:00+00:00,1,1,1,0,2026-04-23 14:00:00+08:00,2026-04-23 14:00:00+08:00,,1500.0,REJECTED,local_hour_count_1
data/interim/notebook02_sources/hourly_forecasts/01_19a_hko_ecmwf_single_run_hourly_forecasts.csv,source_target_date_decision_rule_issue_time,2026-04-23,12h_prior,,,2026-04-19 00:00:00+00:00,2026-04-19 00:00:00+00:00,1,1,1,0,2026-04-23 20:00:00+08:00,2026-04-23 20:00:00+08:00,,1500.0,REJECTED,local_hour_count_1
data/interim/notebook02_sources/hourly_forecasts/01_19a_hko_ecmwf_single_run_hourly_forecasts.csv,source_target_date_decision_rule_issue_time,2026-04-24,6h_prior,,,2026-04-19 00:00:00+00:00,2026-04-19 00:00:00+00:00,1,1,1,0,2026-04-24 14:00:00+08:00,2026-04-24 14:00:00+08:00,,1500.0,REJECTED,local_hour_count_1
data/interim/notebook02_sources/hourly_forecasts/01_19a_hko_ecmwf_single_run_hourly_forecasts.csv,source_target_date_decision_rule_issue_time,2026-04-24,12h_prior,,,2026-04-19 00:00:00+00:00,2026-04-19 00:00:00+00:00,1,1,1,0,2026-04-24 20:00:00+08:00,2026-04-24 20:00:00+08:00,,1500.0,REJECTED,local_hour_count_1
data/interim/notebook02_sources/hourly_forecasts/01_19a_hko_ecmwf_single_run_hourly_forecasts.csv,source_target_date_decision_rule_issue_time,2026-04-25,6h_prior,,,2026-04-19 00:00:00+00:00,2026-04-19 00:00:00+00:00,1,1,1,0,2026-04-25 14:00:00+08:00,2026-04-25 14:00:00+08:00,,1500.0,REJECTED,local_hour_count_1
data/interim/notebook02_sources/hourly_forecasts/01_19a_hko_ecmwf_single_run_hourly_forecasts.csv,source_target_date_decision_rule_issue_time,2026-04-25,12h_prior,,,2026-04-19 00:00:00+00:00,2026-04-19 00:00:00+00:00,1,1,1,0,2026-04-25 20:00:00+08:00,2026-04-25 20:00:00+08:00,,1500.0,REJECTED,local_hour_count_1
data/interim/notebook02_sources/hourly_forecasts/01_19a_hko_ecmwf_single_run_hourly_forecasts.csv,source_target_date_decision_rule_issue_time,2026-04-26,6h_prior,,,2026-04-19 00:00:00+00:00,2026-04-19 00:00:00+00:00,1,1,1,0,2026-04-26 14:00:00+08:00,2026-04-26 14:00:00+08:00,,1500.0,REJECTED,local_hour_count_1
data/interim/notebook02_sources/hourly_forecasts/01_19a_hko_ecmwf_single_run_hourly_forecasts.csv,source_target_date_decision_rule_issue_time,2026-04-26,12h_prior,,,2026-04-19 00:00:00+00:00,2026-04-19 00:00:00+00:00,1,1,1,0,2026-04-26 20:00:00+08:00,2026-04-26 20:00:00+08:00,,1500.0,REJECTED,local_hour_count_1
data/interim/notebook02_sources/hourly_forecasts/01_19a_hko_ecmwf_single_run_hourly_forecasts.csv,source_target_date_decision_rule_issue_time,2026-04-27,6h_prior,,,2026-04-19 00:00:00+00:00,2026-04-19 00:00:00+00:00,1,1,1,0,2026-04-27 14:00:00+08:00,2026-04-27 14:00:00+08:00,,1500.0,REJECTED,local_hour_count_1
data/interim/notebook02_sources/hourly_forecasts/01_19a_hko_ecmwf_single_run_hourly_forecasts.csv,source_target_date_decision_rule_issue_time,2026-04-27,12h_prior,,,2026-04-19 00:00:00+00:00,2026-04-19 00:00:00+00:00,1,1,1,0,2026-04-27 20:00:00+08:00,2026-04-27 20:00:00+08:00,,1500.0,REJECTED,local_hour_count_1
data/interim/notebook02_sources/hourly_forecasts/01_19a_hko_ecmwf_single_run_hourly_forecasts.csv,source_target_date_decision_rule_issue_time,2026-04-28,6h_prior,,,2026-04-19 00:00:00+00:00,2026-04-19 00:00:00+00:00,1,1,1,0,2026-04-28 14:00:00+08:00,2026-04-28 14:00:00+08:00,,1500.0,REJECTED,local_hour_count_1
data/interim/notebook02_sources/hourly_forecasts/01_19a_hko_ecmwf_single_run_hourly_forecasts.csv,source_target_date_decision_rule_issue_time,2026-04-28,12h_prior,,,2026-04-19 00:00:00+00:00,2026-04-19 00:00:00+00:00,1,1,1,0,2026-04-28 20:00:00+08:00,2026-04-28 20:00:00+08:00,,1500.0,REJECTED,local_hour_count_1
data/interim/notebook02_sources/hourly_forecasts/01_19a_hko_ecmwf_single_run_hourly_forecasts.csv,source_target_date_decision_rule_issue_time,2026-04-29,6h_prior,,,2026-04-19 00:00:00+00:00,2026-04-19 00:00:00+00:00,1,1,1,0,2026-04-29 14:00:00+08:00,2026-04-29 14:00:00+08:00,,1500.0,REJECTED,local_hour_count_1
data/interim/notebook02_sources/hourly_forecasts/01_19a_hko_ecmwf_single_run_hourly_forecasts.csv,source_target_date_decision_rule_issue_time,2026-04-20,6h_prior,,,2026-04-19 06:00:00+00:00,2026-04-19 06:00:00+00:00,1,1,1,0,2026-04-20 14:00:00+08:00,2026-04-20 14:00:00+08:00,,1500.0,REJECTED,local_hour_count_1
data/interim/notebook02_sources/hourly_forecasts/01_19a_hko_ecmwf_single_run_hourly_forecasts.csv,source_target_date_decision_rule_issue_time,2026-04-20,12h_prior,,,2026-04-19 06:00:00+00:00,2026-04-19 06:00:00+00:00,1,1,1,0,2026-04-20 20:00:00+08:00,2026-04-20 20:00:00+08:00,,1500.0,REJECTED,local_hour_count_1
data/interim/notebook02_sources/hourly_forecasts/01_19a_hko_ecmwf_single_run_hourly_forecasts.csv,source_target_date_decision_rule_issue_time,2026-04-21,6h_prior,,,2026-04-19 06:00:00+00:00,2026-04-19 06:00:00+00:00,1,1,1,0,2026-04-21 14:00:00+08:00,2026-04-21 14:00:00+08:00,,1500.0,REJECTED,local_hour_count_1
data/interim/notebook02_sources/hourly_forecasts/01_19a_hko_ecmwf_single_run_hourly_forecasts.csv,source_target_date_decision_rule_issue_time,2026-04-21,12h_prior,,,2026-04-19 06:00:00+00:00,2026-04-19 06:00:00+00:00,1,1,1,0,2026-04-21 20:00:00+08:00,2026-04-21 20:00:00+08:00,,1500.0,REJECTED,local_hour_count_1
data/interim/notebook02_sources/hourly_forecasts/01_19a_hko_ecmwf_single_run_hourly_forecasts.csv,source_target_date_decision_rule_issue_time,2026-04-22,6h_prior,,,2026-04-19 06:00:00+00:00,2026-04-19 06:00:00+00:00,1,1,1,0,2026-04-22 14:00:00+08:00,2026-04-22 14:00:00+08:00,,1500.0,REJECTED,local_hour_count_1
data/interim/notebook02_sources/hourly_forecasts/01_19a_hko_ecmwf_single_run_hourly_forecasts.csv,source_target_date_decision_rule_issue_time,2026-04-22,12h_prior,,,2026-04-19 06:00:00+00:00,2026-04-19 06:00:00+00:00,1,1,1,0,2026-04-22 20:00:00+08:00,2026-04-22 20:00:00+08:00,,1500.0,REJECTED,local_hour_count_1
data/interim/notebook02_sources/hourly_forecasts/01_19a_hko_ecmwf_single_run_hourly_forecasts.csv,source_target_date_decision_rule_issue_time,2026-04-23,6h_prior,,,2026-04-19 06:00:00+00:00,2026-04-19 06:00:00+00:00,1,1,1,0,2026-04-23 14:00:00+08:00,2026-04-23 14:00:00+08:00,,1500.0,REJECTED,local_hour_count_1
data/interim/notebook02_sources/hourly_forecasts/01_19a_hko_ecmwf_single_run_hourly_forecasts.csv,source_target_date_decision_rule_issue_time,2026-04-23,12h_prior,,,2026-04-19 06:00:00+00:00,2026-04-19 06:00:00+00:00,1,1,1,0,2026-04-23 20:00:00+08:00,2026-04-23 20:00:00+08:00,,1500.0,REJECTED,local_hour_count_1
data/interim/notebook02_sources/hourly_forecasts/01_19a_hko_ecmwf_single_run_hourly_forecasts.csv,source_target_date_decision_rule_issue_time,2026-04-24,6h_prior,,,2026-04-19 06:00:00+00:00,2026-04-19 06:00:00+00:00,1,1,1,0,2026-04-24 14:00:00+08:00,2026-04-24 14:00:00+08:00,,1500.0,REJECTED,local_hour_count_1
data/interim/notebook02_sources/hourly_forecasts/01_19a_hko_ecmwf_single_run_hourly_forecasts.csv,source_target_date_decision_rule_issue_time,2026-04-24,12h_prior,,,2026-04-19 06:00:00+00:00,2026-04-19 06:00:00+00:00,1,1,1,0,2026-04-24 20:00:00+08:00,2026-04-24 20:00:00+08:00,,1500.0,REJECTED,local_hour_count_1
data/interim/notebook02_sources/hourly_forecasts/01_19a_hko_ecmwf_single_run_hourly_forecasts.csv,source_target_date_decision_rule_issue_time,2026-04-25,6h_prior,,,2026-04-19 06:00:00+00:00,2026-04-19 06:00:00+00:00,1,1,1,0,2026-04-25 14:00:00+08:00,2026-04-25 14:00:00+08:00,,1500.0,REJECTED,local_hour_count_1
data/interim/notebook02_sources/hourly_forecasts/01_19a_hko_ecmwf_single_run_hourly_forecasts.csv,source_target_date_decision_rule_issue_time,2026-04-25,12h_prior,,,2026-04-19 06:00:00+00:00,2026-04-19 06:00:00+00:00,1,1,1,0,2026-04-25 20:00:00+08:00,2026-04-25 20:00:00+08:00,,1500.0,REJECTED,local_hour_count_1
data/interim/notebook02_sources/hourly_forecasts/01_19a_hko_ecmwf_single_run_hourly_forecasts.csv,source_target_date_decision_rule_issue_time,2026-04-20,6h_prior,,,2026-04-19 18:00:00+00:00,2026-04-19 18:00:00+00:00,1,1,1,0,2026-04-20 14:00:00+08:00,2026-04-20 14:00:00+08:00,,1500.0,REJECTED,local_hour_count_1
data/interim/notebook02_sources/hourly_forecasts/01_19a_hko_ecmwf_single_run_hourly_forecasts.csv,source_target_date_decision_rule_issue_time,2026-04-20,12h_prior,,,2026-04-19 18:00:00+00:00,2026-04-19 18:00:00+00:00,1,1,1,0,2026-04-20 20:00:00+08:00,2026-04-20 20:00:00+08:00,,1500.0,REJECTED,local_hour_count_1
data/interim/notebook02_sources/hourly_forecasts/01_19a_hko_ecmwf_single_run_hourly_forecasts.csv,source_target_date_decision_rule_issue_time,2026-04-21,6h_prior,,,2026-04-19 18:00:00+00:00,2026-04-19 18:00:00+00:00,1,1,1,0,2026-04-21 14:00:00+08:00,2026-04-21 14:00:00+08:00,,1500.0,REJECTED,local_hour_count_1
data/interim/notebook02_sources/hourly_forecasts/01_19a_hko_ecmwf_single_run_hourly_forecasts.csv,source_target_date_decision_rule_issue_time,2026-04-21,12h_prior,,,2026-04-19 18:00:00+00:00,2026-04-19 18:00:00+00:00,1,1,1,0,2026-04-21 20:00:00+08:00,2026-04-21 20:00:00+08:00,,1500.0,REJECTED,local_hour_count_1
data/interim/notebook02_sources/hourly_forecasts/01_19a_hko_ecmwf_single_run_hourly_forecasts.csv,source_target_date_decision_rule_issue_time,2026-04-22,6h_prior,,,2026-04-19 18:00:00+00:00,2026-04-19 18:00:00+00:00,1,1,1,0,2026-04-22 14:00:00+08:00,2026-04-22 14:00:00+08:00,,1500.0,REJECTED,local_hour_count_1
data/interim/notebook02_sources/hourly_forecasts/01_19a_hko_ecmwf_single_run_hourly_forecasts.csv,source_target_date_decision_rule_issue_time,2026-04-22,12h_prior,,,2026-04-19 18:00:00+00:00,2026-04-19 18:00:00+00:00,1,1,1,0,2026-04-22 20:00:00+08:00,2026-04-22 20:00:00+08:00,,1500.0,REJECTED,local_hour_count_1
data/interim/notebook02_sources/hourly_forecasts/01_19a_hko_ecmwf_single_run_hourly_forecasts.csv,source_target_date_decision_rule_issue_time,2026-04-23,6h_prior,,,2026-04-19 18:00:00+00:00,2026-04-19 18:00:00+00:00,1,1,1,0,2026-04-23 14:00:00+08:00,2026-04-23 14:00:00+08:00,,1500.0,REJECTED,local_hour_count_1
data/interim/notebook02_sources/hourly_forecasts/01_19a_hko_ecmwf_single_run_hourly_forecasts.csv,source_target_date_decision_rule_issue_time,2026-04-23,12h_prior,,,2026-04-19 18:00:00+00:00,2026-04-19 18:00:00+00:00,1,1,1,0,2026-04-23 20:00:00+08:00,2026-04-23 20:00:00+08:00,,1500.0,REJECTED,local_hour_count_1
data/interim/notebook02_sources/hourly_forecasts/01_19a_hko_ecmwf_single_run_hourly_forecasts.csv,source_target_date_decision_rule_issue_time,2026-04-24,6h_prior,,,2026-04-19 18:00:00+00:00,2026-04-19 18:00:00+00:00,1,1,1,0,2026-04-24 14:00:00+08:00,2026-04-24 14:00:00+08:00,,1500.0,REJECTED,local_hour_count_1
data/interim/notebook02_sources/hourly_forecasts/01_19a_hko_ecmwf_single_run_hourly_forecasts.csv,source_target_date_decision_rule_issue_time,2026-04-24,12h_prior,,,2026-04-19 18:00:00+00:00,2026-04-19 18:00:00+00:00,1,1,1,0,2026-04-24 20:00:00+08:00,2026-04-24 20:00:00+08:00,,1500.0,REJECTED,local_hour_count_1
data/interim/notebook02_sources/hourly_forecasts/01_19a_hko_ecmwf_single_run_hourly_forecasts.csv,source_target_date_decision_rule_issue_time,2026-04-25,6h_prior,,,2026-04-19 18:00:00+00:00,2026-04-19 18:00:00+00:00,1,1,1,0,2026-04-25 14:00:00+08:00,2026-04-25 14:00:00+08:00,,1500.0,REJECTED,local_hour_count_1
data/interim/notebook02_sources/hourly_forecasts/01_19a_hko_ecmwf_single_run_hourly_forecasts.csv,source_target_date_decision_rule_issue_time,2026-04-25,12h_prior,,,2026-04-19 18:00:00+00:00,2026-04-19 18:00:00+00:00,1,1,1,0,2026-04-25 20:00:00+08:00,2026-04-25 20:00:00+08:00,,1500.0,REJECTED,local_hour_count_1
data/interim/notebook02_sources/hourly_forecasts/01_19a_hko_ecmwf_single_run_hourly_forecasts.csv,source_target_date_decision_rule_issue_time,2026-04-20,12h_prior,,,2026-04-20 00:00:00+00:00,2026-04-20 00:00:00+00:00,1,1,1,0,2026-04-20 20:00:00+08:00,2026-04-20 20:00:00+08:00,,1500.0,REJECTED,local_hour_count_1
data/interim/notebook02_sources/hourly_forecasts/01_19a_hko_ecmwf_single_run_hourly_forecasts.csv,source_target_date_decision_rule_issue_time,2026-04-21,6h_prior,,,2026-04-20 00:00:00+00:00,2026-04-20 00:00:00+00:00,1,1,1,0,2026-04-21 14:00:00+08:00,2026-04-21 14:00:00+08:00,,1500.0,REJECTED,local_hour_count_1
data/interim/notebook02_sources/hourly_forecasts/01_19a_hko_ecmwf_single_run_hourly_forecasts.csv,source_target_date_decision_rule_issue_time,2026-04-21,12h_prior,,,2026-04-20 00:00:00+00:00,2026-04-20 00:00:00+00:00,1,1,1,0,2026-04-21 20:00:00+08:00,2026-04-21 20:00:00+08:00,,1500.0,REJECTED,local_hour_count_1
data/interim/notebook02_sources/hourly_forecasts/01_19a_hko_ecmwf_single_run_hourly_forecasts.csv,source_target_date_decision_rule_issue_time,2026-04-22,6h_prior,,,2026-04-20 00:00:00+00:00,2026-04-20 00:00:00+00:00,1,1,1,0,2026-04-22 14:00:00+08:00,2026-04-22 14:00:00+08:00,,1500.0,REJECTED,local_hour_count_1
data/interim/notebook02_sources/hourly_forecasts/01_19a_hko_ecmwf_single_run_hourly_forecasts.csv,source_target_date_decision_rule_issue_time,2026-04-22,12h_prior,,,2026-04-20 00:00:00+00:00,2026-04-20 00:00:00+00:00,1,1,1,0,2026-04-22 20:00:00+08:00,2026-04-22 20:00:00+08:00,,1500.0,REJECTED,local_hour_count_1
data/interim/notebook02_sources/hourly_forecasts/01_19a_hko_ecmwf_single_run_hourly_forecasts.csv,source_target_date_decision_rule_issue_time,2026-04-23,6h_prior,,,2026-04-20 00:00:00+00:00,2026-04-20 00:00:00+00:00,1,1,1,0,2026-04-23 14:00:00+08:00,2026-04-23 14:00:00+08:00,,1500.0,REJECTED,local_hour_count_1
data/interim/notebook02_sources/hourly_forecasts/01_19a_hko_ecmwf_single_run_hourly_forecasts.csv,source_target_date_decision_rule_issue_time,2026-04-23,12h_prior,,,2026-04-20 00:00:00+00:00,2026-04-20 00:00:00+00:00,1,1,1,0,2026-04-23 20:00:00+08:00,2026-04-23 20:00:00+08:00,,1500.0,REJECTED,local_hour_count_1
data/interim/notebook02_sources/hourly_forecasts/01_19a_hko_ecmwf_single_run_hourly_forecasts.csv,source_target_date_decision_rule_issue_time,2026-04-24,6h_prior,,,2026-04-20 00:00:00+00:00,2026-04-20 00:00:00+00:00,1,1,1,0,2026-04-24 14:00:00+08:00,2026-04-24 14:00:00+08:00,,1500.0,REJECTED,local_hour_count_1
data/interim/notebook02_sources/hourly_forecasts/01_19a_hko_ecmwf_single_run_hourly_forecasts.csv,source_target_date_decision_rule_issue_time,2026-04-24,12h_prior,,,2026-04-20 00:00:00+00:00,2026-04-20 00:00:00+00:00,1,1,1,0,2026-04-24 20:00:00+08:00,2026-04-24 20:00:00+08:00,,1500.0,REJECTED,local_hour_count_1
data/interim/notebook02_sources/hourly_forecasts/01_19a_hko_ecmwf_single_run_hourly_forecasts.csv,source_target_date_decision_rule_issue_time,2026-04-25,6h_prior,,,2026-04-20 00:00:00+00:00,2026-04-20 00:00:00+00:00,1,1,1,0,2026-04-25 14:00:00+08:00,2026-04-25 14:00:00+08:00,,1500.0,REJECTED,local_hour_count_1
data/interim/notebook02_sources/hourly_forecasts/01_19a_hko_ecmwf_single_run_hourly_forecasts.csv,source_target_date_decision_rule_issue_time,2026-04-25,12h_prior,,,2026-04-20 00:00:00+00:00,2026-04-20 00:00:00+00:00,1,1,1,0,2026-04-25 20:00:00+08:00,2026-04-25 20:00:00+08:00,,1500.0,REJECTED,local_hour_count_1
data/interim/notebook02_sources/hourly_forecasts/01_19a_hko_ecmwf_single_run_hourly_forecasts.csv,source_target_date_decision_rule_issue_time,2026-04-26,6h_prior,,,2026-04-20 00:00:00+00:00,2026-04-20 00:00:00+00:00,1,1,1,0,2026-04-26 14:00:00+08:00,2026-04-26 14:00:00+08:00,,1500.0,REJECTED,local_hour_count_1
data/interim/notebook02_sources/hourly_forecasts/01_19a_hko_ecmwf_single_run_hourly_forecasts.csv,source_target_date_decision_rule_issue_time,2026-04-26,12h_prior,,,2026-04-20 00:00:00+00:00,2026-04-20 00:00:00+00:00,1,1,1,0,2026-04-26 20:00:00+08:00,2026-04-26 20:00:00+08:00,,1500.0,REJECTED,local_hour_count_1
data/interim/notebook02_sources/hourly_forecasts/01_19a_hko_ecmwf_single_run_hourly_forecasts.csv,source_target_date_decision_rule_issue_time,2026-04-27,6h_prior,,,2026-04-20 00:00:00+00:00,2026-04-20 00:00:00+00:00,1,1,1,0,2026-04-27 14:00:00+08:00,2026-04-27 14:00:00+08:00,,1500.0,REJECTED,local_hour_count_1
data/interim/notebook02_sources/hourly_forecasts/01_19a_hko_ecmwf_single_run_hourly_forecasts.csv,source_target_date_decision_rule_issue_time,2026-04-27,12h_prior,,,2026-04-20 00:00:00+00:00,2026-04-20 00:00:00+00:00,1,1,1,0,2026-04-27 20:00:00+08:00,2026-04-27 20:00:00+08:00,,1500.0,REJECTED,local_hour_count_1
data/interim/notebook02_sources/hourly_forecasts/01_19a_hko_ecmwf_single_run_hourly_forecasts.csv,source_target_date_decision_rule_issue_time,2026-04-28,6h_prior,,,2026-04-20 00:00:00+00:00,2026-04-20 00:00:00+00:00,1,1,1,0,2026-04-28 14:00:00+08:00,2026-04-28 14:00:00+08:00,,1500.0,REJECTED,local_hour_count_1
data/interim/notebook02_sources/hourly_forecasts/01_19a_hko_ecmwf_single_run_hourly_forecasts.csv,source_target_date_decision_rule_issue_time,2026-04-28,12h_prior,,,2026-04-20 00:00:00+00:00,2026-04-20 00:00:00+00:00,1,1,1,0,2026-04-28 20:00:00+08:00,2026-04-28 20:00:00+08:00,,1500.0,REJECTED,local_hour_count_1
data/interim/notebook02_sources/hourly_forecasts/01_19a_hko_ecmwf_single_run_hourly_forecasts.csv,source_target_date_decision_rule_issue_time,2026-04-29,6h_prior,,,2026-04-20 00:00:00+00:00,2026-04-20 00:00:00+00:00,1,1,1,0,2026-04-29 14:00:00+08:00,2026-04-29 14:00:00+08:00,,1500.0,REJECTED,local_hour_count_1
data/interim/notebook02_sources/hourly_forecasts/01_19a_hko_ecmwf_single_run_hourly_forecasts.csv,source_target_date_decision_rule_issue_time,2026-04-29,12h_prior,,,2026-04-20 00:00:00+00:00,2026-04-20 00:00:00+00:00,1,1,1,0,2026-04-29 20:00:00+08:00,2026-04-29 20:00:00+08:00,,1500.0,REJECTED,local_hour_count_1
data/interim/notebook02_sources/hourly_forecasts/01_19a_hko_ecmwf_single_run_hourly_forecasts.csv,source_target_date_decision_rule_issue_time,2026-04-30,6h_prior,,,2026-04-20 00:00:00+00:00,2026-04-20 00:00:00+00:00,1,1,1,0,2026-04-30 14:00:00+08:00,2026-04-30 14:00:00+08:00,,1500.0,REJECTED,local_hour_count_1
data/interim/notebook02_sources/hourly_forecasts/01_19a_hko_ecmwf_single_run_hourly_forecasts.csv,source_target_date_decision_rule_issue_time,2026-04-21,6h_prior,,,2026-04-20 06:00:00+00:00,2026-04-20 06:00:00+00:00,1,1,1,0,2026-04-21 14:00:00+08:00,2026-04-21 14:00:00+08:00,,1500.0,REJECTED,local_hour_count_1
data/interim/notebook02_sources/hourly_forecasts/01_19a_hko_ecmwf_single_run_hourly_forecasts.csv,source_target_date_decision_rule_issue_time,2026-04-21,12h_prior,,,2026-04-20 06:00:00+00:00,2026-04-20 06:00:00+00:00,1,1,1,0,2026-04-21 20:00:00+08:00,2026-04-21 20:00:00+08:00,,1500.0,REJECTED,local_hour_count_1
data/interim/notebook02_sources/hourly_forecasts/01_19a_hko_ecmwf_single_run_hourly_forecasts.csv,source_target_date_decision_rule_issue_time,2026-04-22,6h_prior,,,2026-04-20 06:00:00+00:00,2026-04-20 06:00:00+00:00,1,1,1,0,2026-04-22 14:00:00+08:00,2026-04-22 14:00:00+08:00,,1500.0,REJECTED,local_hour_count_1
data/interim/notebook02_sources/hourly_forecasts/01_19a_hko_ecmwf_single_run_hourly_forecasts.csv,source_target_date_decision_rule_issue_time,2026-04-22,12h_prior,,,2026-04-20 06:00:00+00:00,2026-04-20 06:00:00+00:00,1,1,1,0,2026-04-22 20:00:00+08:00,2026-04-22 20:00:00+08:00,,1500.0,REJECTED,local_hour_count_1
data/interim/notebook02_sources/hourly_forecasts/01_19a_hko_ecmwf_single_run_hourly_forecasts.csv,source_target_date_decision_rule_issue_time,2026-04-23,6h_prior,,,2026-04-20 06:00:00+00:00,2026-04-20 06:00:00+00:00,1,1,1,0,2026-04-23 14:00:00+08:00,2026-04-23 14:00:00+08:00,,1500.0,REJECTED,local_hour_count_1
data/interim/notebook02_sources/hourly_forecasts/01_19a_hko_ecmwf_single_run_hourly_forecasts.csv,source_target_date_decision_rule_issue_time,2026-04-23,12h_prior,,,2026-04-20 06:00:00+00:00,2026-04-20 06:00:00+00:00,1,1,1,0,2026-04-23 20:00:00+08:00,2026-04-23 20:00:00+08:00,,1500.0,REJECTED,local_hour_count_1
data/interim/notebook02_sources/hourly_forecasts/01_19a_hko_ecmwf_single_run_hourly_forecasts.csv,source_target_date_decision_rule_issue_time,2026-04-24,6h_prior,,,2026-04-20 06:00:00+00:00,2026-04-20 06:00:00+00:00,1,1,1,0,2026-04-24 14:00:00+08:00,2026-04-24 14:00:00+08:00,,1500.0,REJECTED,local_hour_count_1
data/interim/notebook02_sources/hourly_forecasts/01_19a_hko_ecmwf_single_run_hourly_forecasts.csv,source_target_date_decision_rule_issue_time,2026-04-24,12h_prior,,,2026-04-20 06:00:00+00:00,2026-04-20 06:00:00+00:00,1,1,1,0,2026-04-24 20:00:00+08:00,2026-04-24 20:00:00+08:00,,1500.0,REJECTED,local_hour_count_1
data/interim/notebook02_sources/hourly_forecasts/01_19a_hko_ecmwf_single_run_hourly_forecasts.csv,source_target_date_decision_rule_issue_time,2026-04-25,6h_prior,,,2026-04-20 06:00:00+00:00,2026-04-20 06:00:00+00:00,1,1,1,0,2026-04-25 14:00:00+08:00,2026-04-25 14:00:00+08:00,,1500.0,REJECTED,local_hour_count_1
data/interim/notebook02_sources/hourly_forecasts/01_19a_hko_ecmwf_single_run_hourly_forecasts.csv,source_target_date_decision_rule_issue_time,2026-04-25,12h_prior,,,2026-04-20 06:00:00+00:00,2026-04-20 06:00:00+00:00,1,1,1,0,2026-04-25 20:00:00+08:00,2026-04-25 20:00:00+08:00,,1500.0,REJECTED,local_hour_count_1
data/interim/notebook02_sources/hourly_forecasts/01_19a_hko_ecmwf_single_run_hourly_forecasts.csv,source_target_date_decision_rule_issue_time,2026-04-26,6h_prior,,,2026-04-20 06:00:00+00:00,2026-04-20 06:00:00+00:00,1,1,1,0,2026-04-26 14:00:00+08:00,2026-04-26 14:00:00+08:00,,1500.0,REJECTED,local_hour_count_1
data/interim/notebook02_sources/hourly_forecasts/01_19a_hko_ecmwf_single_run_hourly_forecasts.csv,source_target_date_decision_rule_issue_time,2026-04-26,12h_prior,,,2026-04-20 06:00:00+00:00,2026-04-20 06:00:00+00:00,1,1,1,0,2026-04-26 20:00:00+08:00,2026-04-26 20:00:00+08:00,,1500.0,REJECTED,local_hour_count_1
data/interim/notebook02_sources/hourly_forecasts/01_19a_hko_ecmwf_single_run_hourly_forecasts.csv,source_target_date_decision_rule_issue_time,2026-04-21,6h_prior,,,2026-04-20 18:00:00+00:00,2026-04-20 18:00:00+00:00,1,1,1,0,2026-04-21 14:00:00+08:00,2026-04-21 14:00:00+08:00,,1500.0,REJECTED,local_hour_count_1
data/interim/notebook02_sources/hourly_forecasts/01_19a_hko_ecmwf_single_run_hourly_forecasts.csv,source_target_date_decision_rule_issue_time,2026-04-21,12h_prior,,,2026-04-20 18:00:00+00:00,2026-04-20 18:00:00+00:00,1,1,1,0,2026-04-21 20:00:00+08:00,2026-04-21 20:00:00+08:00,,1500.0,REJECTED,local_hour_count_1
data/interim/notebook02_sources/hourly_forecasts/01_19a_hko_ecmwf_single_run_hourly_forecasts.csv,source_target_date_decision_rule_issue_time,2026-04-22,6h_prior,,,2026-04-20 18:00:00+00:00,2026-04-20 18:00:00+00:00,1,1,1,0,2026-04-22 14:00:00+08:00,2026-04-22 14:00:00+08:00,,1500.0,REJECTED,local_hour_count_1
data/interim/notebook02_sources/hourly_forecasts/01_19a_hko_ecmwf_single_run_hourly_forecasts.csv,source_target_date_decision_rule_issue_time,2026-04-22,12h_prior,,,2026-04-20 18:00:00+00:00,2026-04-20 18:00:00+00:00,1,1,1,0,2026-04-22 20:00:00+08:00,2026-04-22 20:00:00+08:00,,1500.0,REJECTED,local_hour_count_1
data/interim/notebook02_sources/hourly_forecasts/01_19a_hko_ecmwf_single_run_hourly_forecasts.csv,source_target_date_decision_rule_issue_time,2026-04-23,6h_prior,,,2026-04-20 18:00:00+00:00,2026-04-20 18:00:00+00:00,1,1,1,0,2026-04-23 14:00:00+08:00,2026-04-23 14:00:00+08:00,,1500.0,REJECTED,local_hour_count_1
data/interim/notebook02_sources/hourly_forecasts/01_19a_hko_ecmwf_single_run_hourly_forecasts.csv,source_target_date_decision_rule_issue_time,2026-04-23,12h_prior,,,2026-04-20 18:00:00+00:00,2026-04-20 18:00:00+00:00,1,1,1,0,2026-04-23 20:00:00+08:00,2026-04-23 20:00:00+08:00,,1500.0,REJECTED,local_hour_count_1
data/interim/notebook02_sources/hourly_forecasts/01_19a_hko_ecmwf_single_run_hourly_forecasts.csv,source_target_date_decision_rule_issue_time,2026-04-24,6h_prior,,,2026-04-20 18:00:00+00:00,2026-04-20 18:00:00+00:00,1,1,1,0,2026-04-24 14:00:00+08:00,2026-04-24 14:00:00+08:00,,1500.0,REJECTED,local_hour_count_1
data/interim/notebook02_sources/hourly_forecasts/01_19a_hko_ecmwf_single_run_hourly_forecasts.csv,source_target_date_decision_rule_issue_time,2026-04-24,12h_prior,,,2026-04-20 18:00:00+00:00,2026-04-20 18:00:00+00:00,1,1,1,0,2026-04-24 20:00:00+08:00,2026-04-24 20:00:00+08:00,,1500.0,REJECTED,local_hour_count_1
data/interim/notebook02_sources/hourly_forecasts/01_19a_hko_ecmwf_single_run_hourly_forecasts.csv,source_target_date_decision_rule_issue_time,2026-04-25,6h_prior,,,2026-04-20 18:00:00+00:00,2026-04-20 18:00:00+00:00,1,1,1,0,2026-04-25 14:00:00+08:00,2026-04-25 14:00:00+08:00,,1500.0,REJECTED,local_hour_count_1
data/interim/notebook02_sources/hourly_forecasts/01_19a_hko_ecmwf_single_run_hourly_forecasts.csv,source_target_date_decision_rule_issue_time,2026-04-25,12h_prior,,,2026-04-20 18:00:00+00:00,2026-04-20 18:00:00+00:00,1,1,1,0,2026-04-25 20:00:00+08:00,2026-04-25 20:00:00+08:00,,1500.0,REJECTED,local_hour_count_1
data/interim/notebook02_sources/hourly_forecasts/01_19a_hko_ecmwf_single_run_hourly_forecasts.csv,source_target_date_decision_rule_issue_time,2026-04-26,6h_prior,,,2026-04-20 18:00:00+00:00,2026-04-20 18:00:00+00:00,1,1,1,0,2026-04-26 14:00:00+08:00,2026-04-26 14:00:00+08:00,,1500.0,REJECTED,local_hour_count_1
data/interim/notebook02_sources/hourly_forecasts/01_19a_hko_ecmwf_single_run_hourly_forecasts.csv,source_target_date_decision_rule_issue_time,2026-04-26,12h_prior,,,2026-04-20 18:00:00+00:00,2026-04-20 18:00:00+00:00,1,1,1,0,2026-04-26 20:00:00+08:00,2026-04-26 20:00:00+08:00,,1500.0,REJECTED,local_hour_count_1
data/interim/notebook02_sources/hourly_forecasts/01_19a_hko_ecmwf_single_run_hourly_forecasts.csv,source_target_date_decision_rule_issue_time,2026-04-21,12h_prior,,,2026-04-21 00:00:00+00:00,2026-04-21 00:00:00+00:00,1,1,1,0,2026-04-21 20:00:00+08:00,2026-04-21 20:00:00+08:00,,1500.0,REJECTED,local_hour_count_1
data/interim/notebook02_sources/hourly_forecasts/01_19a_hko_ecmwf_single_run_hourly_forecasts.csv,source_target_date_decision_rule_issue_time,2026-04-22,6h_prior,,,2026-04-21 00:00:00+00:00,2026-04-21 00:00:00+00:00,1,1,1,0,2026-04-22 14:00:00+08:00,2026-04-22 14:00:00+08:00,,1500.0,REJECTED,local_hour_count_1
data/interim/notebook02_sources/hourly_forecasts/01_19a_hko_ecmwf_single_run_hourly_forecasts.csv,source_target_date_decision_rule_issue_time,2026-04-22,12h_prior,,,2026-04-21 00:00:00+00:00,2026-04-21 00:00:00+00:00,1,1,1,0,2026-04-22 20:00:00+08:00,2026-04-22 20:00:00+08:00,,1500.0,REJECTED,local_hour_count_1
data/interim/notebook02_sources/hourly_forecasts/01_19a_hko_ecmwf_single_run_hourly_forecasts.csv,source_target_date_decision_rule_issue_time,2026-04-23,6h_prior,,,2026-04-21 00:00:00+00:00,2026-04-21 00:00:00+00:00,1,1,1,0,2026-04-23 14:00:00+08:00,2026-04-23 14:00:00+08:00,,1500.0,REJECTED,local_hour_count_1
data/interim/notebook02_sources/hourly_forecasts/01_19a_hko_ecmwf_single_run_hourly_forecasts.csv,source_target_date_decision_rule_issue_time,2026-04-23,12h_prior,,,2026-04-21 00:00:00+00:00,2026-04-21 00:00:00+00:00,1,1,1,0,2026-04-23 20:00:00+08:00,2026-04-23 20:00:00+08:00,,1500.0,REJECTED,local_hour_count_1
data/interim/notebook02_sources/hourly_forecasts/01_19a_hko_ecmwf_single_run_hourly_forecasts.csv,source_target_date_decision_rule_issue_time,2026-04-24,6h_prior,,,2026-04-21 00:00:00+00:00,2026-04-21 00:00:00+00:00,1,1,1,0,2026-04-24 14:00:00+08:00,2026-04-24 14:00:00+08:00,,1500.0,REJECTED,local_hour_count_1
data/interim/notebook02_sources/hourly_forecasts/01_19a_hko_ecmwf_single_run_hourly_forecasts.csv,source_target_date_decision_rule_issue_time,2026-04-24,12h_prior,,,2026-04-21 00:00:00+00:00,2026-04-21 00:00:00+00:00,1,1,1,0,2026-04-24 20:00:00+08:00,2026-04-24 20:00:00+08:00,,1500.0,REJECTED,local_hour_count_1
data/interim/notebook02_sources/hourly_forecasts/01_19a_hko_ecmwf_single_run_hourly_forecasts.csv,source_target_date_decision_rule_issue_time,2026-04-25,6h_prior,,,2026-04-21 00:00:00+00:00,2026-04-21 00:00:00+00:00,1,1,1,0,2026-04-25 14:00:00+08:00,2026-04-25 14:00:00+08:00,,1500.0,REJECTED,local_hour_count_1
data/interim/notebook02_sources/hourly_forecasts/01_19a_hko_ecmwf_single_run_hourly_forecasts.csv,source_target_date_decision_rule_issue_time,2026-04-25,12h_prior,,,2026-04-21 00:00:00+00:00,2026-04-21 00:00:00+00:00,1,1,1,0,2026-04-25 20:00:00+08:00,2026-04-25 20:00:00+08:00,,1500.0,REJECTED,local_hour_count_1
data/interim/notebook02_sources/hourly_forecasts/01_19a_hko_ecmwf_single_run_hourly_forecasts.csv,source_target_date_decision_rule_issue_time,2026-04-26,6h_prior,,,2026-04-21 00:00:00+00:00,2026-04-21 00:00:00+00:00,1,1,1,0,2026-04-26 14:00:00+08:00,2026-04-26 14:00:00+08:00,,1500.0,REJECTED,local_hour_count_1
data/interim/notebook02_sources/hourly_forecasts/01_19a_hko_ecmwf_single_run_hourly_forecasts.csv,source_target_date_decision_rule_issue_time,2026-04-26,12h_prior,,,2026-04-21 00:00:00+00:00,2026-04-21 00:00:00+00:00,1,1,1,0,2026-04-26 20:00:00+08:00,2026-04-26 20:00:00+08:00,,1500.0,REJECTED,local_hour_count_1
data/interim/notebook02_sources/hourly_forecasts/01_19a_hko_ecmwf_single_run_hourly_forecasts.csv,source_target_date_decision_rule_issue_time,2026-04-27,6h_prior,,,2026-04-21 00:00:00+00:00,2026-04-21 00:00:00+00:00,1,1,1,0,2026-04-27 14:00:00+08:00,2026-04-27 14:00:00+08:00,,1500.0,REJECTED,local_hour_count_1
data/interim/notebook02_sources/hourly_forecasts/01_19a_hko_ecmwf_single_run_hourly_forecasts.csv,source_target_date_decision_rule_issue_time,2026-04-27,12h_prior,,,2026-04-21 00:00:00+00:00,2026-04-21 00:00:00+00:00,1,1,1,0,2026-04-27 20:00:00+08:00,2026-04-27 20:00:00+08:00,,1500.0,REJECTED,local_hour_count_1
data/interim/notebook02_sources/hourly_forecasts/01_19a_hko_ecmwf_single_run_hourly_forecasts.csv,source_target_date_decision_rule_issue_time,2026-04-28,6h_prior,,,2026-04-21 00:00:00+00:00,2026-04-21 00:00:00+00:00,1,1,1,0,2026-04-28 14:00:00+08:00,2026-04-28 14:00:00+08:00,,1500.0,REJECTED,local_hour_count_1
data/interim/notebook02_sources/hourly_forecasts/01_19a_hko_ecmwf_single_run_hourly_forecasts.csv,source_target_date_decision_rule_issue_time,2026-04-28,12h_prior,,,2026-04-21 00:00:00+00:00,2026-04-21 00:00:00+00:00,1,1,1,0,2026-04-28 20:00:00+08:00,2026-04-28 20:00:00+08:00,,1500.0,REJECTED,local_hour_count_1
data/interim/notebook02_sources/hourly_forecasts/01_19a_hko_ecmwf_single_run_hourly_forecasts.csv,source_target_date_decision_rule_issue_time,2026-04-29,6h_prior,,,2026-04-21 00:00:00+00:00,2026-04-21 00:00:00+00:00,1,1,1,0,2026-04-29 14:00:00+08:00,2026-04-29 14:00:00+08:00,,1500.0,REJECTED,local_hour_count_1
data/interim/notebook02_sources/hourly_forecasts/01_19a_hko_ecmwf_single_run_hourly_forecasts.csv,source_target_date_decision_rule_issue_time,2026-04-29,12h_prior,,,2026-04-21 00:00:00+00:00,2026-04-21 00:00:00+00:00,1,1,1,0,2026-04-29 20:00:00+08:00,2026-04-29 20:00:00+08:00,,1500.0,REJECTED,local_hour_count_1
data/interim/notebook02_sources/hourly_forecasts/01_19a_hko_ecmwf_single_run_hourly_forecasts.csv,source_target_date_decision_rule_issue_time,2026-04-30,6h_prior,,,2026-04-21 00:00:00+00:00,2026-04-21 00:00:00+00:00,1,1,1,0,2026-04-30 14:00:00+08:00,2026-04-30 14:00:00+08:00,,1500.0,REJECTED,local_hour_count_1
data/interim/notebook02_sources/hourly_forecasts/01_19a_hko_ecmwf_single_run_hourly_forecasts.csv,source_target_date_decision_rule_issue_time,2026-04-30,12h_prior,,,2026-04-21 00:00:00+00:00,2026-04-21 00:00:00+00:00,1,1,1,0,2026-04-30 20:00:00+08:00,2026-04-30 20:00:00+08:00,,1500.0,REJECTED,local_hour_count_1
data/interim/notebook02_sources/hourly_forecasts/01_19a_hko_ecmwf_single_run_hourly_forecasts.csv,source_target_date_decision_rule_issue_time,2026-05-01,6h_prior,,,2026-04-21 00:00:00+00:00,2026-04-21 00:00:00+00:00,1,1,1,0,2026-05-01 14:00:00+08:00,2026-05-01 14:00:00+08:00,,1500.0,REJECTED,local_hour_count_1
data/interim/notebook02_sources/hourly_forecasts/01_19a_hko_ecmwf_single_run_hourly_forecasts.csv,source_target_date_decision_rule_issue_time,2026-04-22,6h_prior,,,2026-04-21 06:00:00+00:00,2026-04-21 06:00:00+00:00,1,1,1,0,2026-04-22 14:00:00+08:00,2026-04-22 14:00:00+08:00,,1500.0,REJECTED,local_hour_count_1
data/interim/notebook02_sources/hourly_forecasts/01_19a_hko_ecmwf_single_run_hourly_forecasts.csv,source_target_date_decision_rule_issue_time,2026-04-22,12h_prior,,,2026-04-21 06:00:00+00:00,2026-04-21 06:00:00+00:00,1,1,1,0,2026-04-22 20:00:00+08:00,2026-04-22 20:00:00+08:00,,1500.0,REJECTED,local_hour_count_1
data/interim/notebook02_sources/hourly_forecasts/01_19a_hko_ecmwf_single_run_hourly_forecasts.csv,source_target_date_decision_rule_issue_time,2026-04-23,6h_prior,,,2026-04-21 06:00:00+00:00,2026-04-21 06:00:00+00:00,1,1,1,0,2026-04-23 14:00:00+08:00,2026-04-23 14:00:00+08:00,,1500.0,REJECTED,local_hour_count_1
data/interim/notebook02_sources/hourly_forecasts/01_19a_hko_ecmwf_single_run_hourly_forecasts.csv,source_target_date_decision_rule_issue_time,2026-04-23,12h_prior,,,2026-04-21 06:00:00+00:00,2026-04-21 06:00:00+00:00,1,1,1,0,2026-04-23 20:00:00+08:00,2026-04-23 20:00:00+08:00,,1500.0,REJECTED,local_hour_count_1
data/interim/notebook02_sources/hourly_forecasts/01_19a_hko_ecmwf_single_run_hourly_forecasts.csv,source_target_date_decision_rule_issue_time,2026-04-24,6h_prior,,,2026-04-21 06:00:00+00:00,2026-04-21 06:00:00+00:00,1,1,1,0,2026-04-24 14:00:00+08:00,2026-04-24 14:00:00+08:00,,1500.0,REJECTED,local_hour_count_1
data/interim/notebook02_sources/hourly_forecasts/01_19a_hko_ecmwf_single_run_hourly_forecasts.csv,source_target_date_decision_rule_issue_time,2026-04-24,12h_prior,,,2026-04-21 06:00:00+00:00,2026-04-21 06:00:00+00:00,1,1,1,0,2026-04-24 20:00:00+08:00,2026-04-24 20:00:00+08:00,,1500.0,REJECTED,local_hour_count_1
data/interim/notebook02_sources/hourly_forecasts/01_19a_hko_ecmwf_single_run_hourly_forecasts.csv,source_target_date_decision_rule_issue_time,2026-04-25,6h_prior,,,2026-04-21 06:00:00+00:00,2026-04-21 06:00:00+00:00,1,1,1,0,2026-04-25 14:00:00+08:00,2026-04-25 14:00:00+08:00,,1500.0,REJECTED,local_hour_count_1
data/interim/notebook02_sources/hourly_forecasts/01_19a_hko_ecmwf_single_run_hourly_forecasts.csv,source_target_date_decision_rule_issue_time,2026-04-25,12h_prior,,,2026-04-21 06:00:00+00:00,2026-04-21 06:00:00+00:00,1,1,1,0,2026-04-25 20:00:00+08:00,2026-04-25 20:00:00+08:00,,1500.0,REJECTED,local_hour_count_1
data/interim/notebook02_sources/hourly_forecasts/01_19a_hko_ecmwf_single_run_hourly_forecasts.csv,source_target_date_decision_rule_issue_time,2026-04-26,6h_prior,,,2026-04-21 06:00:00+00:00,2026-04-21 06:00:00+00:00,1,1,1,0,2026-04-26 14:00:00+08:00,2026-04-26 14:00:00+08:00,,1500.0,REJECTED,local_hour_count_1
data/interim/notebook02_sources/hourly_forecasts/01_19a_hko_ecmwf_single_run_hourly_forecasts.csv,source_target_date_decision_rule_issue_time,2026-04-26,12h_prior,,,2026-04-21 06:00:00+00:00,2026-04-21 06:00:00+00:00,1,1,1,0,2026-04-26 20:00:00+08:00,2026-04-26 20:00:00+08:00,,1500.0,REJECTED,local_hour_count_1
data/interim/notebook02_sources/hourly_forecasts/01_19a_hko_ecmwf_single_run_hourly_forecasts.csv,source_target_date_decision_rule_issue_time,2026-04-27,6h_prior,,,2026-04-21 06:00:00+00:00,2026-04-21 06:00:00+00:00,1,1,1,0,2026-04-27 14:00:00+08:00,2026-04-27 14:00:00+08:00,,1500.0,REJECTED,local_hour_count_1
data/interim/notebook02_sources/hourly_forecasts/01_19a_hko_ecmwf_single_run_hourly_forecasts.csv,source_target_date_decision_rule_issue_time,2026-04-27,12h_prior,,,2026-04-21 06:00:00+00:00,2026-04-21 06:00:00+00:00,1,1,1,0,2026-04-27 20:00:00+08:00,2026-04-27 20:00:00+08:00,,1500.0,REJECTED,local_hour_count_1
data/interim/notebook02_sources/hourly_forecasts/01_19a_hko_ecmwf_single_run_hourly_forecasts.csv,source_target_date_decision_rule_issue_time,2026-04-22,6h_prior,,,2026-04-21 18:00:00+00:00,2026-04-21 18:00:00+00:00,1,1,1,0,2026-04-22 14:00:00+08:00,2026-04-22 14:00:00+08:00,,1500.0,REJECTED,local_hour_count_1
data/interim/notebook02_sources/hourly_forecasts/01_19a_hko_ecmwf_single_run_hourly_forecasts.csv,source_target_date_decision_rule_issue_time,2026-04-22,12h_prior,,,2026-04-21 18:00:00+00:00,2026-04-21 18:00:00+00:00,1,1,1,0,2026-04-22 20:00:00+08:00,2026-04-22 20:00:00+08:00,,1500.0,REJECTED,local_hour_count_1
data/interim/notebook02_sources/hourly_forecasts/01_19a_hko_ecmwf_single_run_hourly_forecasts.csv,source_target_date_decision_rule_issue_time,2026-04-23,6h_prior,,,2026-04-21 18:00:00+00:00,2026-04-21 18:00:00+00:00,1,1,1,0,2026-04-23 14:00:00+08:00,2026-04-23 14:00:00+08:00,,1500.0,REJECTED,local_hour_count_1
data/interim/notebook02_sources/hourly_forecasts/01_19a_hko_ecmwf_single_run_hourly_forecasts.csv,source_target_date_decision_rule_issue_time,2026-04-23,12h_prior,,,2026-04-21 18:00:00+00:00,2026-04-21 18:00:00+00:00,1,1,1,0,2026-04-23 20:00:00+08:00,2026-04-23 20:00:00+08:00,,1500.0,REJECTED,local_hour_count_1
data/interim/notebook02_sources/hourly_forecasts/01_19a_hko_ecmwf_single_run_hourly_forecasts.csv,source_target_date_decision_rule_issue_time,2026-04-24,6h_prior,,,2026-04-21 18:00:00+00:00,2026-04-21 18:00:00+00:00,1,1,1,0,2026-04-24 14:00:00+08:00,2026-04-24 14:00:00+08:00,,1500.0,REJECTED,local_hour_count_1
data/interim/notebook02_sources/hourly_forecasts/01_19a_hko_ecmwf_single_run_hourly_forecasts.csv,source_target_date_decision_rule_issue_time,2026-04-24,12h_prior,,,2026-04-21 18:00:00+00:00,2026-04-21 18:00:00+00:00,1,1,1,0,2026-04-24 20:00:00+08:00,2026-04-24 20:00:00+08:00,,1500.0,REJECTED,local_hour_count_1
data/interim/notebook02_sources/hourly_forecasts/01_19a_hko_ecmwf_single_run_hourly_forecasts.csv,source_target_date_decision_rule_issue_time,2026-04-25,6h_prior,,,2026-04-21 18:00:00+00:00,2026-04-21 18:00:00+00:00,1,1,1,0,2026-04-25 14:00:00+08:00,2026-04-25 14:00:00+08:00,,1500.0,REJECTED,local_hour_count_1
data/interim/notebook02_sources/hourly_forecasts/01_19a_hko_ecmwf_single_run_hourly_forecasts.csv,source_target_date_decision_rule_issue_time,2026-04-25,12h_prior,,,2026-04-21 18:00:00+00:00,2026-04-21 18:00:00+00:00,1,1,1,0,2026-04-25 20:00:00+08:00,2026-04-25 20:00:00+08:00,,1500.0,REJECTED,local_hour_count_1
data/interim/notebook02_sources/hourly_forecasts/01_19a_hko_ecmwf_single_run_hourly_forecasts.csv,source_target_date_decision_rule_issue_time,2026-04-26,6h_prior,,,2026-04-21 18:00:00+00:00,2026-04-21 18:00:00+00:00,1,1,1,0,2026-04-26 14:00:00+08:00,2026-04-26 14:00:00+08:00,,1500.0,REJECTED,local_hour_count_1
data/interim/notebook02_sources/hourly_forecasts/01_19a_hko_ecmwf_single_run_hourly_forecasts.csv,source_target_date_decision_rule_issue_time,2026-04-26,12h_prior,,,2026-04-21 18:00:00+00:00,2026-04-21 18:00:00+00:00,1,1,1,0,2026-04-26 20:00:00+08:00,2026-04-26 20:00:00+08:00,,1500.0,REJECTED,local_hour_count_1
data/interim/notebook02_sources/hourly_forecasts/01_19a_hko_ecmwf_single_run_hourly_forecasts.csv,source_target_date_decision_rule_issue_time,2026-04-27,6h_prior,,,2026-04-21 18:00:00+00:00,2026-04-21 18:00:00+00:00,1,1,1,0,2026-04-27 14:00:00+08:00,2026-04-27 14:00:00+08:00,,1500.0,REJECTED,local_hour_count_1
data/interim/notebook02_sources/hourly_forecasts/01_19a_hko_ecmwf_single_run_hourly_forecasts.csv,source_target_date_decision_rule_issue_time,2026-04-27,12h_prior,,,2026-04-21 18:00:00+00:00,2026-04-21 18:00:00+00:00,1,1,1,0,2026-04-27 20:00:00+08:00,2026-04-27 20:00:00+08:00,,1500.0,REJECTED,local_hour_count_1
data/interim/notebook02_sources/hourly_forecasts/01_19a_hko_ecmwf_single_run_hourly_forecasts.csv,source_target_date_decision_rule_issue_time,2026-04-22,12h_prior,,,2026-04-22 00:00:00+00:00,2026-04-22 00:00:00+00:00,1,1,1,0,2026-04-22 20:00:00+08:00,2026-04-22 20:00:00+08:00,,1500.0,REJECTED,local_hour_count_1
data/interim/notebook02_sources/hourly_forecasts/01_19a_hko_ecmwf_single_run_hourly_forecasts.csv,source_target_date_decision_rule_issue_time,2026-04-23,6h_prior,,,2026-04-22 00:00:00+00:00,2026-04-22 00:00:00+00:00,1,1,1,0,2026-04-23 14:00:00+08:00,2026-04-23 14:00:00+08:00,,1500.0,REJECTED,local_hour_count_1
data/interim/notebook02_sources/hourly_forecasts/01_19a_hko_ecmwf_single_run_hourly_forecasts.csv,source_target_date_decision_rule_issue_time,2026-04-23,12h_prior,,,2026-04-22 00:00:00+00:00,2026-04-22 00:00:00+00:00,1,1,1,0,2026-04-23 20:00:00+08:00,2026-04-23 20:00:00+08:00,,1500.0,REJECTED,local_hour_count_1
data/interim/notebook02_sources/hourly_forecasts/01_19a_hko_ecmwf_single_run_hourly_forecasts.csv,source_target_date_decision_rule_issue_time,2026-04-24,6h_prior,,,2026-04-22 00:00:00+00:00,2026-04-22 00:00:00+00:00,1,1,1,0,2026-04-24 14:00:00+08:00,2026-04-24 14:00:00+08:00,,1500.0,REJECTED,local_hour_count_1
data/interim/notebook02_sources/hourly_forecasts/01_19a_hko_ecmwf_single_run_hourly_forecasts.csv,source_target_date_decision_rule_issue_time,2026-04-24,12h_prior,,,2026-04-22 00:00:00+00:00,2026-04-22 00:00:00+00:00,1,1,1,0,2026-04-24 20:00:00+08:00,2026-04-24 20:00:00+08:00,,1500.0,REJECTED,local_hour_count_1
data/interim/notebook02_sources/hourly_forecasts/01_19a_hko_ecmwf_single_run_hourly_forecasts.csv,source_target_date_decision_rule_issue_time,2026-04-25,6h_prior,,,2026-04-22 00:00:00+00:00,2026-04-22 00:00:00+00:00,1,1,1,0,2026-04-25 14:00:00+08:00,2026-04-25 14:00:00+08:00,,1500.0,REJECTED,local_hour_count_1
data/interim/notebook02_sources/hourly_forecasts/01_19a_hko_ecmwf_single_run_hourly_forecasts.csv,source_target_date_decision_rule_issue_time,2026-04-25,12h_prior,,,2026-04-22 00:00:00+00:00,2026-04-22 00:00:00+00:00,1,1,1,0,2026-04-25 20:00:00+08:00,2026-04-25 20:00:00+08:00,,1500.0,REJECTED,local_hour_count_1
data/interim/notebook02_sources/hourly_forecasts/01_19a_hko_ecmwf_single_run_hourly_forecasts.csv,source_target_date_decision_rule_issue_time,2026-04-26,6h_prior,,,2026-04-22 00:00:00+00:00,2026-04-22 00:00:00+00:00,1,1,1,0,2026-04-26 14:00:00+08:00,2026-04-26 14:00:00+08:00,,1500.0,REJECTED,local_hour_count_1
data/interim/notebook02_sources/hourly_forecasts/01_19a_hko_ecmwf_single_run_hourly_forecasts.csv,source_target_date_decision_rule_issue_time,2026-04-26,12h_prior,,,2026-04-22 00:00:00+00:00,2026-04-22 00:00:00+00:00,1,1,1,0,2026-04-26 20:00:00+08:00,2026-04-26 20:00:00+08:00,,1500.0,REJECTED,local_hour_count_1
data/interim/notebook02_sources/hourly_forecasts/01_19a_hko_ecmwf_single_run_hourly_forecasts.csv,source_target_date_decision_rule_issue_time,2026-04-27,6h_prior,,,2026-04-22 00:00:00+00:00,2026-04-22 00:00:00+00:00,1,1,1,0,2026-04-27 14:00:00+08:00,2026-04-27 14:00:00+08:00,,1500.0,REJECTED,local_hour_count_1
data/interim/notebook02_sources/hourly_forecasts/01_19a_hko_ecmwf_single_run_hourly_forecasts.csv,source_target_date_decision_rule_issue_time,2026-04-27,12h_prior,,,2026-04-22 00:00:00+00:00,2026-04-22 00:00:00+00:00,1,1,1,0,2026-04-27 20:00:00+08:00,2026-04-27 20:00:00+08:00,,1500.0,REJECTED,local_hour_count_1
data/interim/notebook02_sources/hourly_forecasts/01_19a_hko_ecmwf_single_run_hourly_forecasts.csv,source_target_date_decision_rule_issue_time,2026-04-28,6h_prior,,,2026-04-22 00:00:00+00:00,2026-04-22 00:00:00+00:00,1,1,1,0,2026-04-28 14:00:00+08:00,2026-04-28 14:00:00+08:00,,1500.0,REJECTED,local_hour_count_1
data/interim/notebook02_sources/hourly_forecasts/01_19a_hko_ecmwf_single_run_hourly_forecasts.csv,source_target_date_decision_rule_issue_time,2026-04-28,12h_prior,,,2026-04-22 00:00:00+00:00,2026-04-22 00:00:00+00:00,1,1,1,0,2026-04-28 20:00:00+08:00,2026-04-28 20:00:00+08:00,,1500.0,REJECTED,local_hour_count_1
data/interim/notebook02_sources/hourly_forecasts/01_19a_hko_ecmwf_single_run_hourly_forecasts.csv,source_target_date_decision_rule_issue_time,2026-04-29,6h_prior,,,2026-04-22 00:00:00+00:00,2026-04-22 00:00:00+00:00,1,1,1,0,2026-04-29 14:00:00+08:00,2026-04-29 14:00:00+08:00,,1500.0,REJECTED,local_hour_count_1
data/interim/notebook02_sources/hourly_forecasts/01_19a_hko_ecmwf_single_run_hourly_forecasts.csv,source_target_date_decision_rule_issue_time,2026-04-29,12h_prior,,,2026-04-22 00:00:00+00:00,2026-04-22 00:00:00+00:00,1,1,1,0,2026-04-29 20:00:00+08:00,2026-04-29 20:00:00+08:00,,1500.0,REJECTED,local_hour_count_1
data/interim/notebook02_sources/hourly_forecasts/01_19a_hko_ecmwf_single_run_hourly_forecasts.csv,source_target_date_decision_rule_issue_time,2026-04-30,6h_prior,,,2026-04-22 00:00:00+00:00,2026-04-22 00:00:00+00:00,1,1,1,0,2026-04-30 14:00:00+08:00,2026-04-30 14:00:00+08:00,,1500.0,REJECTED,local_hour_count_1
data/interim/notebook02_sources/hourly_forecasts/01_19a_hko_ecmwf_single_run_hourly_forecasts.csv,source_target_date_decision_rule_issue_time,2026-04-30,12h_prior,,,2026-04-22 00:00:00+00:00,2026-04-22 00:00:00+00:00,1,1,1,0,2026-04-30 20:00:00+08:00,2026-04-30 20:00:00+08:00,,1500.0,REJECTED,local_hour_count_1
data/interim/notebook02_sources/hourly_forecasts/01_19a_hko_ecmwf_single_run_hourly_forecasts.csv,source_target_date_decision_rule_issue_time,2026-05-01,6h_prior,,,2026-04-22 00:00:00+00:00,2026-04-22 00:00:00+00:00,1,1,1,0,2026-05-01 14:00:00+08:00,2026-05-01 14:00:00+08:00,,1500.0,REJECTED,local_hour_count_1
data/interim/notebook02_sources/hourly_forecasts/01_19a_hko_ecmwf_single_run_hourly_forecasts.csv,source_target_date_decision_rule_issue_time,2026-05-01,12h_prior,,,2026-04-22 00:00:00+00:00,2026-04-22 00:00:00+00:00,1,1,1,0,2026-05-01 20:00:00+08:00,2026-05-01 20:00:00+08:00,,1500.0,REJECTED,local_hour_count_1
data/interim/notebook02_sources/hourly_forecasts/01_19a_hko_ecmwf_single_run_hourly_forecasts.csv,source_target_date_decision_rule_issue_time,2026-05-02,6h_prior,,,2026-04-22 00:00:00+00:00,2026-04-22 00:00:00+00:00,1,1,1,0,2026-05-02 14:00:00+08:00,2026-05-02 14:00:00+08:00,,1500.0,REJECTED,local_hour_count_1
data/interim/notebook02_sources/hourly_forecasts/01_19a_hko_ecmwf_single_run_hourly_forecasts.csv,source_target_date_decision_rule_issue_time,2026-04-23,6h_prior,,,2026-04-22 06:00:00+00:00,2026-04-22 06:00:00+00:00,1,1,1,0,2026-04-23 14:00:00+08:00,2026-04-23 14:00:00+08:00,,1500.0,REJECTED,local_hour_count_1
data/interim/notebook02_sources/hourly_forecasts/01_19a_hko_ecmwf_single_run_hourly_forecasts.csv,source_target_date_decision_rule_issue_time,2026-04-23,12h_prior,,,2026-04-22 06:00:00+00:00,2026-04-22 06:00:00+00:00,1,1,1,0,2026-04-23 20:00:00+08:00,2026-04-23 20:00:00+08:00,,1500.0,REJECTED,local_hour_count_1
data/interim/notebook02_sources/hourly_forecasts/01_19a_hko_ecmwf_single_run_hourly_forecasts.csv,source_target_date_decision_rule_issue_time,2026-04-24,6h_prior,,,2026-04-22 06:00:00+00:00,2026-04-22 06:00:00+00:00,1,1,1,0,2026-04-24 14:00:00+08:00,2026-04-24 14:00:00+08:00,,1500.0,REJECTED,local_hour_count_1
data/interim/notebook02_sources/hourly_forecasts/01_19a_hko_ecmwf_single_run_hourly_forecasts.csv,source_target_date_decision_rule_issue_time,2026-04-24,12h_prior,,,2026-04-22 06:00:00+00:00,2026-04-22 06:00:00+00:00,1,1,1,0,2026-04-24 20:00:00+08:00,2026-04-24 20:00:00+08:00,,1500.0,REJECTED,local_hour_count_1
data/interim/notebook02_sources/hourly_forecasts/01_19a_hko_ecmwf_single_run_hourly_forecasts.csv,source_target_date_decision_rule_issue_time,2026-04-25,6h_prior,,,2026-04-22 06:00:00+00:00,2026-04-22 06:00:00+00:00,1,1,1,0,2026-04-25 14:00:00+08:00,2026-04-25 14:00:00+08:00,,1500.0,REJECTED,local_hour_count_1
data/interim/notebook02_sources/hourly_forecasts/01_19a_hko_ecmwf_single_run_hourly_forecasts.csv,source_target_date_decision_rule_issue_time,2026-04-25,12h_prior,,,2026-04-22 06:00:00+00:00,2026-04-22 06:00:00+00:00,1,1,1,0,2026-04-25 20:00:00+08:00,2026-04-25 20:00:00+08:00,,1500.0,REJECTED,local_hour_count_1
data/interim/notebook02_sources/hourly_forecasts/01_19a_hko_ecmwf_single_run_hourly_forecasts.csv,source_target_date_decision_rule_issue_time,2026-04-26,6h_prior,,,2026-04-22 06:00:00+00:00,2026-04-22 06:00:00+00:00,1,1,1,0,2026-04-26 14:00:00+08:00,2026-04-26 14:00:00+08:00,,1500.0,REJECTED,local_hour_count_1
data/interim/notebook02_sources/hourly_forecasts/01_19a_hko_ecmwf_single_run_hourly_forecasts.csv,source_target_date_decision_rule_issue_time,2026-04-26,12h_prior,,,2026-04-22 06:00:00+00:00,2026-04-22 06:00:00+00:00,1,1,1,0,2026-04-26 20:00:00+08:00,2026-04-26 20:00:00+08:00,,1500.0,REJECTED,local_hour_count_1
data/interim/notebook02_sources/hourly_forecasts/01_19a_hko_ecmwf_single_run_hourly_forecasts.csv,source_target_date_decision_rule_issue_time,2026-04-27,6h_prior,,,2026-04-22 06:00:00+00:00,2026-04-22 06:00:00+00:00,1,1,1,0,2026-04-27 14:00:00+08:00,2026-04-27 14:00:00+08:00,,1500.0,REJECTED,local_hour_count_1
data/interim/notebook02_sources/hourly_forecasts/01_19a_hko_ecmwf_single_run_hourly_forecasts.csv,source_target_date_decision_rule_issue_time,2026-04-27,12h_prior,,,2026-04-22 06:00:00+00:00,2026-04-22 06:00:00+00:00,1,1,1,0,2026-04-27 20:00:00+08:00,2026-04-27 20:00:00+08:00,,1500.0,REJECTED,local_hour_count_1
data/interim/notebook02_sources/hourly_forecasts/01_19a_hko_ecmwf_single_run_hourly_forecasts.csv,source_target_date_decision_rule_issue_time,2026-04-28,6h_prior,,,2026-04-22 06:00:00+00:00,2026-04-22 06:00:00+00:00,1,1,1,0,2026-04-28 14:00:00+08:00,2026-04-28 14:00:00+08:00,,1500.0,REJECTED,local_hour_count_1
data/interim/notebook02_sources/hourly_forecasts/01_19a_hko_ecmwf_single_run_hourly_forecasts.csv,source_target_date_decision_rule_issue_time,2026-04-28,12h_prior,,,2026-04-22 06:00:00+00:00,2026-04-22 06:00:00+00:00,1,1,1,0,2026-04-28 20:00:00+08:00,2026-04-28 20:00:00+08:00,,1500.0,REJECTED,local_hour_count_1
data/interim/notebook02_sources/hourly_forecasts/01_19a_hko_ecmwf_single_run_hourly_forecasts.csv,source_target_date_decision_rule_issue_time,2026-04-23,6h_prior,,,2026-04-22 18:00:00+00:00,2026-04-22 18:00:00+00:00,1,1,1,0,2026-04-23 14:00:00+08:00,2026-04-23 14:00:00+08:00,,1500.0,REJECTED,local_hour_count_1
data/interim/notebook02_sources/hourly_forecasts/01_19a_hko_ecmwf_single_run_hourly_forecasts.csv,source_target_date_decision_rule_issue_time,2026-04-23,12h_prior,,,2026-04-22 18:00:00+00:00,2026-04-22 18:00:00+00:00,1,1,1,0,2026-04-23 20:00:00+08:00,2026-04-23 20:00:00+08:00,,1500.0,REJECTED,local_hour_count_1
data/interim/notebook02_sources/hourly_forecasts/01_19a_hko_ecmwf_single_run_hourly_forecasts.csv,source_target_date_decision_rule_issue_time,2026-04-24,6h_prior,,,2026-04-22 18:00:00+00:00,2026-04-22 18:00:00+00:00,1,1,1,0,2026-04-24 14:00:00+08:00,2026-04-24 14:00:00+08:00,,1500.0,REJECTED,local_hour_count_1
data/interim/notebook02_sources/hourly_forecasts/01_19a_hko_ecmwf_single_run_hourly_forecasts.csv,source_target_date_decision_rule_issue_time,2026-04-24,12h_prior,,,2026-04-22 18:00:00+00:00,2026-04-22 18:00:00+00:00,1,1,1,0,2026-04-24 20:00:00+08:00,2026-04-24 20:00:00+08:00,,1500.0,REJECTED,local_hour_count_1
data/interim/notebook02_sources/hourly_forecasts/01_19a_hko_ecmwf_single_run_hourly_forecasts.csv,source_target_date_decision_rule_issue_time,2026-04-25,6h_prior,,,2026-04-22 18:00:00+00:00,2026-04-22 18:00:00+00:00,1,1,1,0,2026-04-25 14:00:00+08:00,2026-04-25 14:00:00+08:00,,1500.0,REJECTED,local_hour_count_1
data/interim/notebook02_sources/hourly_forecasts/01_19a_hko_ecmwf_single_run_hourly_forecasts.csv,source_target_date_decision_rule_issue_time,2026-04-25,12h_prior,,,2026-04-22 18:00:00+00:00,2026-04-22 18:00:00+00:00,1,1,1,0,2026-04-25 20:00:00+08:00,2026-04-25 20:00:00+08:00,,1500.0,REJECTED,local_hour_count_1
data/interim/notebook02_sources/hourly_forecasts/01_19a_hko_ecmwf_single_run_hourly_forecasts.csv,source_target_date_decision_rule_issue_time,2026-04-26,6h_prior,,,2026-04-22 18:00:00+00:00,2026-04-22 18:00:00+00:00,1,1,1,0,2026-04-26 14:00:00+08:00,2026-04-26 14:00:00+08:00,,1500.0,REJECTED,local_hour_count_1
data/interim/notebook02_sources/hourly_forecasts/01_19a_hko_ecmwf_single_run_hourly_forecasts.csv,source_target_date_decision_rule_issue_time,2026-04-26,12h_prior,,,2026-04-22 18:00:00+00:00,2026-04-22 18:00:00+00:00,1,1,1,0,2026-04-26 20:00:00+08:00,2026-04-26 20:00:00+08:00,,1500.0,REJECTED,local_hour_count_1
data/interim/notebook02_sources/hourly_forecasts/01_19a_hko_ecmwf_single_run_hourly_forecasts.csv,source_target_date_decision_rule_issue_time,2026-04-27,6h_prior,,,2026-04-22 18:00:00+00:00,2026-04-22 18:00:00+00:00,1,1,1,0,2026-04-27 14:00:00+08:00,2026-04-27 14:00:00+08:00,,1500.0,REJECTED,local_hour_count_1
data/interim/notebook02_sources/hourly_forecasts/01_19a_hko_ecmwf_single_run_hourly_forecasts.csv,source_target_date_decision_rule_issue_time,2026-04-27,12h_prior,,,2026-04-22 18:00:00+00:00,2026-04-22 18:00:00+00:00,1,1,1,0,2026-04-27 20:00:00+08:00,2026-04-27 20:00:00+08:00,,1500.0,REJECTED,local_hour_count_1
data/interim/notebook02_sources/hourly_forecasts/01_19a_hko_ecmwf_single_run_hourly_forecasts.csv,source_target_date_decision_rule_issue_time,2026-04-28,6h_prior,,,2026-04-22 18:00:00+00:00,2026-04-22 18:00:00+00:00,1,1,1,0,2026-04-28 14:00:00+08:00,2026-04-28 14:00:00+08:00,,1500.0,REJECTED,local_hour_count_1
data/interim/notebook02_sources/hourly_forecasts/01_19a_hko_ecmwf_single_run_hourly_forecasts.csv,source_target_date_decision_rule_issue_time,2026-04-28,12h_prior,,,2026-04-22 18:00:00+00:00,2026-04-22 18:00:00+00:00,1,1,1,0,2026-04-28 20:00:00+08:00,2026-04-28 20:00:00+08:00,,1500.0,REJECTED,local_hour_count_1
data/interim/notebook02_sources/hourly_forecasts/01_19a_hko_ecmwf_single_run_hourly_forecasts.csv,source_target_date_decision_rule_issue_time,2026-04-23,12h_prior,,,2026-04-23 00:00:00+00:00,2026-04-23 00:00:00+00:00,1,1,1,0,2026-04-23 20:00:00+08:00,2026-04-23 20:00:00+08:00,,1500.0,REJECTED,local_hour_count_1
data/interim/notebook02_sources/hourly_forecasts/01_19a_hko_ecmwf_single_run_hourly_forecasts.csv,source_target_date_decision_rule_issue_time,2026-04-24,6h_prior,,,2026-04-23 00:00:00+00:00,2026-04-23 00:00:00+00:00,1,1,1,0,2026-04-24 14:00:00+08:00,2026-04-24 14:00:00+08:00,,1500.0,REJECTED,local_hour_count_1
data/interim/notebook02_sources/hourly_forecasts/01_19a_hko_ecmwf_single_run_hourly_forecasts.csv,source_target_date_decision_rule_issue_time,2026-04-24,12h_prior,,,2026-04-23 00:00:00+00:00,2026-04-23 00:00:00+00:00,1,1,1,0,2026-04-24 20:00:00+08:00,2026-04-24 20:00:00+08:00,,1500.0,REJECTED,local_hour_count_1
data/interim/notebook02_sources/hourly_forecasts/01_19a_hko_ecmwf_single_run_hourly_forecasts.csv,source_target_date_decision_rule_issue_time,2026-04-25,6h_prior,,,2026-04-23 00:00:00+00:00,2026-04-23 00:00:00+00:00,1,1,1,0,2026-04-25 14:00:00+08:00,2026-04-25 14:00:00+08:00,,1500.0,REJECTED,local_hour_count_1
data/interim/notebook02_sources/hourly_forecasts/01_19a_hko_ecmwf_single_run_hourly_forecasts.csv,source_target_date_decision_rule_issue_time,2026-04-25,12h_prior,,,2026-04-23 00:00:00+00:00,2026-04-23 00:00:00+00:00,1,1,1,0,2026-04-25 20:00:00+08:00,2026-04-25 20:00:00+08:00,,1500.0,REJECTED,local_hour_count_1
data/interim/notebook02_sources/hourly_forecasts/01_19a_hko_ecmwf_single_run_hourly_forecasts.csv,source_target_date_decision_rule_issue_time,2026-04-26,6h_prior,,,2026-04-23 00:00:00+00:00,2026-04-23 00:00:00+00:00,1,1,1,0,2026-04-26 14:00:00+08:00,2026-04-26 14:00:00+08:00,,1500.0,REJECTED,local_hour_count_1
data/interim/notebook02_sources/hourly_forecasts/01_19a_hko_ecmwf_single_run_hourly_forecasts.csv,source_target_date_decision_rule_issue_time,2026-04-26,12h_prior,,,2026-04-23 00:00:00+00:00,2026-04-23 00:00:00+00:00,1,1,1,0,2026-04-26 20:00:00+08:00,2026-04-26 20:00:00+08:00,,1500.0,REJECTED,local_hour_count_1
data/interim/notebook02_sources/hourly_forecasts/01_19a_hko_ecmwf_single_run_hourly_forecasts.csv,source_target_date_decision_rule_issue_time,2026-04-27,6h_prior,,,2026-04-23 00:00:00+00:00,2026-04-23 00:00:00+00:00,1,1,1,0,2026-04-27 14:00:00+08:00,2026-04-27 14:00:00+08:00,,1500.0,REJECTED,local_hour_count_1
data/interim/notebook02_sources/hourly_forecasts/01_19a_hko_ecmwf_single_run_hourly_forecasts.csv,source_target_date_decision_rule_issue_time,2026-04-27,12h_prior,,,2026-04-23 00:00:00+00:00,2026-04-23 00:00:00+00:00,1,1,1,0,2026-04-27 20:00:00+08:00,2026-04-27 20:00:00+08:00,,1500.0,REJECTED,local_hour_count_1
data/interim/notebook02_sources/hourly_forecasts/01_19a_hko_ecmwf_single_run_hourly_forecasts.csv,source_target_date_decision_rule_issue_time,2026-04-28,6h_prior,,,2026-04-23 00:00:00+00:00,2026-04-23 00:00:00+00:00,1,1,1,0,2026-04-28 14:00:00+08:00,2026-04-28 14:00:00+08:00,,1500.0,REJECTED,local_hour_count_1
data/interim/notebook02_sources/hourly_forecasts/01_19a_hko_ecmwf_single_run_hourly_forecasts.csv,source_target_date_decision_rule_issue_time,2026-04-28,12h_prior,,,2026-04-23 00:00:00+00:00,2026-04-23 00:00:00+00:00,1,1,1,0,2026-04-28 20:00:00+08:00,2026-04-28 20:00:00+08:00,,1500.0,REJECTED,local_hour_count_1
data/interim/notebook02_sources/hourly_forecasts/01_19a_hko_ecmwf_single_run_hourly_forecasts.csv,source_target_date_decision_rule_issue_time,2026-04-29,6h_prior,,,2026-04-23 00:00:00+00:00,2026-04-23 00:00:00+00:00,1,1,1,0,2026-04-29 14:00:00+08:00,2026-04-29 14:00:00+08:00,,1500.0,REJECTED,local_hour_count_1
data/interim/notebook02_sources/hourly_forecasts/01_19a_hko_ecmwf_single_run_hourly_forecasts.csv,source_target_date_decision_rule_issue_time,2026-04-29,12h_prior,,,2026-04-23 00:00:00+00:00,2026-04-23 00:00:00+00:00,1,1,1,0,2026-04-29 20:00:00+08:00,2026-04-29 20:00:00+08:00,,1500.0,REJECTED,local_hour_count_1
data/interim/notebook02_sources/hourly_forecasts/01_19a_hko_ecmwf_single_run_hourly_forecasts.csv,source_target_date_decision_rule_issue_time,2026-04-30,6h_prior,,,2026-04-23 00:00:00+00:00,2026-04-23 00:00:00+00:00,1,1,1,0,2026-04-30 14:00:00+08:00,2026-04-30 14:00:00+08:00,,1500.0,REJECTED,local_hour_count_1
data/interim/notebook02_sources/hourly_forecasts/01_19a_hko_ecmwf_single_run_hourly_forecasts.csv,source_target_date_decision_rule_issue_time,2026-04-30,12h_prior,,,2026-04-23 00:00:00+00:00,2026-04-23 00:00:00+00:00,1,1,1,0,2026-04-30 20:00:00+08:00,2026-04-30 20:00:00+08:00,,1500.0,REJECTED,local_hour_count_1
data/interim/notebook02_sources/hourly_forecasts/01_19a_hko_ecmwf_single_run_hourly_forecasts.csv,source_target_date_decision_rule_issue_time,2026-05-01,6h_prior,,,2026-04-23 00:00:00+00:00,2026-04-23 00:00:00+00:00,1,1,1,0,2026-05-01 14:00:00+08:00,2026-05-01 14:00:00+08:00,,1500.0,REJECTED,local_hour_count_1
data/interim/notebook02_sources/hourly_forecasts/01_19a_hko_ecmwf_single_run_hourly_forecasts.csv,source_target_date_decision_rule_issue_time,2026-05-01,12h_prior,,,2026-04-23 00:00:00+00:00,2026-04-23 00:00:00+00:00,1,1,1,0,2026-05-01 20:00:00+08:00,2026-05-01 20:00:00+08:00,,1500.0,REJECTED,local_hour_count_1
data/interim/notebook02_sources/hourly_forecasts/01_19a_hko_ecmwf_single_run_hourly_forecasts.csv,source_target_date_decision_rule_issue_time,2026-05-02,6h_prior,,,2026-04-23 00:00:00+00:00,2026-04-23 00:00:00+00:00,1,1,1,0,2026-05-02 14:00:00+08:00,2026-05-02 14:00:00+08:00,,1500.0,REJECTED,local_hour_count_1
data/interim/notebook02_sources/hourly_forecasts/01_19a_hko_ecmwf_single_run_hourly_forecasts.csv,source_target_date_decision_rule_issue_time,2026-05-02,12h_prior,,,2026-04-23 00:00:00+00:00,2026-04-23 00:00:00+00:00,1,1,1,0,2026-05-02 20:00:00+08:00,2026-05-02 20:00:00+08:00,,1500.0,REJECTED,local_hour_count_1
data/interim/notebook02_sources/hourly_forecasts/01_19a_hko_ecmwf_single_run_hourly_forecasts.csv,source_target_date_decision_rule_issue_time,2026-05-03,6h_prior,,,2026-04-23 00:00:00+00:00,2026-04-23 00:00:00+00:00,1,1,1,0,2026-05-03 14:00:00+08:00,2026-05-03 14:00:00+08:00,,1500.0,REJECTED,local_hour_count_1
data/interim/notebook02_sources/hourly_forecasts/01_19a_hko_ecmwf_single_run_hourly_forecasts.csv,source_target_date_decision_rule_issue_time,2026-04-24,6h_prior,,,2026-04-23 06:00:00+00:00,2026-04-23 06:00:00+00:00,1,1,1,0,2026-04-24 14:00:00+08:00,2026-04-24 14:00:00+08:00,,1500.0,REJECTED,local_hour_count_1
data/interim/notebook02_sources/hourly_forecasts/01_19a_hko_ecmwf_single_run_hourly_forecasts.csv,source_target_date_decision_rule_issue_time,2026-04-24,12h_prior,,,2026-04-23 06:00:00+00:00,2026-04-23 06:00:00+00:00,1,1,1,0,2026-04-24 20:00:00+08:00,2026-04-24 20:00:00+08:00,,1500.0,REJECTED,local_hour_count_1
data/interim/notebook02_sources/hourly_forecasts/01_19a_hko_ecmwf_single_run_hourly_forecasts.csv,source_target_date_decision_rule_issue_time,2026-04-25,6h_prior,,,2026-04-23 06:00:00+00:00,2026-04-23 06:00:00+00:00,1,1,1,0,2026-04-25 14:00:00+08:00,2026-04-25 14:00:00+08:00,,1500.0,REJECTED,local_hour_count_1
data/interim/notebook02_sources/hourly_forecasts/01_19a_hko_ecmwf_single_run_hourly_forecasts.csv,source_target_date_decision_rule_issue_time,2026-04-25,12h_prior,,,2026-04-23 06:00:00+00:00,2026-04-23 06:00:00+00:00,1,1,1,0,2026-04-25 20:00:00+08:00,2026-04-25 20:00:00+08:00,,1500.0,REJECTED,local_hour_count_1
data/interim/notebook02_sources/hourly_forecasts/01_19a_hko_ecmwf_single_run_hourly_forecasts.csv,source_target_date_decision_rule_issue_time,2026-04-26,6h_prior,,,2026-04-23 06:00:00+00:00,2026-04-23 06:00:00+00:00,1,1,1,0,2026-04-26 14:00:00+08:00,2026-04-26 14:00:00+08:00,,1500.0,REJECTED,local_hour_count_1
data/interim/notebook02_sources/hourly_forecasts/01_19a_hko_ecmwf_single_run_hourly_forecasts.csv,source_target_date_decision_rule_issue_time,2026-04-26,12h_prior,,,2026-04-23 06:00:00+00:00,2026-04-23 06:00:00+00:00,1,1,1,0,2026-04-26 20:00:00+08:00,2026-04-26 20:00:00+08:00,,1500.0,REJECTED,local_hour_count_1
data/interim/notebook02_sources/hourly_forecasts/01_19a_hko_ecmwf_single_run_hourly_forecasts.csv,source_target_date_decision_rule_issue_time,2026-04-27,6h_prior,,,2026-04-23 06:00:00+00:00,2026-04-23 06:00:00+00:00,1,1,1,0,2026-04-27 14:00:00+08:00,2026-04-27 14:00:00+08:00,,1500.0,REJECTED,local_hour_count_1
data/interim/notebook02_sources/hourly_forecasts/01_19a_hko_ecmwf_single_run_hourly_forecasts.csv,source_target_date_decision_rule_issue_time,2026-04-27,12h_prior,,,2026-04-23 06:00:00+00:00,2026-04-23 06:00:00+00:00,1,1,1,0,2026-04-27 20:00:00+08:00,2026-04-27 20:00:00+08:00,,1500.0,REJECTED,local_hour_count_1
data/interim/notebook02_sources/hourly_forecasts/01_19a_hko_ecmwf_single_run_hourly_forecasts.csv,source_target_date_decision_rule_issue_time,2026-04-28,6h_prior,,,2026-04-23 06:00:00+00:00,2026-04-23 06:00:00+00:00,1,1,1,0,2026-04-28 14:00:00+08:00,2026-04-28 14:00:00+08:00,,1500.0,REJECTED,local_hour_count_1
data/interim/notebook02_sources/hourly_forecasts/01_19a_hko_ecmwf_single_run_hourly_forecasts.csv,source_target_date_decision_rule_issue_time,2026-04-28,12h_prior,,,2026-04-23 06:00:00+00:00,2026-04-23 06:00:00+00:00,1,1,1,0,2026-04-28 20:00:00+08:00,2026-04-28 20:00:00+08:00,,1500.0,REJECTED,local_hour_count_1
data/interim/notebook02_sources/hourly_forecasts/01_19a_hko_ecmwf_single_run_hourly_forecasts.csv,source_target_date_decision_rule_issue_time,2026-04-29,6h_prior,,,2026-04-23 06:00:00+00:00,2026-04-23 06:00:00+00:00,1,1,1,0,2026-04-29 14:00:00+08:00,2026-04-29 14:00:00+08:00,,1500.0,REJECTED,local_hour_count_1
data/interim/notebook02_sources/hourly_forecasts/01_19a_hko_ecmwf_single_run_hourly_forecasts.csv,source_target_date_decision_rule_issue_time,2026-04-29,12h_prior,,,2026-04-23 06:00:00+00:00,2026-04-23 06:00:00+00:00,1,1,1,0,2026-04-29 20:00:00+08:00,2026-04-29 20:00:00+08:00,,1500.0,REJECTED,local_hour_count_1
data/interim/notebook02_sources/hourly_forecasts/01_19a_hko_ecmwf_single_run_hourly_forecasts.csv,source_target_date_decision_rule_issue_time,2026-04-24,6h_prior,,,2026-04-23 18:00:00+00:00,2026-04-23 18:00:00+00:00,1,1,1,0,2026-04-24 14:00:00+08:00,2026-04-24 14:00:00+08:00,,1500.0,REJECTED,local_hour_count_1
data/interim/notebook02_sources/hourly_forecasts/01_19a_hko_ecmwf_single_run_hourly_forecasts.csv,source_target_date_decision_rule_issue_time,2026-04-24,12h_prior,,,2026-04-23 18:00:00+00:00,2026-04-23 18:00:00+00:00,1,1,1,0,2026-04-24 20:00:00+08:00,2026-04-24 20:00:00+08:00,,1500.0,REJECTED,local_hour_count_1
data/interim/notebook02_sources/hourly_forecasts/01_19a_hko_ecmwf_single_run_hourly_forecasts.csv,source_target_date_decision_rule_issue_time,2026-04-25,6h_prior,,,2026-04-23 18:00:00+00:00,2026-04-23 18:00:00+00:00,1,1,1,0,2026-04-25 14:00:00+08:00,2026-04-25 14:00:00+08:00,,1500.0,REJECTED,local_hour_count_1
data/interim/notebook02_sources/hourly_forecasts/01_19a_hko_ecmwf_single_run_hourly_forecasts.csv,source_target_date_decision_rule_issue_time,2026-04-25,12h_prior,,,2026-04-23 18:00:00+00:00,2026-04-23 18:00:00+00:00,1,1,1,0,2026-04-25 20:00:00+08:00,2026-04-25 20:00:00+08:00,,1500.0,REJECTED,local_hour_count_1
data/interim/notebook02_sources/hourly_forecasts/01_19a_hko_ecmwf_single_run_hourly_forecasts.csv,source_target_date_decision_rule_issue_time,2026-04-26,6h_prior,,,2026-04-23 18:00:00+00:00,2026-04-23 18:00:00+00:00,1,1,1,0,2026-04-26 14:00:00+08:00,2026-04-26 14:00:00+08:00,,1500.0,REJECTED,local_hour_count_1
data/interim/notebook02_sources/hourly_forecasts/01_19a_hko_ecmwf_single_run_hourly_forecasts.csv,source_target_date_decision_rule_issue_time,2026-04-26,12h_prior,,,2026-04-23 18:00:00+00:00,2026-04-23 18:00:00+00:00,1,1,1,0,2026-04-26 20:00:00+08:00,2026-04-26 20:00:00+08:00,,1500.0,REJECTED,local_hour_count_1
data/interim/notebook02_sources/hourly_forecasts/01_19a_hko_ecmwf_single_run_hourly_forecasts.csv,source_target_date_decision_rule_issue_time,2026-04-27,6h_prior,,,2026-04-23 18:00:00+00:00,2026-04-23 18:00:00+00:00,1,1,1,0,2026-04-27 14:00:00+08:00,2026-04-27 14:00:00+08:00,,1500.0,REJECTED,local_hour_count_1
data/interim/notebook02_sources/hourly_forecasts/01_19a_hko_ecmwf_single_run_hourly_forecasts.csv,source_target_date_decision_rule_issue_time,2026-04-27,12h_prior,,,2026-04-23 18:00:00+00:00,2026-04-23 18:00:00+00:00,1,1,1,0,2026-04-27 20:00:00+08:00,2026-04-27 20:00:00+08:00,,1500.0,REJECTED,local_hour_count_1
data/interim/notebook02_sources/hourly_forecasts/01_19a_hko_ecmwf_single_run_hourly_forecasts.csv,source_target_date_decision_rule_issue_time,2026-04-28,6h_prior,,,2026-04-23 18:00:00+00:00,2026-04-23 18:00:00+00:00,1,1,1,0,2026-04-28 14:00:00+08:00,2026-04-28 14:00:00+08:00,,1500.0,REJECTED,local_hour_count_1
data/interim/notebook02_sources/hourly_forecasts/01_19a_hko_ecmwf_single_run_hourly_forecasts.csv,source_target_date_decision_rule_issue_time,2026-04-28,12h_prior,,,2026-04-23 18:00:00+00:00,2026-04-23 18:00:00+00:00,1,1,1,0,2026-04-28 20:00:00+08:00,2026-04-28 20:00:00+08:00,,1500.0,REJECTED,local_hour_count_1
data/interim/notebook02_sources/hourly_forecasts/01_19a_hko_ecmwf_single_run_hourly_forecasts.csv,source_target_date_decision_rule_issue_time,2026-04-29,6h_prior,,,2026-04-23 18:00:00+00:00,2026-04-23 18:00:00+00:00,1,1,1,0,2026-04-29 14:00:00+08:00,2026-04-29 14:00:00+08:00,,1500.0,REJECTED,local_hour_count_1
data/interim/notebook02_sources/hourly_forecasts/01_19a_hko_ecmwf_single_run_hourly_forecasts.csv,source_target_date_decision_rule_issue_time,2026-04-29,12h_prior,,,2026-04-23 18:00:00+00:00,2026-04-23 18:00:00+00:00,1,1,1,0,2026-04-29 20:00:00+08:00,2026-04-29 20:00:00+08:00,,1500.0,REJECTED,local_hour_count_1
data/interim/notebook02_sources/hourly_forecasts/01_19a_hko_ecmwf_single_run_hourly_forecasts.csv,source_target_date_decision_rule_issue_time,2026-04-24,12h_prior,,,2026-04-24 00:00:00+00:00,2026-04-24 00:00:00+00:00,1,1,1,0,2026-04-24 20:00:00+08:00,2026-04-24 20:00:00+08:00,,1500.0,REJECTED,local_hour_count_1
data/interim/notebook02_sources/hourly_forecasts/01_19a_hko_ecmwf_single_run_hourly_forecasts.csv,source_target_date_decision_rule_issue_time,2026-04-25,6h_prior,,,2026-04-24 00:00:00+00:00,2026-04-24 00:00:00+00:00,1,1,1,0,2026-04-25 14:00:00+08:00,2026-04-25 14:00:00+08:00,,1500.0,REJECTED,local_hour_count_1
data/interim/notebook02_sources/hourly_forecasts/01_19a_hko_ecmwf_single_run_hourly_forecasts.csv,source_target_date_decision_rule_issue_time,2026-04-25,12h_prior,,,2026-04-24 00:00:00+00:00,2026-04-24 00:00:00+00:00,1,1,1,0,2026-04-25 20:00:00+08:00,2026-04-25 20:00:00+08:00,,1500.0,REJECTED,local_hour_count_1
data/interim/notebook02_sources/hourly_forecasts/01_19a_hko_ecmwf_single_run_hourly_forecasts.csv,source_target_date_decision_rule_issue_time,2026-04-26,6h_prior,,,2026-04-24 00:00:00+00:00,2026-04-24 00:00:00+00:00,1,1,1,0,2026-04-26 14:00:00+08:00,2026-04-26 14:00:00+08:00,,1500.0,REJECTED,local_hour_count_1
data/interim/notebook02_sources/hourly_forecasts/01_19a_hko_ecmwf_single_run_hourly_forecasts.csv,source_target_date_decision_rule_issue_time,2026-04-26,12h_prior,,,2026-04-24 00:00:00+00:00,2026-04-24 00:00:00+00:00,1,1,1,0,2026-04-26 20:00:00+08:00,2026-04-26 20:00:00+08:00,,1500.0,REJECTED,local_hour_count_1
data/interim/notebook02_sources/hourly_forecasts/01_19a_hko_ecmwf_single_run_hourly_forecasts.csv,source_target_date_decision_rule_issue_time,2026-04-27,6h_prior,,,2026-04-24 00:00:00+00:00,2026-04-24 00:00:00+00:00,1,1,1,0,2026-04-27 14:00:00+08:00,2026-04-27 14:00:00+08:00,,1500.0,REJECTED,local_hour_count_1
data/interim/notebook02_sources/hourly_forecasts/01_19a_hko_ecmwf_single_run_hourly_forecasts.csv,source_target_date_decision_rule_issue_time,2026-04-27,12h_prior,,,2026-04-24 00:00:00+00:00,2026-04-24 00:00:00+00:00,1,1,1,0,2026-04-27 20:00:00+08:00,2026-04-27 20:00:00+08:00,,1500.0,REJECTED,local_hour_count_1
data/interim/notebook02_sources/hourly_forecasts/01_19a_hko_ecmwf_single_run_hourly_forecasts.csv,source_target_date_decision_rule_issue_time,2026-04-28,6h_prior,,,2026-04-24 00:00:00+00:00,2026-04-24 00:00:00+00:00,1,1,1,0,2026-04-28 14:00:00+08:00,2026-04-28 14:00:00+08:00,,1500.0,REJECTED,local_hour_count_1
data/interim/notebook02_sources/hourly_forecasts/01_19a_hko_ecmwf_single_run_hourly_forecasts.csv,source_target_date_decision_rule_issue_time,2026-04-28,12h_prior,,,2026-04-24 00:00:00+00:00,2026-04-24 00:00:00+00:00,1,1,1,0,2026-04-28 20:00:00+08:00,2026-04-28 20:00:00+08:00,,1500.0,REJECTED,local_hour_count_1
data/interim/notebook02_sources/hourly_forecasts/01_19a_hko_ecmwf_single_run_hourly_forecasts.csv,source_target_date_decision_rule_issue_time,2026-04-29,6h_prior,,,2026-04-24 00:00:00+00:00,2026-04-24 00:00:00+00:00,1,1,1,0,2026-04-29 14:00:00+08:00,2026-04-29 14:00:00+08:00,,1500.0,REJECTED,local_hour_count_1
data/interim/notebook02_sources/hourly_forecasts/01_19a_hko_ecmwf_single_run_hourly_forecasts.csv,source_target_date_decision_rule_issue_time,2026-04-29,12h_prior,,,2026-04-24 00:00:00+00:00,2026-04-24 00:00:00+00:00,1,1,1,0,2026-04-29 20:00:00+08:00,2026-04-29 20:00:00+08:00,,1500.0,REJECTED,local_hour_count_1
data/interim/notebook02_sources/hourly_forecasts/01_19a_hko_ecmwf_single_run_hourly_forecasts.csv,source_target_date_decision_rule_issue_time,2026-04-30,6h_prior,,,2026-04-24 00:00:00+00:00,2026-04-24 00:00:00+00:00,1,1,1,0,2026-04-30 14:00:00+08:00,2026-04-30 14:00:00+08:00,,1500.0,REJECTED,local_hour_count_1
data/interim/notebook02_sources/hourly_forecasts/01_19a_hko_ecmwf_single_run_hourly_forecasts.csv,source_target_date_decision_rule_issue_time,2026-04-30,12h_prior,,,2026-04-24 00:00:00+00:00,2026-04-24 00:00:00+00:00,1,1,1,0,2026-04-30 20:00:00+08:00,2026-04-30 20:00:00+08:00,,1500.0,REJECTED,local_hour_count_1
data/interim/notebook02_sources/hourly_forecasts/01_19a_hko_ecmwf_single_run_hourly_forecasts.csv,source_target_date_decision_rule_issue_time,2026-05-01,6h_prior,,,2026-04-24 00:00:00+00:00,2026-04-24 00:00:00+00:00,1,1,1,0,2026-05-01 14:00:00+08:00,2026-05-01 14:00:00+08:00,,1500.0,REJECTED,local_hour_count_1
data/interim/notebook02_sources/hourly_forecasts/01_19a_hko_ecmwf_single_run_hourly_forecasts.csv,source_target_date_decision_rule_issue_time,2026-05-01,12h_prior,,,2026-04-24 00:00:00+00:00,2026-04-24 00:00:00+00:00,1,1,1,0,2026-05-01 20:00:00+08:00,2026-05-01 20:00:00+08:00,,1500.0,REJECTED,local_hour_count_1
data/interim/notebook02_sources/hourly_forecasts/01_19a_hko_ecmwf_single_run_hourly_forecasts.csv,source_target_date_decision_rule_issue_time,2026-05-02,6h_prior,,,2026-04-24 00:00:00+00:00,2026-04-24 00:00:00+00:00,1,1,1,0,2026-05-02 14:00:00+08:00,2026-05-02 14:00:00+08:00,,1500.0,REJECTED,local_hour_count_1
data/interim/notebook02_sources/hourly_forecasts/01_19a_hko_ecmwf_single_run_hourly_forecasts.csv,source_target_date_decision_rule_issue_time,2026-05-02,12h_prior,,,2026-04-24 00:00:00+00:00,2026-04-24 00:00:00+00:00,1,1,1,0,2026-05-02 20:00:00+08:00,2026-05-02 20:00:00+08:00,,1500.0,REJECTED,local_hour_count_1
data/interim/notebook02_sources/hourly_forecasts/01_19a_hko_ecmwf_single_run_hourly_forecasts.csv,source_target_date_decision_rule_issue_time,2026-05-03,6h_prior,,,2026-04-24 00:00:00+00:00,2026-04-24 00:00:00+00:00,1,1,1,0,2026-05-03 14:00:00+08:00,2026-05-03 14:00:00+08:00,,1500.0,REJECTED,local_hour_count_1
data/interim/notebook02_sources/hourly_forecasts/01_19a_hko_ecmwf_single_run_hourly_forecasts.csv,source_target_date_decision_rule_issue_time,2026-05-03,12h_prior,,,2026-04-24 00:00:00+00:00,2026-04-24 00:00:00+00:00,1,1,1,0,2026-05-03 20:00:00+08:00,2026-05-03 20:00:00+08:00,,1500.0,REJECTED,local_hour_count_1
data/interim/notebook02_sources/hourly_forecasts/01_19a_hko_ecmwf_single_run_hourly_forecasts.csv,source_target_date_decision_rule_issue_time,2026-05-04,6h_prior,,,2026-04-24 00:00:00+00:00,2026-04-24 00:00:00+00:00,1,1,1,0,2026-05-04 14:00:00+08:00,2026-05-04 14:00:00+08:00,,1500.0,REJECTED,local_hour_count_1
data/interim/notebook02_sources/hourly_forecasts/01_19a_hko_ecmwf_single_run_hourly_forecasts.csv,source_target_date_decision_rule_issue_time,2026-04-25,6h_prior,,,2026-04-24 06:00:00+00:00,2026-04-24 06:00:00+00:00,1,1,1,0,2026-04-25 14:00:00+08:00,2026-04-25 14:00:00+08:00,,1500.0,REJECTED,local_hour_count_1
data/interim/notebook02_sources/hourly_forecasts/01_19a_hko_ecmwf_single_run_hourly_forecasts.csv,source_target_date_decision_rule_issue_time,2026-04-25,12h_prior,,,2026-04-24 06:00:00+00:00,2026-04-24 06:00:00+00:00,1,1,1,0,2026-04-25 20:00:00+08:00,2026-04-25 20:00:00+08:00,,1500.0,REJECTED,local_hour_count_1
data/interim/notebook02_sources/hourly_forecasts/01_19a_hko_ecmwf_single_run_hourly_forecasts.csv,source_target_date_decision_rule_issue_time,2026-04-26,6h_prior,,,2026-04-24 06:00:00+00:00,2026-04-24 06:00:00+00:00,1,1,1,0,2026-04-26 14:00:00+08:00,2026-04-26 14:00:00+08:00,,1500.0,REJECTED,local_hour_count_1
data/interim/notebook02_sources/hourly_forecasts/01_19a_hko_ecmwf_single_run_hourly_forecasts.csv,source_target_date_decision_rule_issue_time,2026-04-26,12h_prior,,,2026-04-24 06:00:00+00:00,2026-04-24 06:00:00+00:00,1,1,1,0,2026-04-26 20:00:00+08:00,2026-04-26 20:00:00+08:00,,1500.0,REJECTED,local_hour_count_1
data/interim/notebook02_sources/hourly_forecasts/01_19a_hko_ecmwf_single_run_hourly_forecasts.csv,source_target_date_decision_rule_issue_time,2026-04-27,6h_prior,,,2026-04-24 06:00:00+00:00,2026-04-24 06:00:00+00:00,1,1,1,0,2026-04-27 14:00:00+08:00,2026-04-27 14:00:00+08:00,,1500.0,REJECTED,local_hour_count_1
data/interim/notebook02_sources/hourly_forecasts/01_19a_hko_ecmwf_single_run_hourly_forecasts.csv,source_target_date_decision_rule_issue_time,2026-04-27,12h_prior,,,2026-04-24 06:00:00+00:00,2026-04-24 06:00:00+00:00,1,1,1,0,2026-04-27 20:00:00+08:00,2026-04-27 20:00:00+08:00,,1500.0,REJECTED,local_hour_count_1
data/interim/notebook02_sources/hourly_forecasts/01_19a_hko_ecmwf_single_run_hourly_forecasts.csv,source_target_date_decision_rule_issue_time,2026-04-28,6h_prior,,,2026-04-24 06:00:00+00:00,2026-04-24 06:00:00+00:00,1,1,1,0,2026-04-28 14:00:00+08:00,2026-04-28 14:00:00+08:00,,1500.0,REJECTED,local_hour_count_1
data/interim/notebook02_sources/hourly_forecasts/01_19a_hko_ecmwf_single_run_hourly_forecasts.csv,source_target_date_decision_rule_issue_time,2026-04-28,12h_prior,,,2026-04-24 06:00:00+00:00,2026-04-24 06:00:00+00:00,1,1,1,0,2026-04-28 20:00:00+08:00,2026-04-28 20:00:00+08:00,,1500.0,REJECTED,local_hour_count_1
data/interim/notebook02_sources/hourly_forecasts/01_19a_hko_ecmwf_single_run_hourly_forecasts.csv,source_target_date_decision_rule_issue_time,2026-04-29,6h_prior,,,2026-04-24 06:00:00+00:00,2026-04-24 06:00:00+00:00,1,1,1,0,2026-04-29 14:00:00+08:00,2026-04-29 14:00:00+08:00,,1500.0,REJECTED,local_hour_count_1
data/interim/notebook02_sources/hourly_forecasts/01_19a_hko_ecmwf_single_run_hourly_forecasts.csv,source_target_date_decision_rule_issue_time,2026-04-29,12h_prior,,,2026-04-24 06:00:00+00:00,2026-04-24 06:00:00+00:00,1,1,1,0,2026-04-29 20:00:00+08:00,2026-04-29 20:00:00+08:00,,1500.0,REJECTED,local_hour_count_1
data/interim/notebook02_sources/hourly_forecasts/01_19a_hko_ecmwf_single_run_hourly_forecasts.csv,source_target_date_decision_rule_issue_time,2026-04-30,6h_prior,,,2026-04-24 06:00:00+00:00,2026-04-24 06:00:00+00:00,1,1,1,0,2026-04-30 14:00:00+08:00,2026-04-30 14:00:00+08:00,,1500.0,REJECTED,local_hour_count_1
data/interim/notebook02_sources/hourly_forecasts/01_19a_hko_ecmwf_single_run_hourly_forecasts.csv,source_target_date_decision_rule_issue_time,2026-04-30,12h_prior,,,2026-04-24 06:00:00+00:00,2026-04-24 06:00:00+00:00,1,1,1,0,2026-04-30 20:00:00+08:00,2026-04-30 20:00:00+08:00,,1500.0,REJECTED,local_hour_count_1
data/interim/notebook02_sources/hourly_forecasts/01_19a_hko_ecmwf_single_run_hourly_forecasts.csv,source_target_date_decision_rule_issue_time,2026-04-25,6h_prior,,,2026-04-24 18:00:00+00:00,2026-04-24 18:00:00+00:00,1,1,1,0,2026-04-25 14:00:00+08:00,2026-04-25 14:00:00+08:00,,1500.0,REJECTED,local_hour_count_1
data/interim/notebook02_sources/hourly_forecasts/01_19a_hko_ecmwf_single_run_hourly_forecasts.csv,source_target_date_decision_rule_issue_time,2026-04-25,12h_prior,,,2026-04-24 18:00:00+00:00,2026-04-24 18:00:00+00:00,1,1,1,0,2026-04-25 20:00:00+08:00,2026-04-25 20:00:00+08:00,,1500.0,REJECTED,local_hour_count_1
data/interim/notebook02_sources/hourly_forecasts/01_19a_hko_ecmwf_single_run_hourly_forecasts.csv,source_target_date_decision_rule_issue_time,2026-04-26,6h_prior,,,2026-04-24 18:00:00+00:00,2026-04-24 18:00:00+00:00,1,1,1,0,2026-04-26 14:00:00+08:00,2026-04-26 14:00:00+08:00,,1500.0,REJECTED,local_hour_count_1
data/interim/notebook02_sources/hourly_forecasts/01_19a_hko_ecmwf_single_run_hourly_forecasts.csv,source_target_date_decision_rule_issue_time,2026-04-26,12h_prior,,,2026-04-24 18:00:00+00:00,2026-04-24 18:00:00+00:00,1,1,1,0,2026-04-26 20:00:00+08:00,2026-04-26 20:00:00+08:00,,1500.0,REJECTED,local_hour_count_1
data/interim/notebook02_sources/hourly_forecasts/01_19a_hko_ecmwf_single_run_hourly_forecasts.csv,source_target_date_decision_rule_issue_time,2026-04-27,6h_prior,,,2026-04-24 18:00:00+00:00,2026-04-24 18:00:00+00:00,1,1,1,0,2026-04-27 14:00:00+08:00,2026-04-27 14:00:00+08:00,,1500.0,REJECTED,local_hour_count_1
data/interim/notebook02_sources/hourly_forecasts/01_19a_hko_ecmwf_single_run_hourly_forecasts.csv,source_target_date_decision_rule_issue_time,2026-04-27,12h_prior,,,2026-04-24 18:00:00+00:00,2026-04-24 18:00:00+00:00,1,1,1,0,2026-04-27 20:00:00+08:00,2026-04-27 20:00:00+08:00,,1500.0,REJECTED,local_hour_count_1
data/interim/notebook02_sources/hourly_forecasts/01_19a_hko_ecmwf_single_run_hourly_forecasts.csv,source_target_date_decision_rule_issue_time,2026-04-28,6h_prior,,,2026-04-24 18:00:00+00:00,2026-04-24 18:00:00+00:00,1,1,1,0,2026-04-28 14:00:00+08:00,2026-04-28 14:00:00+08:00,,1500.0,REJECTED,local_hour_count_1
data/interim/notebook02_sources/hourly_forecasts/01_19a_hko_ecmwf_single_run_hourly_forecasts.csv,source_target_date_decision_rule_issue_time,2026-04-28,12h_prior,,,2026-04-24 18:00:00+00:00,2026-04-24 18:00:00+00:00,1,1,1,0,2026-04-28 20:00:00+08:00,2026-04-28 20:00:00+08:00,,1500.0,REJECTED,local_hour_count_1
data/interim/notebook02_sources/hourly_forecasts/01_19a_hko_ecmwf_single_run_hourly_forecasts.csv,source_target_date_decision_rule_issue_time,2026-04-29,6h_prior,,,2026-04-24 18:00:00+00:00,2026-04-24 18:00:00+00:00,1,1,1,0,2026-04-29 14:00:00+08:00,2026-04-29 14:00:00+08:00,,1500.0,REJECTED,local_hour_count_1
data/interim/notebook02_sources/hourly_forecasts/01_19a_hko_ecmwf_single_run_hourly_forecasts.csv,source_target_date_decision_rule_issue_time,2026-04-29,12h_prior,,,2026-04-24 18:00:00+00:00,2026-04-24 18:00:00+00:00,1,1,1,0,2026-04-29 20:00:00+08:00,2026-04-29 20:00:00+08:00,,1500.0,REJECTED,local_hour_count_1
data/interim/notebook02_sources/hourly_forecasts/01_19a_hko_ecmwf_single_run_hourly_forecasts.csv,source_target_date_decision_rule_issue_time,2026-04-30,6h_prior,,,2026-04-24 18:00:00+00:00,2026-04-24 18:00:00+00:00,1,1,1,0,2026-04-30 14:00:00+08:00,2026-04-30 14:00:00+08:00,,1500.0,REJECTED,local_hour_count_1
data/interim/notebook02_sources/hourly_forecasts/01_19a_hko_ecmwf_single_run_hourly_forecasts.csv,source_target_date_decision_rule_issue_time,2026-04-30,12h_prior,,,2026-04-24 18:00:00+00:00,2026-04-24 18:00:00+00:00,1,1,1,0,2026-04-30 20:00:00+08:00,2026-04-30 20:00:00+08:00,,1500.0,REJECTED,local_hour_count_1
data/interim/notebook02_sources/hourly_forecasts/01_19a_hko_ecmwf_single_run_hourly_forecasts.csv,source_target_date_decision_rule_issue_time,2026-04-25,12h_prior,,,2026-04-25 00:00:00+00:00,2026-04-25 00:00:00+00:00,1,1,1,0,2026-04-25 20:00:00+08:00,2026-04-25 20:00:00+08:00,,1500.0,REJECTED,local_hour_count_1
data/interim/notebook02_sources/hourly_forecasts/01_19a_hko_ecmwf_single_run_hourly_forecasts.csv,source_target_date_decision_rule_issue_time,2026-04-26,6h_prior,,,2026-04-25 00:00:00+00:00,2026-04-25 00:00:00+00:00,1,1,1,0,2026-04-26 14:00:00+08:00,2026-04-26 14:00:00+08:00,,1500.0,REJECTED,local_hour_count_1
data/interim/notebook02_sources/hourly_forecasts/01_19a_hko_ecmwf_single_run_hourly_forecasts.csv,source_target_date_decision_rule_issue_time,2026-04-26,12h_prior,,,2026-04-25 00:00:00+00:00,2026-04-25 00:00:00+00:00,1,1,1,0,2026-04-26 20:00:00+08:00,2026-04-26 20:00:00+08:00,,1500.0,REJECTED,local_hour_count_1
data/interim/notebook02_sources/hourly_forecasts/01_19a_hko_ecmwf_single_run_hourly_forecasts.csv,source_target_date_decision_rule_issue_time,2026-04-27,6h_prior,,,2026-04-25 00:00:00+00:00,2026-04-25 00:00:00+00:00,1,1,1,0,2026-04-27 14:00:00+08:00,2026-04-27 14:00:00+08:00,,1500.0,REJECTED,local_hour_count_1
data/interim/notebook02_sources/hourly_forecasts/01_19a_hko_ecmwf_single_run_hourly_forecasts.csv,source_target_date_decision_rule_issue_time,2026-04-27,12h_prior,,,2026-04-25 00:00:00+00:00,2026-04-25 00:00:00+00:00,1,1,1,0,2026-04-27 20:00:00+08:00,2026-04-27 20:00:00+08:00,,1500.0,REJECTED,local_hour_count_1
data/interim/notebook02_sources/hourly_forecasts/01_19a_hko_ecmwf_single_run_hourly_forecasts.csv,source_target_date_decision_rule_issue_time,2026-04-28,6h_prior,,,2026-04-25 00:00:00+00:00,2026-04-25 00:00:00+00:00,1,1,1,0,2026-04-28 14:00:00+08:00,2026-04-28 14:00:00+08:00,,1500.0,REJECTED,local_hour_count_1
data/interim/notebook02_sources/hourly_forecasts/01_19a_hko_ecmwf_single_run_hourly_forecasts.csv,source_target_date_decision_rule_issue_time,2026-04-28,12h_prior,,,2026-04-25 00:00:00+00:00,2026-04-25 00:00:00+00:00,1,1,1,0,2026-04-28 20:00:00+08:00,2026-04-28 20:00:00+08:00,,1500.0,REJECTED,local_hour_count_1
data/interim/notebook02_sources/hourly_forecasts/01_19a_hko_ecmwf_single_run_hourly_forecasts.csv,source_target_date_decision_rule_issue_time,2026-04-29,6h_prior,,,2026-04-25 00:00:00+00:00,2026-04-25 00:00:00+00:00,1,1,1,0,2026-04-29 14:00:00+08:00,2026-04-29 14:00:00+08:00,,1500.0,REJECTED,local_hour_count_1
data/interim/notebook02_sources/hourly_forecasts/01_19a_hko_ecmwf_single_run_hourly_forecasts.csv,source_target_date_decision_rule_issue_time,2026-04-29,12h_prior,,,2026-04-25 00:00:00+00:00,2026-04-25 00:00:00+00:00,1,1,1,0,2026-04-29 20:00:00+08:00,2026-04-29 20:00:00+08:00,,1500.0,REJECTED,local_hour_count_1
data/interim/notebook02_sources/hourly_forecasts/01_19a_hko_ecmwf_single_run_hourly_forecasts.csv,source_target_date_decision_rule_issue_time,2026-04-30,6h_prior,,,2026-04-25 00:00:00+00:00,2026-04-25 00:00:00+00:00,1,1,1,0,2026-04-30 14:00:00+08:00,2026-04-30 14:00:00+08:00,,1500.0,REJECTED,local_hour_count_1
data/interim/notebook02_sources/hourly_forecasts/01_19a_hko_ecmwf_single_run_hourly_forecasts.csv,source_target_date_decision_rule_issue_time,2026-04-30,12h_prior,,,2026-04-25 00:00:00+00:00,2026-04-25 00:00:00+00:00,1,1,1,0,2026-04-30 20:00:00+08:00,2026-04-30 20:00:00+08:00,,1500.0,REJECTED,local_hour_count_1
data/interim/notebook02_sources/hourly_forecasts/01_19a_hko_ecmwf_single_run_hourly_forecasts.csv,source_target_date_decision_rule_issue_time,2026-05-01,6h_prior,,,2026-04-25 00:00:00+00:00,2026-04-25 00:00:00+00:00,1,1,1,0,2026-05-01 14:00:00+08:00,2026-05-01 14:00:00+08:00,,1500.0,REJECTED,local_hour_count_1
data/interim/notebook02_sources/hourly_forecasts/01_19a_hko_ecmwf_single_run_hourly_forecasts.csv,source_target_date_decision_rule_issue_time,2026-05-01,12h_prior,,,2026-04-25 00:00:00+00:00,2026-04-25 00:00:00+00:00,1,1,1,0,2026-05-01 20:00:00+08:00,2026-05-01 20:00:00+08:00,,1500.0,REJECTED,local_hour_count_1
data/interim/notebook02_sources/hourly_forecasts/01_19a_hko_ecmwf_single_run_hourly_forecasts.csv,source_target_date_decision_rule_issue_time,2026-05-02,6h_prior,,,2026-04-25 00:00:00+00:00,2026-04-25 00:00:00+00:00,1,1,1,0,2026-05-02 14:00:00+08:00,2026-05-02 14:00:00+08:00,,1500.0,REJECTED,local_hour_count_1
data/interim/notebook02_sources/hourly_forecasts/01_19a_hko_ecmwf_single_run_hourly_forecasts.csv,source_target_date_decision_rule_issue_time,2026-05-02,12h_prior,,,2026-04-25 00:00:00+00:00,2026-04-25 00:00:00+00:00,1,1,1,0,2026-05-02 20:00:00+08:00,2026-05-02 20:00:00+08:00,,1500.0,REJECTED,local_hour_count_1
data/interim/notebook02_sources/hourly_forecasts/01_19a_hko_ecmwf_single_run_hourly_forecasts.csv,source_target_date_decision_rule_issue_time,2026-05-03,6h_prior,,,2026-04-25 00:00:00+00:00,2026-04-25 00:00:00+00:00,1,1,1,0,2026-05-03 14:00:00+08:00,2026-05-03 14:00:00+08:00,,1500.0,REJECTED,local_hour_count_1
data/interim/notebook02_sources/hourly_forecasts/01_19a_hko_ecmwf_single_run_hourly_forecasts.csv,source_target_date_decision_rule_issue_time,2026-05-03,12h_prior,,,2026-04-25 00:00:00+00:00,2026-04-25 00:00:00+00:00,1,1,1,0,2026-05-03 20:00:00+08:00,2026-05-03 20:00:00+08:00,,1500.0,REJECTED,local_hour_count_1
data/interim/notebook02_sources/hourly_forecasts/01_19a_hko_ecmwf_single_run_hourly_forecasts.csv,source_target_date_decision_rule_issue_time,2026-05-04,6h_prior,,,2026-04-25 00:00:00+00:00,2026-04-25 00:00:00+00:00,1,1,1,0,2026-05-04 14:00:00+08:00,2026-05-04 14:00:00+08:00,,1500.0,REJECTED,local_hour_count_1
data/interim/notebook02_sources/hourly_forecasts/01_19a_hko_ecmwf_single_run_hourly_forecasts.csv,source_target_date_decision_rule_issue_time,2026-05-04,12h_prior,,,2026-04-25 00:00:00+00:00,2026-04-25 00:00:00+00:00,1,1,1,0,2026-05-04 20:00:00+08:00,2026-05-04 20:00:00+08:00,,1500.0,REJECTED,local_hour_count_1
data/interim/notebook02_sources/hourly_forecasts/01_19a_hko_ecmwf_single_run_hourly_forecasts.csv,source_target_date_decision_rule_issue_time,2026-05-05,6h_prior,,,2026-04-25 00:00:00+00:00,2026-04-25 00:00:00+00:00,1,1,1,0,2026-05-05 14:00:00+08:00,2026-05-05 14:00:00+08:00,,1500.0,REJECTED,local_hour_count_1
data/interim/notebook02_sources/hourly_forecasts/01_19a_hko_ecmwf_single_run_hourly_forecasts.csv,source_target_date_decision_rule_issue_time,2026-04-26,6h_prior,,,2026-04-25 06:00:00+00:00,2026-04-25 06:00:00+00:00,1,1,1,0,2026-04-26 14:00:00+08:00,2026-04-26 14:00:00+08:00,,1500.0,REJECTED,local_hour_count_1
data/interim/notebook02_sources/hourly_forecasts/01_19a_hko_ecmwf_single_run_hourly_forecasts.csv,source_target_date_decision_rule_issue_time,2026-04-26,12h_prior,,,2026-04-25 06:00:00+00:00,2026-04-25 06:00:00+00:00,1,1,1,0,2026-04-26 20:00:00+08:00,2026-04-26 20:00:00+08:00,,1500.0,REJECTED,local_hour_count_1
data/interim/notebook02_sources/hourly_forecasts/01_19a_hko_ecmwf_single_run_hourly_forecasts.csv,source_target_date_decision_rule_issue_time,2026-04-27,6h_prior,,,2026-04-25 06:00:00+00:00,2026-04-25 06:00:00+00:00,1,1,1,0,2026-04-27 14:00:00+08:00,2026-04-27 14:00:00+08:00,,1500.0,REJECTED,local_hour_count_1
data/interim/notebook02_sources/hourly_forecasts/01_19a_hko_ecmwf_single_run_hourly_forecasts.csv,source_target_date_decision_rule_issue_time,2026-04-27,12h_prior,,,2026-04-25 06:00:00+00:00,2026-04-25 06:00:00+00:00,1,1,1,0,2026-04-27 20:00:00+08:00,2026-04-27 20:00:00+08:00,,1500.0,REJECTED,local_hour_count_1
data/interim/notebook02_sources/hourly_forecasts/01_19a_hko_ecmwf_single_run_hourly_forecasts.csv,source_target_date_decision_rule_issue_time,2026-04-28,6h_prior,,,2026-04-25 06:00:00+00:00,2026-04-25 06:00:00+00:00,1,1,1,0,2026-04-28 14:00:00+08:00,2026-04-28 14:00:00+08:00,,1500.0,REJECTED,local_hour_count_1
data/interim/notebook02_sources/hourly_forecasts/01_19a_hko_ecmwf_single_run_hourly_forecasts.csv,source_target_date_decision_rule_issue_time,2026-04-28,12h_prior,,,2026-04-25 06:00:00+00:00,2026-04-25 06:00:00+00:00,1,1,1,0,2026-04-28 20:00:00+08:00,2026-04-28 20:00:00+08:00,,1500.0,REJECTED,local_hour_count_1
data/interim/notebook02_sources/hourly_forecasts/01_19a_hko_ecmwf_single_run_hourly_forecasts.csv,source_target_date_decision_rule_issue_time,2026-04-29,6h_prior,,,2026-04-25 06:00:00+00:00,2026-04-25 06:00:00+00:00,1,1,1,0,2026-04-29 14:00:00+08:00,2026-04-29 14:00:00+08:00,,1500.0,REJECTED,local_hour_count_1
data/interim/notebook02_sources/hourly_forecasts/01_19a_hko_ecmwf_single_run_hourly_forecasts.csv,source_target_date_decision_rule_issue_time,2026-04-29,12h_prior,,,2026-04-25 06:00:00+00:00,2026-04-25 06:00:00+00:00,1,1,1,0,2026-04-29 20:00:00+08:00,2026-04-29 20:00:00+08:00,,1500.0,REJECTED,local_hour_count_1
data/interim/notebook02_sources/hourly_forecasts/01_19a_hko_ecmwf_single_run_hourly_forecasts.csv,source_target_date_decision_rule_issue_time,2026-04-30,6h_prior,,,2026-04-25 06:00:00+00:00,2026-04-25 06:00:00+00:00,1,1,1,0,2026-04-30 14:00:00+08:00,2026-04-30 14:00:00+08:00,,1500.0,REJECTED,local_hour_count_1
data/interim/notebook02_sources/hourly_forecasts/01_19a_hko_ecmwf_single_run_hourly_forecasts.csv,source_target_date_decision_rule_issue_time,2026-04-30,12h_prior,,,2026-04-25 06:00:00+00:00,2026-04-25 06:00:00+00:00,1,1,1,0,2026-04-30 20:00:00+08:00,2026-04-30 20:00:00+08:00,,1500.0,REJECTED,local_hour_count_1
data/interim/notebook02_sources/hourly_forecasts/01_19a_hko_ecmwf_single_run_hourly_forecasts.csv,source_target_date_decision_rule_issue_time,2026-05-01,6h_prior,,,2026-04-25 06:00:00+00:00,2026-04-25 06:00:00+00:00,1,1,1,0,2026-05-01 14:00:00+08:00,2026-05-01 14:00:00+08:00,,1500.0,REJECTED,local_hour_count_1
data/interim/notebook02_sources/hourly_forecasts/01_19a_hko_ecmwf_single_run_hourly_forecasts.csv,source_target_date_decision_rule_issue_time,2026-05-01,12h_prior,,,2026-04-25 06:00:00+00:00,2026-04-25 06:00:00+00:00,1,1,1,0,2026-05-01 20:00:00+08:00,2026-05-01 20:00:00+08:00,,1500.0,REJECTED,local_hour_count_1
data/interim/notebook02_sources/hourly_forecasts/01_19a_hko_ecmwf_single_run_hourly_forecasts.csv,source_target_date_decision_rule_issue_time,2026-04-26,6h_prior,,,2026-04-25 18:00:00+00:00,2026-04-25 18:00:00+00:00,1,1,1,0,2026-04-26 14:00:00+08:00,2026-04-26 14:00:00+08:00,,1500.0,REJECTED,local_hour_count_1
data/interim/notebook02_sources/hourly_forecasts/01_19a_hko_ecmwf_single_run_hourly_forecasts.csv,source_target_date_decision_rule_issue_time,2026-04-26,12h_prior,,,2026-04-25 18:00:00+00:00,2026-04-25 18:00:00+00:00,1,1,1,0,2026-04-26 20:00:00+08:00,2026-04-26 20:00:00+08:00,,1500.0,REJECTED,local_hour_count_1
data/interim/notebook02_sources/hourly_forecasts/01_19a_hko_ecmwf_single_run_hourly_forecasts.csv,source_target_date_decision_rule_issue_time,2026-04-27,6h_prior,,,2026-04-25 18:00:00+00:00,2026-04-25 18:00:00+00:00,1,1,1,0,2026-04-27 14:00:00+08:00,2026-04-27 14:00:00+08:00,,1500.0,REJECTED,local_hour_count_1
data/interim/notebook02_sources/hourly_forecasts/01_19a_hko_ecmwf_single_run_hourly_forecasts.csv,source_target_date_decision_rule_issue_time,2026-04-27,12h_prior,,,2026-04-25 18:00:00+00:00,2026-04-25 18:00:00+00:00,1,1,1,0,2026-04-27 20:00:00+08:00,2026-04-27 20:00:00+08:00,,1500.0,REJECTED,local_hour_count_1
data/interim/notebook02_sources/hourly_forecasts/01_19a_hko_ecmwf_single_run_hourly_forecasts.csv,source_target_date_decision_rule_issue_time,2026-04-28,6h_prior,,,2026-04-25 18:00:00+00:00,2026-04-25 18:00:00+00:00,1,1,1,0,2026-04-28 14:00:00+08:00,2026-04-28 14:00:00+08:00,,1500.0,REJECTED,local_hour_count_1
data/interim/notebook02_sources/hourly_forecasts/01_19a_hko_ecmwf_single_run_hourly_forecasts.csv,source_target_date_decision_rule_issue_time,2026-04-28,12h_prior,,,2026-04-25 18:00:00+00:00,2026-04-25 18:00:00+00:00,1,1,1,0,2026-04-28 20:00:00+08:00,2026-04-28 20:00:00+08:00,,1500.0,REJECTED,local_hour_count_1
data/interim/notebook02_sources/hourly_forecasts/01_19a_hko_ecmwf_single_run_hourly_forecasts.csv,source_target_date_decision_rule_issue_time,2026-04-29,6h_prior,,,2026-04-25 18:00:00+00:00,2026-04-25 18:00:00+00:00,1,1,1,0,2026-04-29 14:00:00+08:00,2026-04-29 14:00:00+08:00,,1500.0,REJECTED,local_hour_count_1
data/interim/notebook02_sources/hourly_forecasts/01_19a_hko_ecmwf_single_run_hourly_forecasts.csv,source_target_date_decision_rule_issue_time,2026-04-29,12h_prior,,,2026-04-25 18:00:00+00:00,2026-04-25 18:00:00+00:00,1,1,1,0,2026-04-29 20:00:00+08:00,2026-04-29 20:00:00+08:00,,1500.0,REJECTED,local_hour_count_1
data/interim/notebook02_sources/hourly_forecasts/01_19a_hko_ecmwf_single_run_hourly_forecasts.csv,source_target_date_decision_rule_issue_time,2026-04-30,6h_prior,,,2026-04-25 18:00:00+00:00,2026-04-25 18:00:00+00:00,1,1,1,0,2026-04-30 14:00:00+08:00,2026-04-30 14:00:00+08:00,,1500.0,REJECTED,local_hour_count_1
data/interim/notebook02_sources/hourly_forecasts/01_19a_hko_ecmwf_single_run_hourly_forecasts.csv,source_target_date_decision_rule_issue_time,2026-04-30,12h_prior,,,2026-04-25 18:00:00+00:00,2026-04-25 18:00:00+00:00,1,1,1,0,2026-04-30 20:00:00+08:00,2026-04-30 20:00:00+08:00,,1500.0,REJECTED,local_hour_count_1
data/interim/notebook02_sources/hourly_forecasts/01_19a_hko_ecmwf_single_run_hourly_forecasts.csv,source_target_date_decision_rule_issue_time,2026-05-01,6h_prior,,,2026-04-25 18:00:00+00:00,2026-04-25 18:00:00+00:00,1,1,1,0,2026-05-01 14:00:00+08:00,2026-05-01 14:00:00+08:00,,1500.0,REJECTED,local_hour_count_1
data/interim/notebook02_sources/hourly_forecasts/01_19a_hko_ecmwf_single_run_hourly_forecasts.csv,source_target_date_decision_rule_issue_time,2026-05-01,12h_prior,,,2026-04-25 18:00:00+00:00,2026-04-25 18:00:00+00:00,1,1,1,0,2026-05-01 20:00:00+08:00,2026-05-01 20:00:00+08:00,,1500.0,REJECTED,local_hour_count_1
data/interim/notebook02_sources/hourly_forecasts/01_19a_hko_ecmwf_single_run_hourly_forecasts.csv,source_target_date_decision_rule_issue_time,2026-04-26,12h_prior,,,2026-04-26 00:00:00+00:00,2026-04-26 00:00:00+00:00,1,1,1,0,2026-04-26 20:00:00+08:00,2026-04-26 20:00:00+08:00,,1500.0,REJECTED,local_hour_count_1
data/interim/notebook02_sources/hourly_forecasts/01_19a_hko_ecmwf_single_run_hourly_forecasts.csv,source_target_date_decision_rule_issue_time,2026-04-27,6h_prior,,,2026-04-26 00:00:00+00:00,2026-04-26 00:00:00+00:00,1,1,1,0,2026-04-27 14:00:00+08:00,2026-04-27 14:00:00+08:00,,1500.0,REJECTED,local_hour_count_1
data/interim/notebook02_sources/hourly_forecasts/01_19a_hko_ecmwf_single_run_hourly_forecasts.csv,source_target_date_decision_rule_issue_time,2026-04-27,12h_prior,,,2026-04-26 00:00:00+00:00,2026-04-26 00:00:00+00:00,1,1,1,0,2026-04-27 20:00:00+08:00,2026-04-27 20:00:00+08:00,,1500.0,REJECTED,local_hour_count_1
data/interim/notebook02_sources/hourly_forecasts/01_19a_hko_ecmwf_single_run_hourly_forecasts.csv,source_target_date_decision_rule_issue_time,2026-04-28,6h_prior,,,2026-04-26 00:00:00+00:00,2026-04-26 00:00:00+00:00,1,1,1,0,2026-04-28 14:00:00+08:00,2026-04-28 14:00:00+08:00,,1500.0,REJECTED,local_hour_count_1
data/interim/notebook02_sources/hourly_forecasts/01_19a_hko_ecmwf_single_run_hourly_forecasts.csv,source_target_date_decision_rule_issue_time,2026-04-28,12h_prior,,,2026-04-26 00:00:00+00:00,2026-04-26 00:00:00+00:00,1,1,1,0,2026-04-28 20:00:00+08:00,2026-04-28 20:00:00+08:00,,1500.0,REJECTED,local_hour_count_1
data/interim/notebook02_sources/hourly_forecasts/01_19a_hko_ecmwf_single_run_hourly_forecasts.csv,source_target_date_decision_rule_issue_time,2026-04-29,6h_prior,,,2026-04-26 00:00:00+00:00,2026-04-26 00:00:00+00:00,1,1,1,0,2026-04-29 14:00:00+08:00,2026-04-29 14:00:00+08:00,,1500.0,REJECTED,local_hour_count_1
data/interim/notebook02_sources/hourly_forecasts/01_19a_hko_ecmwf_single_run_hourly_forecasts.csv,source_target_date_decision_rule_issue_time,2026-04-29,12h_prior,,,2026-04-26 00:00:00+00:00,2026-04-26 00:00:00+00:00,1,1,1,0,2026-04-29 20:00:00+08:00,2026-04-29 20:00:00+08:00,,1500.0,REJECTED,local_hour_count_1
data/interim/notebook02_sources/hourly_forecasts/01_19a_hko_ecmwf_single_run_hourly_forecasts.csv,source_target_date_decision_rule_issue_time,2026-04-30,6h_prior,,,2026-04-26 00:00:00+00:00,2026-04-26 00:00:00+00:00,1,1,1,0,2026-04-30 14:00:00+08:00,2026-04-30 14:00:00+08:00,,1500.0,REJECTED,local_hour_count_1
data/interim/notebook02_sources/hourly_forecasts/01_19a_hko_ecmwf_single_run_hourly_forecasts.csv,source_target_date_decision_rule_issue_time,2026-04-30,12h_prior,,,2026-04-26 00:00:00+00:00,2026-04-26 00:00:00+00:00,1,1,1,0,2026-04-30 20:00:00+08:00,2026-04-30 20:00:00+08:00,,1500.0,REJECTED,local_hour_count_1
data/interim/notebook02_sources/hourly_forecasts/01_19a_hko_ecmwf_single_run_hourly_forecasts.csv,source_target_date_decision_rule_issue_time,2026-05-01,6h_prior,,,2026-04-26 00:00:00+00:00,2026-04-26 00:00:00+00:00,1,1,1,0,2026-05-01 14:00:00+08:00,2026-05-01 14:00:00+08:00,,1500.0,REJECTED,local_hour_count_1
data/interim/notebook02_sources/hourly_forecasts/01_19a_hko_ecmwf_single_run_hourly_forecasts.csv,source_target_date_decision_rule_issue_time,2026-05-01,12h_prior,,,2026-04-26 00:00:00+00:00,2026-04-26 00:00:00+00:00,1,1,1,0,2026-05-01 20:00:00+08:00,2026-05-01 20:00:00+08:00,,1500.0,REJECTED,local_hour_count_1
data/interim/notebook02_sources/hourly_forecasts/01_19a_hko_ecmwf_single_run_hourly_forecasts.csv,source_target_date_decision_rule_issue_time,2026-05-02,6h_prior,,,2026-04-26 00:00:00+00:00,2026-04-26 00:00:00+00:00,1,1,1,0,2026-05-02 14:00:00+08:00,2026-05-02 14:00:00+08:00,,1500.0,REJECTED,local_hour_count_1
data/interim/notebook02_sources/hourly_forecasts/01_19a_hko_ecmwf_single_run_hourly_forecasts.csv,source_target_date_decision_rule_issue_time,2026-05-02,12h_prior,,,2026-04-26 00:00:00+00:00,2026-04-26 00:00:00+00:00,1,1,1,0,2026-05-02 20:00:00+08:00,2026-05-02 20:00:00+08:00,,1500.0,REJECTED,local_hour_count_1
data/interim/notebook02_sources/hourly_forecasts/01_19a_hko_ecmwf_single_run_hourly_forecasts.csv,source_target_date_decision_rule_issue_time,2026-05-03,6h_prior,,,2026-04-26 00:00:00+00:00,2026-04-26 00:00:00+00:00,1,1,1,0,2026-05-03 14:00:00+08:00,2026-05-03 14:00:00+08:00,,1500.0,REJECTED,local_hour_count_1
data/interim/notebook02_sources/hourly_forecasts/01_19a_hko_ecmwf_single_run_hourly_forecasts.csv,source_target_date_decision_rule_issue_time,2026-05-03,12h_prior,,,2026-04-26 00:00:00+00:00,2026-04-26 00:00:00+00:00,1,1,1,0,2026-05-03 20:00:00+08:00,2026-05-03 20:00:00+08:00,,1500.0,REJECTED,local_hour_count_1
data/interim/notebook02_sources/hourly_forecasts/01_19a_hko_ecmwf_single_run_hourly_forecasts.csv,source_target_date_decision_rule_issue_time,2026-05-04,6h_prior,,,2026-04-26 00:00:00+00:00,2026-04-26 00:00:00+00:00,1,1,1,0,2026-05-04 14:00:00+08:00,2026-05-04 14:00:00+08:00,,1500.0,REJECTED,local_hour_count_1
data/interim/notebook02_sources/hourly_forecasts/01_19a_hko_ecmwf_single_run_hourly_forecasts.csv,source_target_date_decision_rule_issue_time,2026-05-04,12h_prior,,,2026-04-26 00:00:00+00:00,2026-04-26 00:00:00+00:00,1,1,1,0,2026-05-04 20:00:00+08:00,2026-05-04 20:00:00+08:00,,1500.0,REJECTED,local_hour_count_1
data/interim/notebook02_sources/hourly_forecasts/01_19a_hko_ecmwf_single_run_hourly_forecasts.csv,source_target_date_decision_rule_issue_time,2026-05-05,6h_prior,,,2026-04-26 00:00:00+00:00,2026-04-26 00:00:00+00:00,1,1,1,0,2026-05-05 14:00:00+08:00,2026-05-05 14:00:00+08:00,,1500.0,REJECTED,local_hour_count_1
data/interim/notebook02_sources/hourly_forecasts/01_19a_hko_ecmwf_single_run_hourly_forecasts.csv,source_target_date_decision_rule_issue_time,2026-05-05,12h_prior,,,2026-04-26 00:00:00+00:00,2026-04-26 00:00:00+00:00,1,1,1,0,2026-05-05 20:00:00+08:00,2026-05-05 20:00:00+08:00,,1500.0,REJECTED,local_hour_count_1
data/interim/notebook02_sources/hourly_forecasts/01_19a_hko_ecmwf_single_run_hourly_forecasts.csv,source_target_date_decision_rule_issue_time,2026-05-06,6h_prior,,,2026-04-26 00:00:00+00:00,2026-04-26 00:00:00+00:00,1,1,1,0,2026-05-06 14:00:00+08:00,2026-05-06 14:00:00+08:00,,1500.0,REJECTED,local_hour_count_1
data/interim/notebook02_sources/hourly_forecasts/01_19a_hko_ecmwf_single_run_hourly_forecasts.csv,source_target_date_decision_rule_issue_time,2026-04-27,6h_prior,,,2026-04-26 06:00:00+00:00,2026-04-26 06:00:00+00:00,1,1,1,0,2026-04-27 14:00:00+08:00,2026-04-27 14:00:00+08:00,,1500.0,REJECTED,local_hour_count_1
data/interim/notebook02_sources/hourly_forecasts/01_19a_hko_ecmwf_single_run_hourly_forecasts.csv,source_target_date_decision_rule_issue_time,2026-04-27,12h_prior,,,2026-04-26 06:00:00+00:00,2026-04-26 06:00:00+00:00,1,1,1,0,2026-04-27 20:00:00+08:00,2026-04-27 20:00:00+08:00,,1500.0,REJECTED,local_hour_count_1
data/interim/notebook02_sources/hourly_forecasts/01_19a_hko_ecmwf_single_run_hourly_forecasts.csv,source_target_date_decision_rule_issue_time,2026-04-28,6h_prior,,,2026-04-26 06:00:00+00:00,2026-04-26 06:00:00+00:00,1,1,1,0,2026-04-28 14:00:00+08:00,2026-04-28 14:00:00+08:00,,1500.0,REJECTED,local_hour_count_1
data/interim/notebook02_sources/hourly_forecasts/01_19a_hko_ecmwf_single_run_hourly_forecasts.csv,source_target_date_decision_rule_issue_time,2026-04-28,12h_prior,,,2026-04-26 06:00:00+00:00,2026-04-26 06:00:00+00:00,1,1,1,0,2026-04-28 20:00:00+08:00,2026-04-28 20:00:00+08:00,,1500.0,REJECTED,local_hour_count_1
data/interim/notebook02_sources/hourly_forecasts/01_19a_hko_ecmwf_single_run_hourly_forecasts.csv,source_target_date_decision_rule_issue_time,2026-04-29,6h_prior,,,2026-04-26 06:00:00+00:00,2026-04-26 06:00:00+00:00,1,1,1,0,2026-04-29 14:00:00+08:00,2026-04-29 14:00:00+08:00,,1500.0,REJECTED,local_hour_count_1
data/interim/notebook02_sources/hourly_forecasts/01_19a_hko_ecmwf_single_run_hourly_forecasts.csv,source_target_date_decision_rule_issue_time,2026-04-29,12h_prior,,,2026-04-26 06:00:00+00:00,2026-04-26 06:00:00+00:00,1,1,1,0,2026-04-29 20:00:00+08:00,2026-04-29 20:00:00+08:00,,1500.0,REJECTED,local_hour_count_1
data/interim/notebook02_sources/hourly_forecasts/01_19a_hko_ecmwf_single_run_hourly_forecasts.csv,source_target_date_decision_rule_issue_time,2026-04-30,6h_prior,,,2026-04-26 06:00:00+00:00,2026-04-26 06:00:00+00:00,1,1,1,0,2026-04-30 14:00:00+08:00,2026-04-30 14:00:00+08:00,,1500.0,REJECTED,local_hour_count_1
data/interim/notebook02_sources/hourly_forecasts/01_19a_hko_ecmwf_single_run_hourly_forecasts.csv,source_target_date_decision_rule_issue_time,2026-04-30,12h_prior,,,2026-04-26 06:00:00+00:00,2026-04-26 06:00:00+00:00,1,1,1,0,2026-04-30 20:00:00+08:00,2026-04-30 20:00:00+08:00,,1500.0,REJECTED,local_hour_count_1
data/interim/notebook02_sources/hourly_forecasts/01_19a_hko_ecmwf_single_run_hourly_forecasts.csv,source_target_date_decision_rule_issue_time,2026-05-01,6h_prior,,,2026-04-26 06:00:00+00:00,2026-04-26 06:00:00+00:00,1,1,1,0,2026-05-01 14:00:00+08:00,2026-05-01 14:00:00+08:00,,1500.0,REJECTED,local_hour_count_1
data/interim/notebook02_sources/hourly_forecasts/01_19a_hko_ecmwf_single_run_hourly_forecasts.csv,source_target_date_decision_rule_issue_time,2026-05-01,12h_prior,,,2026-04-26 06:00:00+00:00,2026-04-26 06:00:00+00:00,1,1,1,0,2026-05-01 20:00:00+08:00,2026-05-01 20:00:00+08:00,,1500.0,REJECTED,local_hour_count_1
data/interim/notebook02_sources/hourly_forecasts/01_19a_hko_ecmwf_single_run_hourly_forecasts.csv,source_target_date_decision_rule_issue_time,2026-05-02,6h_prior,,,2026-04-26 06:00:00+00:00,2026-04-26 06:00:00+00:00,1,1,1,0,2026-05-02 14:00:00+08:00,2026-05-02 14:00:00+08:00,,1500.0,REJECTED,local_hour_count_1
data/interim/notebook02_sources/hourly_forecasts/01_19a_hko_ecmwf_single_run_hourly_forecasts.csv,source_target_date_decision_rule_issue_time,2026-05-02,12h_prior,,,2026-04-26 06:00:00+00:00,2026-04-26 06:00:00+00:00,1,1,1,0,2026-05-02 20:00:00+08:00,2026-05-02 20:00:00+08:00,,1500.0,REJECTED,local_hour_count_1
data/interim/notebook02_sources/hourly_forecasts/01_19a_hko_ecmwf_single_run_hourly_forecasts.csv,source_target_date_decision_rule_issue_time,2026-04-27,6h_prior,,,2026-04-26 18:00:00+00:00,2026-04-26 18:00:00+00:00,1,1,1,0,2026-04-27 14:00:00+08:00,2026-04-27 14:00:00+08:00,,1500.0,REJECTED,local_hour_count_1
data/interim/notebook02_sources/hourly_forecasts/01_19a_hko_ecmwf_single_run_hourly_forecasts.csv,source_target_date_decision_rule_issue_time,2026-04-27,12h_prior,,,2026-04-26 18:00:00+00:00,2026-04-26 18:00:00+00:00,1,1,1,0,2026-04-27 20:00:00+08:00,2026-04-27 20:00:00+08:00,,1500.0,REJECTED,local_hour_count_1
data/interim/notebook02_sources/hourly_forecasts/01_19a_hko_ecmwf_single_run_hourly_forecasts.csv,source_target_date_decision_rule_issue_time,2026-04-28,6h_prior,,,2026-04-26 18:00:00+00:00,2026-04-26 18:00:00+00:00,1,1,1,0,2026-04-28 14:00:00+08:00,2026-04-28 14:00:00+08:00,,1500.0,REJECTED,local_hour_count_1
data/interim/notebook02_sources/hourly_forecasts/01_19a_hko_ecmwf_single_run_hourly_forecasts.csv,source_target_date_decision_rule_issue_time,2026-04-28,12h_prior,,,2026-04-26 18:00:00+00:00,2026-04-26 18:00:00+00:00,1,1,1,0,2026-04-28 20:00:00+08:00,2026-04-28 20:00:00+08:00,,1500.0,REJECTED,local_hour_count_1
data/interim/notebook02_sources/hourly_forecasts/01_19a_hko_ecmwf_single_run_hourly_forecasts.csv,source_target_date_decision_rule_issue_time,2026-04-29,6h_prior,,,2026-04-26 18:00:00+00:00,2026-04-26 18:00:00+00:00,1,1,1,0,2026-04-29 14:00:00+08:00,2026-04-29 14:00:00+08:00,,1500.0,REJECTED,local_hour_count_1
data/interim/notebook02_sources/hourly_forecasts/01_19a_hko_ecmwf_single_run_hourly_forecasts.csv,source_target_date_decision_rule_issue_time,2026-04-29,12h_prior,,,2026-04-26 18:00:00+00:00,2026-04-26 18:00:00+00:00,1,1,1,0,2026-04-29 20:00:00+08:00,2026-04-29 20:00:00+08:00,,1500.0,REJECTED,local_hour_count_1
data/interim/notebook02_sources/hourly_forecasts/01_19a_hko_ecmwf_single_run_hourly_forecasts.csv,source_target_date_decision_rule_issue_time,2026-04-30,6h_prior,,,2026-04-26 18:00:00+00:00,2026-04-26 18:00:00+00:00,1,1,1,0,2026-04-30 14:00:00+08:00,2026-04-30 14:00:00+08:00,,1500.0,REJECTED,local_hour_count_1
data/interim/notebook02_sources/hourly_forecasts/01_19a_hko_ecmwf_single_run_hourly_forecasts.csv,source_target_date_decision_rule_issue_time,2026-04-30,12h_prior,,,2026-04-26 18:00:00+00:00,2026-04-26 18:00:00+00:00,1,1,1,0,2026-04-30 20:00:00+08:00,2026-04-30 20:00:00+08:00,,1500.0,REJECTED,local_hour_count_1
data/interim/notebook02_sources/hourly_forecasts/01_19a_hko_ecmwf_single_run_hourly_forecasts.csv,source_target_date_decision_rule_issue_time,2026-05-01,6h_prior,,,2026-04-26 18:00:00+00:00,2026-04-26 18:00:00+00:00,1,1,1,0,2026-05-01 14:00:00+08:00,2026-05-01 14:00:00+08:00,,1500.0,REJECTED,local_hour_count_1
data/interim/notebook02_sources/hourly_forecasts/01_19a_hko_ecmwf_single_run_hourly_forecasts.csv,source_target_date_decision_rule_issue_time,2026-05-01,12h_prior,,,2026-04-26 18:00:00+00:00,2026-04-26 18:00:00+00:00,1,1,1,0,2026-05-01 20:00:00+08:00,2026-05-01 20:00:00+08:00,,1500.0,REJECTED,local_hour_count_1
data/interim/notebook02_sources/hourly_forecasts/01_19a_hko_ecmwf_single_run_hourly_forecasts.csv,source_target_date_decision_rule_issue_time,2026-05-02,6h_prior,,,2026-04-26 18:00:00+00:00,2026-04-26 18:00:00+00:00,1,1,1,0,2026-05-02 14:00:00+08:00,2026-05-02 14:00:00+08:00,,1500.0,REJECTED,local_hour_count_1
data/interim/notebook02_sources/hourly_forecasts/01_19a_hko_ecmwf_single_run_hourly_forecasts.csv,source_target_date_decision_rule_issue_time,2026-05-02,12h_prior,,,2026-04-26 18:00:00+00:00,2026-04-26 18:00:00+00:00,1,1,1,0,2026-05-02 20:00:00+08:00,2026-05-02 20:00:00+08:00,,1500.0,REJECTED,local_hour_count_1
data/interim/notebook02_sources/hourly_forecasts/01_19a_hko_ecmwf_single_run_hourly_forecasts.csv,source_target_date_decision_rule_issue_time,2026-04-27,12h_prior,,,2026-04-27 00:00:00+00:00,2026-04-27 00:00:00+00:00,1,1,1,0,2026-04-27 20:00:00+08:00,2026-04-27 20:00:00+08:00,,1500.0,REJECTED,local_hour_count_1
data/interim/notebook02_sources/hourly_forecasts/01_19a_hko_ecmwf_single_run_hourly_forecasts.csv,source_target_date_decision_rule_issue_time,2026-04-28,6h_prior,,,2026-04-27 00:00:00+00:00,2026-04-27 00:00:00+00:00,1,1,1,0,2026-04-28 14:00:00+08:00,2026-04-28 14:00:00+08:00,,1500.0,REJECTED,local_hour_count_1
data/interim/notebook02_sources/hourly_forecasts/01_19a_hko_ecmwf_single_run_hourly_forecasts.csv,source_target_date_decision_rule_issue_time,2026-04-28,12h_prior,,,2026-04-27 00:00:00+00:00,2026-04-27 00:00:00+00:00,1,1,1,0,2026-04-28 20:00:00+08:00,2026-04-28 20:00:00+08:00,,1500.0,REJECTED,local_hour_count_1
data/interim/notebook02_sources/hourly_forecasts/01_19a_hko_ecmwf_single_run_hourly_forecasts.csv,source_target_date_decision_rule_issue_time,2026-04-29,6h_prior,,,2026-04-27 00:00:00+00:00,2026-04-27 00:00:00+00:00,1,1,1,0,2026-04-29 14:00:00+08:00,2026-04-29 14:00:00+08:00,,1500.0,REJECTED,local_hour_count_1
data/interim/notebook02_sources/hourly_forecasts/01_19a_hko_ecmwf_single_run_hourly_forecasts.csv,source_target_date_decision_rule_issue_time,2026-04-29,12h_prior,,,2026-04-27 00:00:00+00:00,2026-04-27 00:00:00+00:00,1,1,1,0,2026-04-29 20:00:00+08:00,2026-04-29 20:00:00+08:00,,1500.0,REJECTED,local_hour_count_1
data/interim/notebook02_sources/hourly_forecasts/01_19a_hko_ecmwf_single_run_hourly_forecasts.csv,source_target_date_decision_rule_issue_time,2026-04-30,6h_prior,,,2026-04-27 00:00:00+00:00,2026-04-27 00:00:00+00:00,1,1,1,0,2026-04-30 14:00:00+08:00,2026-04-30 14:00:00+08:00,,1500.0,REJECTED,local_hour_count_1
data/interim/notebook02_sources/hourly_forecasts/01_19a_hko_ecmwf_single_run_hourly_forecasts.csv,source_target_date_decision_rule_issue_time,2026-04-30,12h_prior,,,2026-04-27 00:00:00+00:00,2026-04-27 00:00:00+00:00,1,1,1,0,2026-04-30 20:00:00+08:00,2026-04-30 20:00:00+08:00,,1500.0,REJECTED,local_hour_count_1
data/interim/notebook02_sources/hourly_forecasts/01_19a_hko_ecmwf_single_run_hourly_forecasts.csv,source_target_date_decision_rule_issue_time,2026-05-01,6h_prior,,,2026-04-27 00:00:00+00:00,2026-04-27 00:00:00+00:00,1,1,1,0,2026-05-01 14:00:00+08:00,2026-05-01 14:00:00+08:00,,1500.0,REJECTED,local_hour_count_1
data/interim/notebook02_sources/hourly_forecasts/01_19a_hko_ecmwf_single_run_hourly_forecasts.csv,source_target_date_decision_rule_issue_time,2026-05-01,12h_prior,,,2026-04-27 00:00:00+00:00,2026-04-27 00:00:00+00:00,1,1,1,0,2026-05-01 20:00:00+08:00,2026-05-01 20:00:00+08:00,,1500.0,REJECTED,local_hour_count_1
data/interim/notebook02_sources/hourly_forecasts/01_19a_hko_ecmwf_single_run_hourly_forecasts.csv,source_target_date_decision_rule_issue_time,2026-05-02,6h_prior,,,2026-04-27 00:00:00+00:00,2026-04-27 00:00:00+00:00,1,1,1,0,2026-05-02 14:00:00+08:00,2026-05-02 14:00:00+08:00,,1500.0,REJECTED,local_hour_count_1
data/interim/notebook02_sources/hourly_forecasts/01_19a_hko_ecmwf_single_run_hourly_forecasts.csv,source_target_date_decision_rule_issue_time,2026-05-02,12h_prior,,,2026-04-27 00:00:00+00:00,2026-04-27 00:00:00+00:00,1,1,1,0,2026-05-02 20:00:00+08:00,2026-05-02 20:00:00+08:00,,1500.0,REJECTED,local_hour_count_1
data/interim/notebook02_sources/hourly_forecasts/01_19a_hko_ecmwf_single_run_hourly_forecasts.csv,source_target_date_decision_rule_issue_time,2026-05-03,6h_prior,,,2026-04-27 00:00:00+00:00,2026-04-27 00:00:00+00:00,1,1,1,0,2026-05-03 14:00:00+08:00,2026-05-03 14:00:00+08:00,,1500.0,REJECTED,local_hour_count_1
data/interim/notebook02_sources/hourly_forecasts/01_19a_hko_ecmwf_single_run_hourly_forecasts.csv,source_target_date_decision_rule_issue_time,2026-05-03,12h_prior,,,2026-04-27 00:00:00+00:00,2026-04-27 00:00:00+00:00,1,1,1,0,2026-05-03 20:00:00+08:00,2026-05-03 20:00:00+08:00,,1500.0,REJECTED,local_hour_count_1
data/interim/notebook02_sources/hourly_forecasts/01_19a_hko_ecmwf_single_run_hourly_forecasts.csv,source_target_date_decision_rule_issue_time,2026-05-04,6h_prior,,,2026-04-27 00:00:00+00:00,2026-04-27 00:00:00+00:00,1,1,1,0,2026-05-04 14:00:00+08:00,2026-05-04 14:00:00+08:00,,1500.0,REJECTED,local_hour_count_1
data/interim/notebook02_sources/hourly_forecasts/01_19a_hko_ecmwf_single_run_hourly_forecasts.csv,source_target_date_decision_rule_issue_time,2026-05-04,12h_prior,,,2026-04-27 00:00:00+00:00,2026-04-27 00:00:00+00:00,1,1,1,0,2026-05-04 20:00:00+08:00,2026-05-04 20:00:00+08:00,,1500.0,REJECTED,local_hour_count_1
data/interim/notebook02_sources/hourly_forecasts/01_19a_hko_ecmwf_single_run_hourly_forecasts.csv,source_target_date_decision_rule_issue_time,2026-05-05,6h_prior,,,2026-04-27 00:00:00+00:00,2026-04-27 00:00:00+00:00,1,1,1,0,2026-05-05 14:00:00+08:00,2026-05-05 14:00:00+08:00,,1500.0,REJECTED,local_hour_count_1
data/interim/notebook02_sources/hourly_forecasts/01_19a_hko_ecmwf_single_run_hourly_forecasts.csv,source_target_date_decision_rule_issue_time,2026-05-05,12h_prior,,,2026-04-27 00:00:00+00:00,2026-04-27 00:00:00+00:00,1,1,1,0,2026-05-05 20:00:00+08:00,2026-05-05 20:00:00+08:00,,1500.0,REJECTED,local_hour_count_1
data/interim/notebook02_sources/hourly_forecasts/01_19a_hko_ecmwf_single_run_hourly_forecasts.csv,source_target_date_decision_rule_issue_time,2026-05-06,6h_prior,,,2026-04-27 00:00:00+00:00,2026-04-27 00:00:00+00:00,1,1,1,0,2026-05-06 14:00:00+08:00,2026-05-06 14:00:00+08:00,,1500.0,REJECTED,local_hour_count_1
data/interim/notebook02_sources/hourly_forecasts/01_19a_hko_ecmwf_single_run_hourly_forecasts.csv,source_target_date_decision_rule_issue_time,2026-05-06,12h_prior,,,2026-04-27 00:00:00+00:00,2026-04-27 00:00:00+00:00,1,1,1,0,2026-05-06 20:00:00+08:00,2026-05-06 20:00:00+08:00,,1500.0,REJECTED,local_hour_count_1
data/interim/notebook02_sources/hourly_forecasts/01_19a_hko_ecmwf_single_run_hourly_forecasts.csv,source_target_date_decision_rule_issue_time,2026-05-07,6h_prior,,,2026-04-27 00:00:00+00:00,2026-04-27 00:00:00+00:00,1,1,1,0,2026-05-07 14:00:00+08:00,2026-05-07 14:00:00+08:00,,1500.0,REJECTED,local_hour_count_1
data/interim/notebook02_sources/hourly_forecasts/01_19a_hko_ecmwf_single_run_hourly_forecasts.csv,source_target_date_decision_rule_issue_time,2026-04-28,6h_prior,,,2026-04-27 06:00:00+00:00,2026-04-27 06:00:00+00:00,1,1,1,0,2026-04-28 14:00:00+08:00,2026-04-28 14:00:00+08:00,,1500.0,REJECTED,local_hour_count_1
data/interim/notebook02_sources/hourly_forecasts/01_19a_hko_ecmwf_single_run_hourly_forecasts.csv,source_target_date_decision_rule_issue_time,2026-04-28,12h_prior,,,2026-04-27 06:00:00+00:00,2026-04-27 06:00:00+00:00,1,1,1,0,2026-04-28 20:00:00+08:00,2026-04-28 20:00:00+08:00,,1500.0,REJECTED,local_hour_count_1
data/interim/notebook02_sources/hourly_forecasts/01_19a_hko_ecmwf_single_run_hourly_forecasts.csv,source_target_date_decision_rule_issue_time,2026-04-29,6h_prior,,,2026-04-27 06:00:00+00:00,2026-04-27 06:00:00+00:00,1,1,1,0,2026-04-29 14:00:00+08:00,2026-04-29 14:00:00+08:00,,1500.0,REJECTED,local_hour_count_1
data/interim/notebook02_sources/hourly_forecasts/01_19a_hko_ecmwf_single_run_hourly_forecasts.csv,source_target_date_decision_rule_issue_time,2026-04-29,12h_prior,,,2026-04-27 06:00:00+00:00,2026-04-27 06:00:00+00:00,1,1,1,0,2026-04-29 20:00:00+08:00,2026-04-29 20:00:00+08:00,,1500.0,REJECTED,local_hour_count_1
data/interim/notebook02_sources/hourly_forecasts/01_19a_hko_ecmwf_single_run_hourly_forecasts.csv,source_target_date_decision_rule_issue_time,2026-04-30,6h_prior,,,2026-04-27 06:00:00+00:00,2026-04-27 06:00:00+00:00,1,1,1,0,2026-04-30 14:00:00+08:00,2026-04-30 14:00:00+08:00,,1500.0,REJECTED,local_hour_count_1
data/interim/notebook02_sources/hourly_forecasts/01_19a_hko_ecmwf_single_run_hourly_forecasts.csv,source_target_date_decision_rule_issue_time,2026-04-30,12h_prior,,,2026-04-27 06:00:00+00:00,2026-04-27 06:00:00+00:00,1,1,1,0,2026-04-30 20:00:00+08:00,2026-04-30 20:00:00+08:00,,1500.0,REJECTED,local_hour_count_1
data/interim/notebook02_sources/hourly_forecasts/01_19a_hko_ecmwf_single_run_hourly_forecasts.csv,source_target_date_decision_rule_issue_time,2026-05-01,6h_prior,,,2026-04-27 06:00:00+00:00,2026-04-27 06:00:00+00:00,1,1,1,0,2026-05-01 14:00:00+08:00,2026-05-01 14:00:00+08:00,,1500.0,REJECTED,local_hour_count_1
data/interim/notebook02_sources/hourly_forecasts/01_19a_hko_ecmwf_single_run_hourly_forecasts.csv,source_target_date_decision_rule_issue_time,2026-05-01,12h_prior,,,2026-04-27 06:00:00+00:00,2026-04-27 06:00:00+00:00,1,1,1,0,2026-05-01 20:00:00+08:00,2026-05-01 20:00:00+08:00,,1500.0,REJECTED,local_hour_count_1
data/interim/notebook02_sources/hourly_forecasts/01_19a_hko_ecmwf_single_run_hourly_forecasts.csv,source_target_date_decision_rule_issue_time,2026-05-02,6h_prior,,,2026-04-27 06:00:00+00:00,2026-04-27 06:00:00+00:00,1,1,1,0,2026-05-02 14:00:00+08:00,2026-05-02 14:00:00+08:00,,1500.0,REJECTED,local_hour_count_1
data/interim/notebook02_sources/hourly_forecasts/01_19a_hko_ecmwf_single_run_hourly_forecasts.csv,source_target_date_decision_rule_issue_time,2026-05-02,12h_prior,,,2026-04-27 06:00:00+00:00,2026-04-27 06:00:00+00:00,1,1,1,0,2026-05-02 20:00:00+08:00,2026-05-02 20:00:00+08:00,,1500.0,REJECTED,local_hour_count_1
data/interim/notebook02_sources/hourly_forecasts/01_19a_hko_ecmwf_single_run_hourly_forecasts.csv,source_target_date_decision_rule_issue_time,2026-05-03,6h_prior,,,2026-04-27 06:00:00+00:00,2026-04-27 06:00:00+00:00,1,1,1,0,2026-05-03 14:00:00+08:00,2026-05-03 14:00:00+08:00,,1500.0,REJECTED,local_hour_count_1
data/interim/notebook02_sources/hourly_forecasts/01_19a_hko_ecmwf_single_run_hourly_forecasts.csv,source_target_date_decision_rule_issue_time,2026-05-03,12h_prior,,,2026-04-27 06:00:00+00:00,2026-04-27 06:00:00+00:00,1,1,1,0,2026-05-03 20:00:00+08:00,2026-05-03 20:00:00+08:00,,1500.0,REJECTED,local_hour_count_1
data/interim/notebook02_sources/hourly_forecasts/01_19a_hko_ecmwf_single_run_hourly_forecasts.csv,source_target_date_decision_rule_issue_time,2026-04-28,6h_prior,,,2026-04-27 18:00:00+00:00,2026-04-27 18:00:00+00:00,1,1,1,0,2026-04-28 14:00:00+08:00,2026-04-28 14:00:00+08:00,,1500.0,REJECTED,local_hour_count_1
data/interim/notebook02_sources/hourly_forecasts/01_19a_hko_ecmwf_single_run_hourly_forecasts.csv,source_target_date_decision_rule_issue_time,2026-04-28,12h_prior,,,2026-04-27 18:00:00+00:00,2026-04-27 18:00:00+00:00,1,1,1,0,2026-04-28 20:00:00+08:00,2026-04-28 20:00:00+08:00,,1500.0,REJECTED,local_hour_count_1
data/interim/notebook02_sources/hourly_forecasts/01_19a_hko_ecmwf_single_run_hourly_forecasts.csv,source_target_date_decision_rule_issue_time,2026-04-29,6h_prior,,,2026-04-27 18:00:00+00:00,2026-04-27 18:00:00+00:00,1,1,1,0,2026-04-29 14:00:00+08:00,2026-04-29 14:00:00+08:00,,1500.0,REJECTED,local_hour_count_1
data/interim/notebook02_sources/hourly_forecasts/01_19a_hko_ecmwf_single_run_hourly_forecasts.csv,source_target_date_decision_rule_issue_time,2026-04-29,12h_prior,,,2026-04-27 18:00:00+00:00,2026-04-27 18:00:00+00:00,1,1,1,0,2026-04-29 20:00:00+08:00,2026-04-29 20:00:00+08:00,,1500.0,REJECTED,local_hour_count_1
data/interim/notebook02_sources/hourly_forecasts/01_19a_hko_ecmwf_single_run_hourly_forecasts.csv,source_target_date_decision_rule_issue_time,2026-04-30,6h_prior,,,2026-04-27 18:00:00+00:00,2026-04-27 18:00:00+00:00,1,1,1,0,2026-04-30 14:00:00+08:00,2026-04-30 14:00:00+08:00,,1500.0,REJECTED,local_hour_count_1
data/interim/notebook02_sources/hourly_forecasts/01_19a_hko_ecmwf_single_run_hourly_forecasts.csv,source_target_date_decision_rule_issue_time,2026-04-30,12h_prior,,,2026-04-27 18:00:00+00:00,2026-04-27 18:00:00+00:00,1,1,1,0,2026-04-30 20:00:00+08:00,2026-04-30 20:00:00+08:00,,1500.0,REJECTED,local_hour_count_1
data/interim/notebook02_sources/hourly_forecasts/01_19a_hko_ecmwf_single_run_hourly_forecasts.csv,source_target_date_decision_rule_issue_time,2026-05-01,6h_prior,,,2026-04-27 18:00:00+00:00,2026-04-27 18:00:00+00:00,1,1,1,0,2026-05-01 14:00:00+08:00,2026-05-01 14:00:00+08:00,,1500.0,REJECTED,local_hour_count_1
data/interim/notebook02_sources/hourly_forecasts/01_19a_hko_ecmwf_single_run_hourly_forecasts.csv,source_target_date_decision_rule_issue_time,2026-05-01,12h_prior,,,2026-04-27 18:00:00+00:00,2026-04-27 18:00:00+00:00,1,1,1,0,2026-05-01 20:00:00+08:00,2026-05-01 20:00:00+08:00,,1500.0,REJECTED,local_hour_count_1
data/interim/notebook02_sources/hourly_forecasts/01_19a_hko_ecmwf_single_run_hourly_forecasts.csv,source_target_date_decision_rule_issue_time,2026-05-02,6h_prior,,,2026-04-27 18:00:00+00:00,2026-04-27 18:00:00+00:00,1,1,1,0,2026-05-02 14:00:00+08:00,2026-05-02 14:00:00+08:00,,1500.0,REJECTED,local_hour_count_1
data/interim/notebook02_sources/hourly_forecasts/01_19a_hko_ecmwf_single_run_hourly_forecasts.csv,source_target_date_decision_rule_issue_time,2026-05-02,12h_prior,,,2026-04-27 18:00:00+00:00,2026-04-27 18:00:00+00:00,1,1,1,0,2026-05-02 20:00:00+08:00,2026-05-02 20:00:00+08:00,,1500.0,REJECTED,local_hour_count_1
data/interim/notebook02_sources/hourly_forecasts/01_19a_hko_ecmwf_single_run_hourly_forecasts.csv,source_target_date_decision_rule_issue_time,2026-05-03,6h_prior,,,2026-04-27 18:00:00+00:00,2026-04-27 18:00:00+00:00,1,1,1,0,2026-05-03 14:00:00+08:00,2026-05-03 14:00:00+08:00,,1500.0,REJECTED,local_hour_count_1
data/interim/notebook02_sources/hourly_forecasts/01_19a_hko_ecmwf_single_run_hourly_forecasts.csv,source_target_date_decision_rule_issue_time,2026-05-03,12h_prior,,,2026-04-27 18:00:00+00:00,2026-04-27 18:00:00+00:00,1,1,1,0,2026-05-03 20:00:00+08:00,2026-05-03 20:00:00+08:00,,1500.0,REJECTED,local_hour_count_1
data/interim/notebook02_sources/hourly_forecasts/01_19a_hko_ecmwf_single_run_hourly_forecasts.csv,source_target_date_decision_rule_issue_time,2026-04-28,12h_prior,,,2026-04-28 00:00:00+00:00,2026-04-28 00:00:00+00:00,1,1,1,0,2026-04-28 20:00:00+08:00,2026-04-28 20:00:00+08:00,,1500.0,REJECTED,local_hour_count_1
data/interim/notebook02_sources/hourly_forecasts/01_19a_hko_ecmwf_single_run_hourly_forecasts.csv,source_target_date_decision_rule_issue_time,2026-04-29,6h_prior,,,2026-04-28 00:00:00+00:00,2026-04-28 00:00:00+00:00,1,1,1,0,2026-04-29 14:00:00+08:00,2026-04-29 14:00:00+08:00,,1500.0,REJECTED,local_hour_count_1
data/interim/notebook02_sources/hourly_forecasts/01_19a_hko_ecmwf_single_run_hourly_forecasts.csv,source_target_date_decision_rule_issue_time,2026-04-29,12h_prior,,,2026-04-28 00:00:00+00:00,2026-04-28 00:00:00+00:00,1,1,1,0,2026-04-29 20:00:00+08:00,2026-04-29 20:00:00+08:00,,1500.0,REJECTED,local_hour_count_1
data/interim/notebook02_sources/hourly_forecasts/01_19a_hko_ecmwf_single_run_hourly_forecasts.csv,source_target_date_decision_rule_issue_time,2026-04-30,6h_prior,,,2026-04-28 00:00:00+00:00,2026-04-28 00:00:00+00:00,1,1,1,0,2026-04-30 14:00:00+08:00,2026-04-30 14:00:00+08:00,,1500.0,REJECTED,local_hour_count_1
data/interim/notebook02_sources/hourly_forecasts/01_19a_hko_ecmwf_single_run_hourly_forecasts.csv,source_target_date_decision_rule_issue_time,2026-04-30,12h_prior,,,2026-04-28 00:00:00+00:00,2026-04-28 00:00:00+00:00,1,1,1,0,2026-04-30 20:00:00+08:00,2026-04-30 20:00:00+08:00,,1500.0,REJECTED,local_hour_count_1
data/interim/notebook02_sources/hourly_forecasts/01_19a_hko_ecmwf_single_run_hourly_forecasts.csv,source_target_date_decision_rule_issue_time,2026-05-01,6h_prior,,,2026-04-28 00:00:00+00:00,2026-04-28 00:00:00+00:00,1,1,1,0,2026-05-01 14:00:00+08:00,2026-05-01 14:00:00+08:00,,1500.0,REJECTED,local_hour_count_1
data/interim/notebook02_sources/hourly_forecasts/01_19a_hko_ecmwf_single_run_hourly_forecasts.csv,source_target_date_decision_rule_issue_time,2026-05-01,12h_prior,,,2026-04-28 00:00:00+00:00,2026-04-28 00:00:00+00:00,1,1,1,0,2026-05-01 20:00:00+08:00,2026-05-01 20:00:00+08:00,,1500.0,REJECTED,local_hour_count_1
data/interim/notebook02_sources/hourly_forecasts/01_19a_hko_ecmwf_single_run_hourly_forecasts.csv,source_target_date_decision_rule_issue_time,2026-05-02,6h_prior,,,2026-04-28 00:00:00+00:00,2026-04-28 00:00:00+00:00,1,1,1,0,2026-05-02 14:00:00+08:00,2026-05-02 14:00:00+08:00,,1500.0,REJECTED,local_hour_count_1
data/interim/notebook02_sources/hourly_forecasts/01_19a_hko_ecmwf_single_run_hourly_forecasts.csv,source_target_date_decision_rule_issue_time,2026-05-02,12h_prior,,,2026-04-28 00:00:00+00:00,2026-04-28 00:00:00+00:00,1,1,1,0,2026-05-02 20:00:00+08:00,2026-05-02 20:00:00+08:00,,1500.0,REJECTED,local_hour_count_1
data/interim/notebook02_sources/hourly_forecasts/01_19a_hko_ecmwf_single_run_hourly_forecasts.csv,source_target_date_decision_rule_issue_time,2026-05-03,6h_prior,,,2026-04-28 00:00:00+00:00,2026-04-28 00:00:00+00:00,1,1,1,0,2026-05-03 14:00:00+08:00,2026-05-03 14:00:00+08:00,,1500.0,REJECTED,local_hour_count_1
data/interim/notebook02_sources/hourly_forecasts/01_19a_hko_ecmwf_single_run_hourly_forecasts.csv,source_target_date_decision_rule_issue_time,2026-05-03,12h_prior,,,2026-04-28 00:00:00+00:00,2026-04-28 00:00:00+00:00,1,1,1,0,2026-05-03 20:00:00+08:00,2026-05-03 20:00:00+08:00,,1500.0,REJECTED,local_hour_count_1
data/interim/notebook02_sources/hourly_forecasts/01_19a_hko_ecmwf_single_run_hourly_forecasts.csv,source_target_date_decision_rule_issue_time,2026-05-04,6h_prior,,,2026-04-28 00:00:00+00:00,2026-04-28 00:00:00+00:00,1,1,1,0,2026-05-04 14:00:00+08:00,2026-05-04 14:00:00+08:00,,1500.0,REJECTED,local_hour_count_1
data/interim/notebook02_sources/hourly_forecasts/01_19a_hko_ecmwf_single_run_hourly_forecasts.csv,source_target_date_decision_rule_issue_time,2026-05-04,12h_prior,,,2026-04-28 00:00:00+00:00,2026-04-28 00:00:00+00:00,1,1,1,0,2026-05-04 20:00:00+08:00,2026-05-04 20:00:00+08:00,,1500.0,REJECTED,local_hour_count_1
data/interim/notebook02_sources/hourly_forecasts/01_19a_hko_ecmwf_single_run_hourly_forecasts.csv,source_target_date_decision_rule_issue_time,2026-05-05,6h_prior,,,2026-04-28 00:00:00+00:00,2026-04-28 00:00:00+00:00,1,1,1,0,2026-05-05 14:00:00+08:00,2026-05-05 14:00:00+08:00,,1500.0,REJECTED,local_hour_count_1
data/interim/notebook02_sources/hourly_forecasts/01_19a_hko_ecmwf_single_run_hourly_forecasts.csv,source_target_date_decision_rule_issue_time,2026-05-05,12h_prior,,,2026-04-28 00:00:00+00:00,2026-04-28 00:00:00+00:00,1,1,1,0,2026-05-05 20:00:00+08:00,2026-05-05 20:00:00+08:00,,1500.0,REJECTED,local_hour_count_1
data/interim/notebook02_sources/hourly_forecasts/01_19a_hko_ecmwf_single_run_hourly_forecasts.csv,source_target_date_decision_rule_issue_time,2026-05-06,6h_prior,,,2026-04-28 00:00:00+00:00,2026-04-28 00:00:00+00:00,1,1,1,0,2026-05-06 14:00:00+08:00,2026-05-06 14:00:00+08:00,,1500.0,REJECTED,local_hour_count_1
data/interim/notebook02_sources/hourly_forecasts/01_19a_hko_ecmwf_single_run_hourly_forecasts.csv,source_target_date_decision_rule_issue_time,2026-05-06,12h_prior,,,2026-04-28 00:00:00+00:00,2026-04-28 00:00:00+00:00,1,1,1,0,2026-05-06 20:00:00+08:00,2026-05-06 20:00:00+08:00,,1500.0,REJECTED,local_hour_count_1
data/interim/notebook02_sources/hourly_forecasts/01_19a_hko_ecmwf_single_run_hourly_forecasts.csv,source_target_date_decision_rule_issue_time,2026-05-07,6h_prior,,,2026-04-28 00:00:00+00:00,2026-04-28 00:00:00+00:00,1,1,1,0,2026-05-07 14:00:00+08:00,2026-05-07 14:00:00+08:00,,1500.0,REJECTED,local_hour_count_1
data/interim/notebook02_sources/hourly_forecasts/01_19a_hko_ecmwf_single_run_hourly_forecasts.csv,source_target_date_decision_rule_issue_time,2026-05-07,12h_prior,,,2026-04-28 00:00:00+00:00,2026-04-28 00:00:00+00:00,1,1,1,0,2026-05-07 20:00:00+08:00,2026-05-07 20:00:00+08:00,,1500.0,REJECTED,local_hour_count_1
data/interim/notebook02_sources/hourly_forecasts/01_19a_hko_ecmwf_single_run_hourly_forecasts.csv,source_target_date_decision_rule_issue_time,2026-05-08,6h_prior,,,2026-04-28 00:00:00+00:00,2026-04-28 00:00:00+00:00,1,1,1,0,2026-05-08 14:00:00+08:00,2026-05-08 14:00:00+08:00,,1500.0,REJECTED,local_hour_count_1
data/interim/notebook02_sources/hourly_forecasts/01_19a_hko_ecmwf_single_run_hourly_forecasts.csv,source_target_date_decision_rule_issue_time,2026-04-29,6h_prior,,,2026-04-28 06:00:00+00:00,2026-04-28 06:00:00+00:00,1,1,1,0,2026-04-29 14:00:00+08:00,2026-04-29 14:00:00+08:00,,1500.0,REJECTED,local_hour_count_1
data/interim/notebook02_sources/hourly_forecasts/01_19a_hko_ecmwf_single_run_hourly_forecasts.csv,source_target_date_decision_rule_issue_time,2026-04-29,12h_prior,,,2026-04-28 06:00:00+00:00,2026-04-28 06:00:00+00:00,1,1,1,0,2026-04-29 20:00:00+08:00,2026-04-29 20:00:00+08:00,,1500.0,REJECTED,local_hour_count_1
data/interim/notebook02_sources/hourly_forecasts/01_19a_hko_ecmwf_single_run_hourly_forecasts.csv,source_target_date_decision_rule_issue_time,2026-04-30,6h_prior,,,2026-04-28 06:00:00+00:00,2026-04-28 06:00:00+00:00,1,1,1,0,2026-04-30 14:00:00+08:00,2026-04-30 14:00:00+08:00,,1500.0,REJECTED,local_hour_count_1
data/interim/notebook02_sources/hourly_forecasts/01_19a_hko_ecmwf_single_run_hourly_forecasts.csv,source_target_date_decision_rule_issue_time,2026-04-30,12h_prior,,,2026-04-28 06:00:00+00:00,2026-04-28 06:00:00+00:00,1,1,1,0,2026-04-30 20:00:00+08:00,2026-04-30 20:00:00+08:00,,1500.0,REJECTED,local_hour_count_1
data/interim/notebook02_sources/hourly_forecasts/01_19a_hko_ecmwf_single_run_hourly_forecasts.csv,source_target_date_decision_rule_issue_time,2026-05-01,6h_prior,,,2026-04-28 06:00:00+00:00,2026-04-28 06:00:00+00:00,1,1,1,0,2026-05-01 14:00:00+08:00,2026-05-01 14:00:00+08:00,,1500.0,REJECTED,local_hour_count_1
data/interim/notebook02_sources/hourly_forecasts/01_19a_hko_ecmwf_single_run_hourly_forecasts.csv,source_target_date_decision_rule_issue_time,2026-05-01,12h_prior,,,2026-04-28 06:00:00+00:00,2026-04-28 06:00:00+00:00,1,1,1,0,2026-05-01 20:00:00+08:00,2026-05-01 20:00:00+08:00,,1500.0,REJECTED,local_hour_count_1
data/interim/notebook02_sources/hourly_forecasts/01_19a_hko_ecmwf_single_run_hourly_forecasts.csv,source_target_date_decision_rule_issue_time,2026-05-02,6h_prior,,,2026-04-28 06:00:00+00:00,2026-04-28 06:00:00+00:00,1,1,1,0,2026-05-02 14:00:00+08:00,2026-05-02 14:00:00+08:00,,1500.0,REJECTED,local_hour_count_1
data/interim/notebook02_sources/hourly_forecasts/01_19a_hko_ecmwf_single_run_hourly_forecasts.csv,source_target_date_decision_rule_issue_time,2026-05-02,12h_prior,,,2026-04-28 06:00:00+00:00,2026-04-28 06:00:00+00:00,1,1,1,0,2026-05-02 20:00:00+08:00,2026-05-02 20:00:00+08:00,,1500.0,REJECTED,local_hour_count_1
data/interim/notebook02_sources/hourly_forecasts/01_19a_hko_ecmwf_single_run_hourly_forecasts.csv,source_target_date_decision_rule_issue_time,2026-05-03,6h_prior,,,2026-04-28 06:00:00+00:00,2026-04-28 06:00:00+00:00,1,1,1,0,2026-05-03 14:00:00+08:00,2026-05-03 14:00:00+08:00,,1500.0,REJECTED,local_hour_count_1
data/interim/notebook02_sources/hourly_forecasts/01_19a_hko_ecmwf_single_run_hourly_forecasts.csv,source_target_date_decision_rule_issue_time,2026-05-03,12h_prior,,,2026-04-28 06:00:00+00:00,2026-04-28 06:00:00+00:00,1,1,1,0,2026-05-03 20:00:00+08:00,2026-05-03 20:00:00+08:00,,1500.0,REJECTED,local_hour_count_1
data/interim/notebook02_sources/hourly_forecasts/01_19a_hko_ecmwf_single_run_hourly_forecasts.csv,source_target_date_decision_rule_issue_time,2026-05-04,6h_prior,,,2026-04-28 06:00:00+00:00,2026-04-28 06:00:00+00:00,1,1,1,0,2026-05-04 14:00:00+08:00,2026-05-04 14:00:00+08:00,,1500.0,REJECTED,local_hour_count_1
data/interim/notebook02_sources/hourly_forecasts/01_19a_hko_ecmwf_single_run_hourly_forecasts.csv,source_target_date_decision_rule_issue_time,2026-05-04,12h_prior,,,2026-04-28 06:00:00+00:00,2026-04-28 06:00:00+00:00,1,1,1,0,2026-05-04 20:00:00+08:00,2026-05-04 20:00:00+08:00,,1500.0,REJECTED,local_hour_count_1
data/interim/notebook02_sources/hourly_forecasts/01_19a_hko_ecmwf_single_run_hourly_forecasts.csv,source_target_date_decision_rule_issue_time,2026-04-29,6h_prior,,,2026-04-28 18:00:00+00:00,2026-04-28 18:00:00+00:00,1,1,1,0,2026-04-29 14:00:00+08:00,2026-04-29 14:00:00+08:00,,1500.0,REJECTED,local_hour_count_1
data/interim/notebook02_sources/hourly_forecasts/01_19a_hko_ecmwf_single_run_hourly_forecasts.csv,source_target_date_decision_rule_issue_time,2026-04-29,12h_prior,,,2026-04-28 18:00:00+00:00,2026-04-28 18:00:00+00:00,1,1,1,0,2026-04-29 20:00:00+08:00,2026-04-29 20:00:00+08:00,,1500.0,REJECTED,local_hour_count_1
data/interim/notebook02_sources/hourly_forecasts/01_19a_hko_ecmwf_single_run_hourly_forecasts.csv,source_target_date_decision_rule_issue_time,2026-04-30,6h_prior,,,2026-04-28 18:00:00+00:00,2026-04-28 18:00:00+00:00,1,1,1,0,2026-04-30 14:00:00+08:00,2026-04-30 14:00:00+08:00,,1500.0,REJECTED,local_hour_count_1
data/interim/notebook02_sources/hourly_forecasts/01_19a_hko_ecmwf_single_run_hourly_forecasts.csv,source_target_date_decision_rule_issue_time,2026-04-30,12h_prior,,,2026-04-28 18:00:00+00:00,2026-04-28 18:00:00+00:00,1,1,1,0,2026-04-30 20:00:00+08:00,2026-04-30 20:00:00+08:00,,1500.0,REJECTED,local_hour_count_1
data/interim/notebook02_sources/hourly_forecasts/01_19a_hko_ecmwf_single_run_hourly_forecasts.csv,source_target_date_decision_rule_issue_time,2026-05-01,6h_prior,,,2026-04-28 18:00:00+00:00,2026-04-28 18:00:00+00:00,1,1,1,0,2026-05-01 14:00:00+08:00,2026-05-01 14:00:00+08:00,,1500.0,REJECTED,local_hour_count_1
data/interim/notebook02_sources/hourly_forecasts/01_19a_hko_ecmwf_single_run_hourly_forecasts.csv,source_target_date_decision_rule_issue_time,2026-05-01,12h_prior,,,2026-04-28 18:00:00+00:00,2026-04-28 18:00:00+00:00,1,1,1,0,2026-05-01 20:00:00+08:00,2026-05-01 20:00:00+08:00,,1500.0,REJECTED,local_hour_count_1
data/interim/notebook02_sources/hourly_forecasts/01_19a_hko_ecmwf_single_run_hourly_forecasts.csv,source_target_date_decision_rule_issue_time,2026-05-02,6h_prior,,,2026-04-28 18:00:00+00:00,2026-04-28 18:00:00+00:00,1,1,1,0,2026-05-02 14:00:00+08:00,2026-05-02 14:00:00+08:00,,1500.0,REJECTED,local_hour_count_1
data/interim/notebook02_sources/hourly_forecasts/01_19a_hko_ecmwf_single_run_hourly_forecasts.csv,source_target_date_decision_rule_issue_time,2026-05-02,12h_prior,,,2026-04-28 18:00:00+00:00,2026-04-28 18:00:00+00:00,1,1,1,0,2026-05-02 20:00:00+08:00,2026-05-02 20:00:00+08:00,,1500.0,REJECTED,local_hour_count_1
data/interim/notebook02_sources/hourly_forecasts/01_19a_hko_ecmwf_single_run_hourly_forecasts.csv,source_target_date_decision_rule_issue_time,2026-05-03,6h_prior,,,2026-04-28 18:00:00+00:00,2026-04-28 18:00:00+00:00,1,1,1,0,2026-05-03 14:00:00+08:00,2026-05-03 14:00:00+08:00,,1500.0,REJECTED,local_hour_count_1
data/interim/notebook02_sources/hourly_forecasts/01_19a_hko_ecmwf_single_run_hourly_forecasts.csv,source_target_date_decision_rule_issue_time,2026-05-03,12h_prior,,,2026-04-28 18:00:00+00:00,2026-04-28 18:00:00+00:00,1,1,1,0,2026-05-03 20:00:00+08:00,2026-05-03 20:00:00+08:00,,1500.0,REJECTED,local_hour_count_1
data/interim/notebook02_sources/hourly_forecasts/01_19a_hko_ecmwf_single_run_hourly_forecasts.csv,source_target_date_decision_rule_issue_time,2026-05-04,6h_prior,,,2026-04-28 18:00:00+00:00,2026-04-28 18:00:00+00:00,1,1,1,0,2026-05-04 14:00:00+08:00,2026-05-04 14:00:00+08:00,,1500.0,REJECTED,local_hour_count_1
data/interim/notebook02_sources/hourly_forecasts/01_19a_hko_ecmwf_single_run_hourly_forecasts.csv,source_target_date_decision_rule_issue_time,2026-05-04,12h_prior,,,2026-04-28 18:00:00+00:00,2026-04-28 18:00:00+00:00,1,1,1,0,2026-05-04 20:00:00+08:00,2026-05-04 20:00:00+08:00,,1500.0,REJECTED,local_hour_count_1
data/interim/notebook02_sources/hourly_forecasts/01_19a_hko_ecmwf_single_run_hourly_forecasts.csv,source_target_date_decision_rule_issue_time,2026-04-29,12h_prior,,,2026-04-29 00:00:00+00:00,2026-04-29 00:00:00+00:00,1,1,1,0,2026-04-29 20:00:00+08:00,2026-04-29 20:00:00+08:00,,1500.0,REJECTED,local_hour_count_1
data/interim/notebook02_sources/hourly_forecasts/01_19a_hko_ecmwf_single_run_hourly_forecasts.csv,source_target_date_decision_rule_issue_time,2026-04-30,6h_prior,,,2026-04-29 00:00:00+00:00,2026-04-29 00:00:00+00:00,1,1,1,0,2026-04-30 14:00:00+08:00,2026-04-30 14:00:00+08:00,,1500.0,REJECTED,local_hour_count_1
data/interim/notebook02_sources/hourly_forecasts/01_19a_hko_ecmwf_single_run_hourly_forecasts.csv,source_target_date_decision_rule_issue_time,2026-04-30,12h_prior,,,2026-04-29 00:00:00+00:00,2026-04-29 00:00:00+00:00,1,1,1,0,2026-04-30 20:00:00+08:00,2026-04-30 20:00:00+08:00,,1500.0,REJECTED,local_hour_count_1
data/interim/notebook02_sources/hourly_forecasts/01_19a_hko_ecmwf_single_run_hourly_forecasts.csv,source_target_date_decision_rule_issue_time,2026-05-01,6h_prior,,,2026-04-29 00:00:00+00:00,2026-04-29 00:00:00+00:00,1,1,1,0,2026-05-01 14:00:00+08:00,2026-05-01 14:00:00+08:00,,1500.0,REJECTED,local_hour_count_1
data/interim/notebook02_sources/hourly_forecasts/01_19a_hko_ecmwf_single_run_hourly_forecasts.csv,source_target_date_decision_rule_issue_time,2026-05-01,12h_prior,,,2026-04-29 00:00:00+00:00,2026-04-29 00:00:00+00:00,1,1,1,0,2026-05-01 20:00:00+08:00,2026-05-01 20:00:00+08:00,,1500.0,REJECTED,local_hour_count_1
data/interim/notebook02_sources/hourly_forecasts/01_19a_hko_ecmwf_single_run_hourly_forecasts.csv,source_target_date_decision_rule_issue_time,2026-05-02,6h_prior,,,2026-04-29 00:00:00+00:00,2026-04-29 00:00:00+00:00,1,1,1,0,2026-05-02 14:00:00+08:00,2026-05-02 14:00:00+08:00,,1500.0,REJECTED,local_hour_count_1
data/interim/notebook02_sources/hourly_forecasts/01_19a_hko_ecmwf_single_run_hourly_forecasts.csv,source_target_date_decision_rule_issue_time,2026-05-02,12h_prior,,,2026-04-29 00:00:00+00:00,2026-04-29 00:00:00+00:00,1,1,1,0,2026-05-02 20:00:00+08:00,2026-05-02 20:00:00+08:00,,1500.0,REJECTED,local_hour_count_1
data/interim/notebook02_sources/hourly_forecasts/01_19a_hko_ecmwf_single_run_hourly_forecasts.csv,source_target_date_decision_rule_issue_time,2026-05-03,6h_prior,,,2026-04-29 00:00:00+00:00,2026-04-29 00:00:00+00:00,1,1,1,0,2026-05-03 14:00:00+08:00,2026-05-03 14:00:00+08:00,,1500.0,REJECTED,local_hour_count_1
data/interim/notebook02_sources/hourly_forecasts/01_19a_hko_ecmwf_single_run_hourly_forecasts.csv,source_target_date_decision_rule_issue_time,2026-05-03,12h_prior,,,2026-04-29 00:00:00+00:00,2026-04-29 00:00:00+00:00,1,1,1,0,2026-05-03 20:00:00+08:00,2026-05-03 20:00:00+08:00,,1500.0,REJECTED,local_hour_count_1
data/interim/notebook02_sources/hourly_forecasts/01_19a_hko_ecmwf_single_run_hourly_forecasts.csv,source_target_date_decision_rule_issue_time,2026-05-04,6h_prior,,,2026-04-29 00:00:00+00:00,2026-04-29 00:00:00+00:00,1,1,1,0,2026-05-04 14:00:00+08:00,2026-05-04 14:00:00+08:00,,1500.0,REJECTED,local_hour_count_1
data/interim/notebook02_sources/hourly_forecasts/01_19a_hko_ecmwf_single_run_hourly_forecasts.csv,source_target_date_decision_rule_issue_time,2026-05-04,12h_prior,,,2026-04-29 00:00:00+00:00,2026-04-29 00:00:00+00:00,1,1,1,0,2026-05-04 20:00:00+08:00,2026-05-04 20:00:00+08:00,,1500.0,REJECTED,local_hour_count_1
data/interim/notebook02_sources/hourly_forecasts/01_19a_hko_ecmwf_single_run_hourly_forecasts.csv,source_target_date_decision_rule_issue_time,2026-05-05,6h_prior,,,2026-04-29 00:00:00+00:00,2026-04-29 00:00:00+00:00,1,1,1,0,2026-05-05 14:00:00+08:00,2026-05-05 14:00:00+08:00,,1500.0,REJECTED,local_hour_count_1
data/interim/notebook02_sources/hourly_forecasts/01_19a_hko_ecmwf_single_run_hourly_forecasts.csv,source_target_date_decision_rule_issue_time,2026-05-05,12h_prior,,,2026-04-29 00:00:00+00:00,2026-04-29 00:00:00+00:00,1,1,1,0,2026-05-05 20:00:00+08:00,2026-05-05 20:00:00+08:00,,1500.0,REJECTED,local_hour_count_1
data/interim/notebook02_sources/hourly_forecasts/01_19a_hko_ecmwf_single_run_hourly_forecasts.csv,source_target_date_decision_rule_issue_time,2026-05-06,6h_prior,,,2026-04-29 00:00:00+00:00,2026-04-29 00:00:00+00:00,1,1,1,0,2026-05-06 14:00:00+08:00,2026-05-06 14:00:00+08:00,,1500.0,REJECTED,local_hour_count_1
data/interim/notebook02_sources/hourly_forecasts/01_19a_hko_ecmwf_single_run_hourly_forecasts.csv,source_target_date_decision_rule_issue_time,2026-05-06,12h_prior,,,2026-04-29 00:00:00+00:00,2026-04-29 00:00:00+00:00,1,1,1,0,2026-05-06 20:00:00+08:00,2026-05-06 20:00:00+08:00,,1500.0,REJECTED,local_hour_count_1
data/interim/notebook02_sources/hourly_forecasts/01_19a_hko_ecmwf_single_run_hourly_forecasts.csv,source_target_date_decision_rule_issue_time,2026-05-07,6h_prior,,,2026-04-29 00:00:00+00:00,2026-04-29 00:00:00+00:00,1,1,1,0,2026-05-07 14:00:00+08:00,2026-05-07 14:00:00+08:00,,1500.0,REJECTED,local_hour_count_1
data/interim/notebook02_sources/hourly_forecasts/01_19a_hko_ecmwf_single_run_hourly_forecasts.csv,source_target_date_decision_rule_issue_time,2026-05-07,12h_prior,,,2026-04-29 00:00:00+00:00,2026-04-29 00:00:00+00:00,1,1,1,0,2026-05-07 20:00:00+08:00,2026-05-07 20:00:00+08:00,,1500.0,REJECTED,local_hour_count_1
data/interim/notebook02_sources/hourly_forecasts/01_19a_hko_ecmwf_single_run_hourly_forecasts.csv,source_target_date_decision_rule_issue_time,2026-05-08,6h_prior,,,2026-04-29 00:00:00+00:00,2026-04-29 00:00:00+00:00,1,1,1,0,2026-05-08 14:00:00+08:00,2026-05-08 14:00:00+08:00,,1500.0,REJECTED,local_hour_count_1
data/interim/notebook02_sources/hourly_forecasts/01_19a_hko_ecmwf_single_run_hourly_forecasts.csv,source_target_date_decision_rule_issue_time,2026-05-08,12h_prior,,,2026-04-29 00:00:00+00:00,2026-04-29 00:00:00+00:00,1,1,1,0,2026-05-08 20:00:00+08:00,2026-05-08 20:00:00+08:00,,1500.0,REJECTED,local_hour_count_1
data/interim/notebook02_sources/hourly_forecasts/01_19a_hko_ecmwf_single_run_hourly_forecasts.csv,source_target_date_decision_rule_issue_time,2026-05-09,6h_prior,,,2026-04-29 00:00:00+00:00,2026-04-29 00:00:00+00:00,1,1,1,0,2026-05-09 14:00:00+08:00,2026-05-09 14:00:00+08:00,,1500.0,REJECTED,local_hour_count_1
data/interim/notebook02_sources/hourly_forecasts/01_19a_hko_ecmwf_single_run_hourly_forecasts.csv,source_target_date_decision_rule_issue_time,2026-04-30,6h_prior,,,2026-04-29 06:00:00+00:00,2026-04-29 06:00:00+00:00,1,1,1,0,2026-04-30 14:00:00+08:00,2026-04-30 14:00:00+08:00,,1500.0,REJECTED,local_hour_count_1
data/interim/notebook02_sources/hourly_forecasts/01_19a_hko_ecmwf_single_run_hourly_forecasts.csv,source_target_date_decision_rule_issue_time,2026-04-30,12h_prior,,,2026-04-29 06:00:00+00:00,2026-04-29 06:00:00+00:00,1,1,1,0,2026-04-30 20:00:00+08:00,2026-04-30 20:00:00+08:00,,1500.0,REJECTED,local_hour_count_1
data/interim/notebook02_sources/hourly_forecasts/01_19a_hko_ecmwf_single_run_hourly_forecasts.csv,source_target_date_decision_rule_issue_time,2026-05-01,6h_prior,,,2026-04-29 06:00:00+00:00,2026-04-29 06:00:00+00:00,1,1,1,0,2026-05-01 14:00:00+08:00,2026-05-01 14:00:00+08:00,,1500.0,REJECTED,local_hour_count_1
data/interim/notebook02_sources/hourly_forecasts/01_19a_hko_ecmwf_single_run_hourly_forecasts.csv,source_target_date_decision_rule_issue_time,2026-05-01,12h_prior,,,2026-04-29 06:00:00+00:00,2026-04-29 06:00:00+00:00,1,1,1,0,2026-05-01 20:00:00+08:00,2026-05-01 20:00:00+08:00,,1500.0,REJECTED,local_hour_count_1
data/interim/notebook02_sources/hourly_forecasts/01_19a_hko_ecmwf_single_run_hourly_forecasts.csv,source_target_date_decision_rule_issue_time,2026-05-02,6h_prior,,,2026-04-29 06:00:00+00:00,2026-04-29 06:00:00+00:00,1,1,1,0,2026-05-02 14:00:00+08:00,2026-05-02 14:00:00+08:00,,1500.0,REJECTED,local_hour_count_1
data/interim/notebook02_sources/hourly_forecasts/01_19a_hko_ecmwf_single_run_hourly_forecasts.csv,source_target_date_decision_rule_issue_time,2026-05-02,12h_prior,,,2026-04-29 06:00:00+00:00,2026-04-29 06:00:00+00:00,1,1,1,0,2026-05-02 20:00:00+08:00,2026-05-02 20:00:00+08:00,,1500.0,REJECTED,local_hour_count_1
data/interim/notebook02_sources/hourly_forecasts/01_19a_hko_ecmwf_single_run_hourly_forecasts.csv,source_target_date_decision_rule_issue_time,2026-05-03,6h_prior,,,2026-04-29 06:00:00+00:00,2026-04-29 06:00:00+00:00,1,1,1,0,2026-05-03 14:00:00+08:00,2026-05-03 14:00:00+08:00,,1500.0,REJECTED,local_hour_count_1
data/interim/notebook02_sources/hourly_forecasts/01_19a_hko_ecmwf_single_run_hourly_forecasts.csv,source_target_date_decision_rule_issue_time,2026-05-03,12h_prior,,,2026-04-29 06:00:00+00:00,2026-04-29 06:00:00+00:00,1,1,1,0,2026-05-03 20:00:00+08:00,2026-05-03 20:00:00+08:00,,1500.0,REJECTED,local_hour_count_1
data/interim/notebook02_sources/hourly_forecasts/01_19a_hko_ecmwf_single_run_hourly_forecasts.csv,source_target_date_decision_rule_issue_time,2026-05-04,6h_prior,,,2026-04-29 06:00:00+00:00,2026-04-29 06:00:00+00:00,1,1,1,0,2026-05-04 14:00:00+08:00,2026-05-04 14:00:00+08:00,,1500.0,REJECTED,local_hour_count_1
data/interim/notebook02_sources/hourly_forecasts/01_19a_hko_ecmwf_single_run_hourly_forecasts.csv,source_target_date_decision_rule_issue_time,2026-05-04,12h_prior,,,2026-04-29 06:00:00+00:00,2026-04-29 06:00:00+00:00,1,1,1,0,2026-05-04 20:00:00+08:00,2026-05-04 20:00:00+08:00,,1500.0,REJECTED,local_hour_count_1
data/interim/notebook02_sources/hourly_forecasts/01_19a_hko_ecmwf_single_run_hourly_forecasts.csv,source_target_date_decision_rule_issue_time,2026-05-05,6h_prior,,,2026-04-29 06:00:00+00:00,2026-04-29 06:00:00+00:00,1,1,1,0,2026-05-05 14:00:00+08:00,2026-05-05 14:00:00+08:00,,1500.0,REJECTED,local_hour_count_1
data/interim/notebook02_sources/hourly_forecasts/01_19a_hko_ecmwf_single_run_hourly_forecasts.csv,source_target_date_decision_rule_issue_time,2026-05-05,12h_prior,,,2026-04-29 06:00:00+00:00,2026-04-29 06:00:00+00:00,1,1,1,0,2026-05-05 20:00:00+08:00,2026-05-05 20:00:00+08:00,,1500.0,REJECTED,local_hour_count_1
data/interim/notebook02_sources/hourly_forecasts/01_19a_hko_ecmwf_single_run_hourly_forecasts.csv,source_target_date_decision_rule_issue_time,2026-04-30,6h_prior,,,2026-04-29 18:00:00+00:00,2026-04-29 18:00:00+00:00,1,1,1,0,2026-04-30 14:00:00+08:00,2026-04-30 14:00:00+08:00,,1500.0,REJECTED,local_hour_count_1
data/interim/notebook02_sources/hourly_forecasts/01_19a_hko_ecmwf_single_run_hourly_forecasts.csv,source_target_date_decision_rule_issue_time,2026-04-30,12h_prior,,,2026-04-29 18:00:00+00:00,2026-04-29 18:00:00+00:00,1,1,1,0,2026-04-30 20:00:00+08:00,2026-04-30 20:00:00+08:00,,1500.0,REJECTED,local_hour_count_1
data/interim/notebook02_sources/hourly_forecasts/01_19a_hko_ecmwf_single_run_hourly_forecasts.csv,source_target_date_decision_rule_issue_time,2026-05-01,6h_prior,,,2026-04-29 18:00:00+00:00,2026-04-29 18:00:00+00:00,1,1,1,0,2026-05-01 14:00:00+08:00,2026-05-01 14:00:00+08:00,,1500.0,REJECTED,local_hour_count_1
data/interim/notebook02_sources/hourly_forecasts/01_19a_hko_ecmwf_single_run_hourly_forecasts.csv,source_target_date_decision_rule_issue_time,2026-05-01,12h_prior,,,2026-04-29 18:00:00+00:00,2026-04-29 18:00:00+00:00,1,1,1,0,2026-05-01 20:00:00+08:00,2026-05-01 20:00:00+08:00,,1500.0,REJECTED,local_hour_count_1
data/interim/notebook02_sources/hourly_forecasts/01_19a_hko_ecmwf_single_run_hourly_forecasts.csv,source_target_date_decision_rule_issue_time,2026-05-02,6h_prior,,,2026-04-29 18:00:00+00:00,2026-04-29 18:00:00+00:00,1,1,1,0,2026-05-02 14:00:00+08:00,2026-05-02 14:00:00+08:00,,1500.0,REJECTED,local_hour_count_1
data/interim/notebook02_sources/hourly_forecasts/01_19a_hko_ecmwf_single_run_hourly_forecasts.csv,source_target_date_decision_rule_issue_time,2026-05-02,12h_prior,,,2026-04-29 18:00:00+00:00,2026-04-29 18:00:00+00:00,1,1,1,0,2026-05-02 20:00:00+08:00,2026-05-02 20:00:00+08:00,,1500.0,REJECTED,local_hour_count_1
data/interim/notebook02_sources/hourly_forecasts/01_19a_hko_ecmwf_single_run_hourly_forecasts.csv,source_target_date_decision_rule_issue_time,2026-05-03,6h_prior,,,2026-04-29 18:00:00+00:00,2026-04-29 18:00:00+00:00,1,1,1,0,2026-05-03 14:00:00+08:00,2026-05-03 14:00:00+08:00,,1500.0,REJECTED,local_hour_count_1
data/interim/notebook02_sources/hourly_forecasts/01_19a_hko_ecmwf_single_run_hourly_forecasts.csv,source_target_date_decision_rule_issue_time,2026-05-03,12h_prior,,,2026-04-29 18:00:00+00:00,2026-04-29 18:00:00+00:00,1,1,1,0,2026-05-03 20:00:00+08:00,2026-05-03 20:00:00+08:00,,1500.0,REJECTED,local_hour_count_1
data/interim/notebook02_sources/hourly_forecasts/01_19a_hko_ecmwf_single_run_hourly_forecasts.csv,source_target_date_decision_rule_issue_time,2026-05-04,6h_prior,,,2026-04-29 18:00:00+00:00,2026-04-29 18:00:00+00:00,1,1,1,0,2026-05-04 14:00:00+08:00,2026-05-04 14:00:00+08:00,,1500.0,REJECTED,local_hour_count_1
data/interim/notebook02_sources/hourly_forecasts/01_19a_hko_ecmwf_single_run_hourly_forecasts.csv,source_target_date_decision_rule_issue_time,2026-05-04,12h_prior,,,2026-04-29 18:00:00+00:00,2026-04-29 18:00:00+00:00,1,1,1,0,2026-05-04 20:00:00+08:00,2026-05-04 20:00:00+08:00,,1500.0,REJECTED,local_hour_count_1
data/interim/notebook02_sources/hourly_forecasts/01_19a_hko_ecmwf_single_run_hourly_forecasts.csv,source_target_date_decision_rule_issue_time,2026-05-05,6h_prior,,,2026-04-29 18:00:00+00:00,2026-04-29 18:00:00+00:00,1,1,1,0,2026-05-05 14:00:00+08:00,2026-05-05 14:00:00+08:00,,1500.0,REJECTED,local_hour_count_1
data/interim/notebook02_sources/hourly_forecasts/01_19a_hko_ecmwf_single_run_hourly_forecasts.csv,source_target_date_decision_rule_issue_time,2026-05-05,12h_prior,,,2026-04-29 18:00:00+00:00,2026-04-29 18:00:00+00:00,1,1,1,0,2026-05-05 20:00:00+08:00,2026-05-05 20:00:00+08:00,,1500.0,REJECTED,local_hour_count_1
data/interim/notebook02_sources/hourly_forecasts/01_19a_hko_ecmwf_single_run_hourly_forecasts.csv,source_target_date_decision_rule_issue_time,2026-04-30,12h_prior,,,2026-04-30 00:00:00+00:00,2026-04-30 00:00:00+00:00,1,1,1,0,2026-04-30 20:00:00+08:00,2026-04-30 20:00:00+08:00,,1500.0,REJECTED,local_hour_count_1
data/interim/notebook02_sources/hourly_forecasts/01_19a_hko_ecmwf_single_run_hourly_forecasts.csv,source_target_date_decision_rule_issue_time,2026-05-01,6h_prior,,,2026-04-30 00:00:00+00:00,2026-04-30 00:00:00+00:00,1,1,1,0,2026-05-01 14:00:00+08:00,2026-05-01 14:00:00+08:00,,1500.0,REJECTED,local_hour_count_1
data/interim/notebook02_sources/hourly_forecasts/01_19a_hko_ecmwf_single_run_hourly_forecasts.csv,source_target_date_decision_rule_issue_time,2026-05-01,12h_prior,,,2026-04-30 00:00:00+00:00,2026-04-30 00:00:00+00:00,1,1,1,0,2026-05-01 20:00:00+08:00,2026-05-01 20:00:00+08:00,,1500.0,REJECTED,local_hour_count_1
data/interim/notebook02_sources/hourly_forecasts/01_19a_hko_ecmwf_single_run_hourly_forecasts.csv,source_target_date_decision_rule_issue_time,2026-05-02,6h_prior,,,2026-04-30 00:00:00+00:00,2026-04-30 00:00:00+00:00,1,1,1,0,2026-05-02 14:00:00+08:00,2026-05-02 14:00:00+08:00,,1500.0,REJECTED,local_hour_count_1
data/interim/notebook02_sources/hourly_forecasts/01_19a_hko_ecmwf_single_run_hourly_forecasts.csv,source_target_date_decision_rule_issue_time,2026-05-02,12h_prior,,,2026-04-30 00:00:00+00:00,2026-04-30 00:00:00+00:00,1,1,1,0,2026-05-02 20:00:00+08:00,2026-05-02 20:00:00+08:00,,1500.0,REJECTED,local_hour_count_1
data/interim/notebook02_sources/hourly_forecasts/01_19a_hko_ecmwf_single_run_hourly_forecasts.csv,source_target_date_decision_rule_issue_time,2026-05-03,6h_prior,,,2026-04-30 00:00:00+00:00,2026-04-30 00:00:00+00:00,1,1,1,0,2026-05-03 14:00:00+08:00,2026-05-03 14:00:00+08:00,,1500.0,REJECTED,local_hour_count_1
data/interim/notebook02_sources/hourly_forecasts/01_19a_hko_ecmwf_single_run_hourly_forecasts.csv,source_target_date_decision_rule_issue_time,2026-05-03,12h_prior,,,2026-04-30 00:00:00+00:00,2026-04-30 00:00:00+00:00,1,1,1,0,2026-05-03 20:00:00+08:00,2026-05-03 20:00:00+08:00,,1500.0,REJECTED,local_hour_count_1
data/interim/notebook02_sources/hourly_forecasts/01_19a_hko_ecmwf_single_run_hourly_forecasts.csv,source_target_date_decision_rule_issue_time,2026-05-04,6h_prior,,,2026-04-30 00:00:00+00:00,2026-04-30 00:00:00+00:00,1,1,1,0,2026-05-04 14:00:00+08:00,2026-05-04 14:00:00+08:00,,1500.0,REJECTED,local_hour_count_1
data/interim/notebook02_sources/hourly_forecasts/01_19a_hko_ecmwf_single_run_hourly_forecasts.csv,source_target_date_decision_rule_issue_time,2026-05-04,12h_prior,,,2026-04-30 00:00:00+00:00,2026-04-30 00:00:00+00:00,1,1,1,0,2026-05-04 20:00:00+08:00,2026-05-04 20:00:00+08:00,,1500.0,REJECTED,local_hour_count_1
data/interim/notebook02_sources/hourly_forecasts/01_19a_hko_ecmwf_single_run_hourly_forecasts.csv,source_target_date_decision_rule_issue_time,2026-05-05,6h_prior,,,2026-04-30 00:00:00+00:00,2026-04-30 00:00:00+00:00,1,1,1,0,2026-05-05 14:00:00+08:00,2026-05-05 14:00:00+08:00,,1500.0,REJECTED,local_hour_count_1
data/interim/notebook02_sources/hourly_forecasts/01_19a_hko_ecmwf_single_run_hourly_forecasts.csv,source_target_date_decision_rule_issue_time,2026-05-05,12h_prior,,,2026-04-30 00:00:00+00:00,2026-04-30 00:00:00+00:00,1,1,1,0,2026-05-05 20:00:00+08:00,2026-05-05 20:00:00+08:00,,1500.0,REJECTED,local_hour_count_1
data/interim/notebook02_sources/hourly_forecasts/01_19a_hko_ecmwf_single_run_hourly_forecasts.csv,source_target_date_decision_rule_issue_time,2026-05-06,6h_prior,,,2026-04-30 00:00:00+00:00,2026-04-30 00:00:00+00:00,1,1,1,0,2026-05-06 14:00:00+08:00,2026-05-06 14:00:00+08:00,,1500.0,REJECTED,local_hour_count_1
data/interim/notebook02_sources/hourly_forecasts/01_19a_hko_ecmwf_single_run_hourly_forecasts.csv,source_target_date_decision_rule_issue_time,2026-05-06,12h_prior,,,2026-04-30 00:00:00+00:00,2026-04-30 00:00:00+00:00,1,1,1,0,2026-05-06 20:00:00+08:00,2026-05-06 20:00:00+08:00,,1500.0,REJECTED,local_hour_count_1
data/interim/notebook02_sources/hourly_forecasts/01_19a_hko_ecmwf_single_run_hourly_forecasts.csv,source_target_date_decision_rule_issue_time,2026-05-07,6h_prior,,,2026-04-30 00:00:00+00:00,2026-04-30 00:00:00+00:00,1,1,1,0,2026-05-07 14:00:00+08:00,2026-05-07 14:00:00+08:00,,1500.0,REJECTED,local_hour_count_1
data/interim/notebook02_sources/hourly_forecasts/01_19a_hko_ecmwf_single_run_hourly_forecasts.csv,source_target_date_decision_rule_issue_time,2026-05-07,12h_prior,,,2026-04-30 00:00:00+00:00,2026-04-30 00:00:00+00:00,1,1,1,0,2026-05-07 20:00:00+08:00,2026-05-07 20:00:00+08:00,,1500.0,REJECTED,local_hour_count_1
data/interim/notebook02_sources/hourly_forecasts/01_19a_hko_ecmwf_single_run_hourly_forecasts.csv,source_target_date_decision_rule_issue_time,2026-05-08,6h_prior,,,2026-04-30 00:00:00+00:00,2026-04-30 00:00:00+00:00,1,1,1,0,2026-05-08 14:00:00+08:00,2026-05-08 14:00:00+08:00,,1500.0,REJECTED,local_hour_count_1
data/interim/notebook02_sources/hourly_forecasts/01_19a_hko_ecmwf_single_run_hourly_forecasts.csv,source_target_date_decision_rule_issue_time,2026-05-08,12h_prior,,,2026-04-30 00:00:00+00:00,2026-04-30 00:00:00+00:00,1,1,1,0,2026-05-08 20:00:00+08:00,2026-05-08 20:00:00+08:00,,1500.0,REJECTED,local_hour_count_1
data/interim/notebook02_sources/hourly_forecasts/01_19a_hko_ecmwf_single_run_hourly_forecasts.csv,source_target_date_decision_rule_issue_time,2026-05-09,6h_prior,,,2026-04-30 00:00:00+00:00,2026-04-30 00:00:00+00:00,1,1,1,0,2026-05-09 14:00:00+08:00,2026-05-09 14:00:00+08:00,,1500.0,REJECTED,local_hour_count_1
data/interim/notebook02_sources/hourly_forecasts/01_19a_hko_ecmwf_single_run_hourly_forecasts.csv,source_target_date_decision_rule_issue_time,2026-05-09,12h_prior,,,2026-04-30 00:00:00+00:00,2026-04-30 00:00:00+00:00,1,1,1,0,2026-05-09 20:00:00+08:00,2026-05-09 20:00:00+08:00,,1500.0,REJECTED,local_hour_count_1
data/interim/notebook02_sources/hourly_forecasts/01_19a_hko_ecmwf_single_run_hourly_forecasts.csv,source_target_date_decision_rule_issue_time,2026-05-10,6h_prior,,,2026-04-30 00:00:00+00:00,2026-04-30 00:00:00+00:00,1,1,1,0,2026-05-10 14:00:00+08:00,2026-05-10 14:00:00+08:00,,1500.0,REJECTED,local_hour_count_1
data/interim/notebook02_sources/hourly_forecasts/01_19a_hko_ecmwf_single_run_hourly_forecasts.csv,source_target_date_decision_rule_issue_time,2026-05-01,6h_prior,,,2026-04-30 06:00:00+00:00,2026-04-30 06:00:00+00:00,1,1,1,0,2026-05-01 14:00:00+08:00,2026-05-01 14:00:00+08:00,,1500.0,REJECTED,local_hour_count_1
data/interim/notebook02_sources/hourly_forecasts/01_19a_hko_ecmwf_single_run_hourly_forecasts.csv,source_target_date_decision_rule_issue_time,2026-05-01,12h_prior,,,2026-04-30 06:00:00+00:00,2026-04-30 06:00:00+00:00,1,1,1,0,2026-05-01 20:00:00+08:00,2026-05-01 20:00:00+08:00,,1500.0,REJECTED,local_hour_count_1
data/interim/notebook02_sources/hourly_forecasts/01_19a_hko_ecmwf_single_run_hourly_forecasts.csv,source_target_date_decision_rule_issue_time,2026-05-02,6h_prior,,,2026-04-30 06:00:00+00:00,2026-04-30 06:00:00+00:00,1,1,1,0,2026-05-02 14:00:00+08:00,2026-05-02 14:00:00+08:00,,1500.0,REJECTED,local_hour_count_1
data/interim/notebook02_sources/hourly_forecasts/01_19a_hko_ecmwf_single_run_hourly_forecasts.csv,source_target_date_decision_rule_issue_time,2026-05-02,12h_prior,,,2026-04-30 06:00:00+00:00,2026-04-30 06:00:00+00:00,1,1,1,0,2026-05-02 20:00:00+08:00,2026-05-02 20:00:00+08:00,,1500.0,REJECTED,local_hour_count_1
data/interim/notebook02_sources/hourly_forecasts/01_19a_hko_ecmwf_single_run_hourly_forecasts.csv,source_target_date_decision_rule_issue_time,2026-05-03,6h_prior,,,2026-04-30 06:00:00+00:00,2026-04-30 06:00:00+00:00,1,1,1,0,2026-05-03 14:00:00+08:00,2026-05-03 14:00:00+08:00,,1500.0,REJECTED,local_hour_count_1
data/interim/notebook02_sources/hourly_forecasts/01_19a_hko_ecmwf_single_run_hourly_forecasts.csv,source_target_date_decision_rule_issue_time,2026-05-03,12h_prior,,,2026-04-30 06:00:00+00:00,2026-04-30 06:00:00+00:00,1,1,1,0,2026-05-03 20:00:00+08:00,2026-05-03 20:00:00+08:00,,1500.0,REJECTED,local_hour_count_1
data/interim/notebook02_sources/hourly_forecasts/01_19a_hko_ecmwf_single_run_hourly_forecasts.csv,source_target_date_decision_rule_issue_time,2026-05-04,6h_prior,,,2026-04-30 06:00:00+00:00,2026-04-30 06:00:00+00:00,1,1,1,0,2026-05-04 14:00:00+08:00,2026-05-04 14:00:00+08:00,,1500.0,REJECTED,local_hour_count_1
data/interim/notebook02_sources/hourly_forecasts/01_19a_hko_ecmwf_single_run_hourly_forecasts.csv,source_target_date_decision_rule_issue_time,2026-05-04,12h_prior,,,2026-04-30 06:00:00+00:00,2026-04-30 06:00:00+00:00,1,1,1,0,2026-05-04 20:00:00+08:00,2026-05-04 20:00:00+08:00,,1500.0,REJECTED,local_hour_count_1
data/interim/notebook02_sources/hourly_forecasts/01_19a_hko_ecmwf_single_run_hourly_forecasts.csv,source_target_date_decision_rule_issue_time,2026-05-05,6h_prior,,,2026-04-30 06:00:00+00:00,2026-04-30 06:00:00+00:00,1,1,1,0,2026-05-05 14:00:00+08:00,2026-05-05 14:00:00+08:00,,1500.0,REJECTED,local_hour_count_1
data/interim/notebook02_sources/hourly_forecasts/01_19a_hko_ecmwf_single_run_hourly_forecasts.csv,source_target_date_decision_rule_issue_time,2026-05-05,12h_prior,,,2026-04-30 06:00:00+00:00,2026-04-30 06:00:00+00:00,1,1,1,0,2026-05-05 20:00:00+08:00,2026-05-05 20:00:00+08:00,,1500.0,REJECTED,local_hour_count_1
data/interim/notebook02_sources/hourly_forecasts/01_19a_hko_ecmwf_single_run_hourly_forecasts.csv,source_target_date_decision_rule_issue_time,2026-05-06,6h_prior,,,2026-04-30 06:00:00+00:00,2026-04-30 06:00:00+00:00,1,1,1,0,2026-05-06 14:00:00+08:00,2026-05-06 14:00:00+08:00,,1500.0,REJECTED,local_hour_count_1
data/interim/notebook02_sources/hourly_forecasts/01_19a_hko_ecmwf_single_run_hourly_forecasts.csv,source_target_date_decision_rule_issue_time,2026-05-06,12h_prior,,,2026-04-30 06:00:00+00:00,2026-04-30 06:00:00+00:00,1,1,1,0,2026-05-06 20:00:00+08:00,2026-05-06 20:00:00+08:00,,1500.0,REJECTED,local_hour_count_1
data/interim/notebook02_sources/hourly_forecasts/01_19a_hko_ecmwf_single_run_hourly_forecasts.csv,source_target_date_decision_rule_issue_time,2026-05-01,6h_prior,,,2026-04-30 18:00:00+00:00,2026-04-30 18:00:00+00:00,1,1,1,0,2026-05-01 14:00:00+08:00,2026-05-01 14:00:00+08:00,,1500.0,REJECTED,local_hour_count_1
data/interim/notebook02_sources/hourly_forecasts/01_19a_hko_ecmwf_single_run_hourly_forecasts.csv,source_target_date_decision_rule_issue_time,2026-05-01,12h_prior,,,2026-04-30 18:00:00+00:00,2026-04-30 18:00:00+00:00,1,1,1,0,2026-05-01 20:00:00+08:00,2026-05-01 20:00:00+08:00,,1500.0,REJECTED,local_hour_count_1
data/interim/notebook02_sources/hourly_forecasts/01_19a_hko_ecmwf_single_run_hourly_forecasts.csv,source_target_date_decision_rule_issue_time,2026-05-02,6h_prior,,,2026-04-30 18:00:00+00:00,2026-04-30 18:00:00+00:00,1,1,1,0,2026-05-02 14:00:00+08:00,2026-05-02 14:00:00+08:00,,1500.0,REJECTED,local_hour_count_1
data/interim/notebook02_sources/hourly_forecasts/01_19a_hko_ecmwf_single_run_hourly_forecasts.csv,source_target_date_decision_rule_issue_time,2026-05-02,12h_prior,,,2026-04-30 18:00:00+00:00,2026-04-30 18:00:00+00:00,1,1,1,0,2026-05-02 20:00:00+08:00,2026-05-02 20:00:00+08:00,,1500.0,REJECTED,local_hour_count_1
data/interim/notebook02_sources/hourly_forecasts/01_19a_hko_ecmwf_single_run_hourly_forecasts.csv,source_target_date_decision_rule_issue_time,2026-05-03,6h_prior,,,2026-04-30 18:00:00+00:00,2026-04-30 18:00:00+00:00,1,1,1,0,2026-05-03 14:00:00+08:00,2026-05-03 14:00:00+08:00,,1500.0,REJECTED,local_hour_count_1
data/interim/notebook02_sources/hourly_forecasts/01_19a_hko_ecmwf_single_run_hourly_forecasts.csv,source_target_date_decision_rule_issue_time,2026-05-03,12h_prior,,,2026-04-30 18:00:00+00:00,2026-04-30 18:00:00+00:00,1,1,1,0,2026-05-03 20:00:00+08:00,2026-05-03 20:00:00+08:00,,1500.0,REJECTED,local_hour_count_1
data/interim/notebook02_sources/hourly_forecasts/01_19a_hko_ecmwf_single_run_hourly_forecasts.csv,source_target_date_decision_rule_issue_time,2026-05-04,6h_prior,,,2026-04-30 18:00:00+00:00,2026-04-30 18:00:00+00:00,1,1,1,0,2026-05-04 14:00:00+08:00,2026-05-04 14:00:00+08:00,,1500.0,REJECTED,local_hour_count_1
data/interim/notebook02_sources/hourly_forecasts/01_19a_hko_ecmwf_single_run_hourly_forecasts.csv,source_target_date_decision_rule_issue_time,2026-05-04,12h_prior,,,2026-04-30 18:00:00+00:00,2026-04-30 18:00:00+00:00,1,1,1,0,2026-05-04 20:00:00+08:00,2026-05-04 20:00:00+08:00,,1500.0,REJECTED,local_hour_count_1
data/interim/notebook02_sources/hourly_forecasts/01_19a_hko_ecmwf_single_run_hourly_forecasts.csv,source_target_date_decision_rule_issue_time,2026-05-05,6h_prior,,,2026-04-30 18:00:00+00:00,2026-04-30 18:00:00+00:00,1,1,1,0,2026-05-05 14:00:00+08:00,2026-05-05 14:00:00+08:00,,1500.0,REJECTED,local_hour_count_1
data/interim/notebook02_sources/hourly_forecasts/01_19a_hko_ecmwf_single_run_hourly_forecasts.csv,source_target_date_decision_rule_issue_time,2026-05-05,12h_prior,,,2026-04-30 18:00:00+00:00,2026-04-30 18:00:00+00:00,1,1,1,0,2026-05-05 20:00:00+08:00,2026-05-05 20:00:00+08:00,,1500.0,REJECTED,local_hour_count_1
data/interim/notebook02_sources/hourly_forecasts/01_19a_hko_ecmwf_single_run_hourly_forecasts.csv,source_target_date_decision_rule_issue_time,2026-05-06,6h_prior,,,2026-04-30 18:00:00+00:00,2026-04-30 18:00:00+00:00,1,1,1,0,2026-05-06 14:00:00+08:00,2026-05-06 14:00:00+08:00,,1500.0,REJECTED,local_hour_count_1
data/interim/notebook02_sources/hourly_forecasts/01_19a_hko_ecmwf_single_run_hourly_forecasts.csv,source_target_date_decision_rule_issue_time,2026-05-06,12h_prior,,,2026-04-30 18:00:00+00:00,2026-04-30 18:00:00+00:00,1,1,1,0,2026-05-06 20:00:00+08:00,2026-05-06 20:00:00+08:00,,1500.0,REJECTED,local_hour_count_1
data/interim/notebook02_sources/hourly_forecasts/01_19a_hko_ecmwf_single_run_hourly_forecasts.csv,source_target_date_decision_rule_issue_time,2026-05-01,12h_prior,,,2026-05-01 00:00:00+00:00,2026-05-01 00:00:00+00:00,1,1,1,0,2026-05-01 20:00:00+08:00,2026-05-01 20:00:00+08:00,,1500.0,REJECTED,local_hour_count_1
data/interim/notebook02_sources/hourly_forecasts/01_19a_hko_ecmwf_single_run_hourly_forecasts.csv,source_target_date_decision_rule_issue_time,2026-05-02,6h_prior,,,2026-05-01 00:00:00+00:00,2026-05-01 00:00:00+00:00,1,1,1,0,2026-05-02 14:00:00+08:00,2026-05-02 14:00:00+08:00,,1500.0,REJECTED,local_hour_count_1
data/interim/notebook02_sources/hourly_forecasts/01_19a_hko_ecmwf_single_run_hourly_forecasts.csv,source_target_date_decision_rule_issue_time,2026-05-02,12h_prior,,,2026-05-01 00:00:00+00:00,2026-05-01 00:00:00+00:00,1,1,1,0,2026-05-02 20:00:00+08:00,2026-05-02 20:00:00+08:00,,1500.0,REJECTED,local_hour_count_1
data/interim/notebook02_sources/hourly_forecasts/01_19a_hko_ecmwf_single_run_hourly_forecasts.csv,source_target_date_decision_rule_issue_time,2026-05-03,6h_prior,,,2026-05-01 00:00:00+00:00,2026-05-01 00:00:00+00:00,1,1,1,0,2026-05-03 14:00:00+08:00,2026-05-03 14:00:00+08:00,,1500.0,REJECTED,local_hour_count_1
data/interim/notebook02_sources/hourly_forecasts/01_19a_hko_ecmwf_single_run_hourly_forecasts.csv,source_target_date_decision_rule_issue_time,2026-05-03,12h_prior,,,2026-05-01 00:00:00+00:00,2026-05-01 00:00:00+00:00,1,1,1,0,2026-05-03 20:00:00+08:00,2026-05-03 20:00:00+08:00,,1500.0,REJECTED,local_hour_count_1
data/interim/notebook02_sources/hourly_forecasts/01_19a_hko_ecmwf_single_run_hourly_forecasts.csv,source_target_date_decision_rule_issue_time,2026-05-04,6h_prior,,,2026-05-01 00:00:00+00:00,2026-05-01 00:00:00+00:00,1,1,1,0,2026-05-04 14:00:00+08:00,2026-05-04 14:00:00+08:00,,1500.0,REJECTED,local_hour_count_1
data/interim/notebook02_sources/hourly_forecasts/01_19a_hko_ecmwf_single_run_hourly_forecasts.csv,source_target_date_decision_rule_issue_time,2026-05-04,12h_prior,,,2026-05-01 00:00:00+00:00,2026-05-01 00:00:00+00:00,1,1,1,0,2026-05-04 20:00:00+08:00,2026-05-04 20:00:00+08:00,,1500.0,REJECTED,local_hour_count_1
data/interim/notebook02_sources/hourly_forecasts/01_19a_hko_ecmwf_single_run_hourly_forecasts.csv,source_target_date_decision_rule_issue_time,2026-05-05,6h_prior,,,2026-05-01 00:00:00+00:00,2026-05-01 00:00:00+00:00,1,1,1,0,2026-05-05 14:00:00+08:00,2026-05-05 14:00:00+08:00,,1500.0,REJECTED,local_hour_count_1
data/interim/notebook02_sources/hourly_forecasts/01_19a_hko_ecmwf_single_run_hourly_forecasts.csv,source_target_date_decision_rule_issue_time,2026-05-05,12h_prior,,,2026-05-01 00:00:00+00:00,2026-05-01 00:00:00+00:00,1,1,1,0,2026-05-05 20:00:00+08:00,2026-05-05 20:00:00+08:00,,1500.0,REJECTED,local_hour_count_1
data/interim/notebook02_sources/hourly_forecasts/01_19a_hko_ecmwf_single_run_hourly_forecasts.csv,source_target_date_decision_rule_issue_time,2026-05-06,6h_prior,,,2026-05-01 00:00:00+00:00,2026-05-01 00:00:00+00:00,1,1,1,0,2026-05-06 14:00:00+08:00,2026-05-06 14:00:00+08:00,,1500.0,REJECTED,local_hour_count_1
data/interim/notebook02_sources/hourly_forecasts/01_19a_hko_ecmwf_single_run_hourly_forecasts.csv,source_target_date_decision_rule_issue_time,2026-05-06,12h_prior,,,2026-05-01 00:00:00+00:00,2026-05-01 00:00:00+00:00,1,1,1,0,2026-05-06 20:00:00+08:00,2026-05-06 20:00:00+08:00,,1500.0,REJECTED,local_hour_count_1
data/interim/notebook02_sources/hourly_forecasts/01_19a_hko_ecmwf_single_run_hourly_forecasts.csv,source_target_date_decision_rule_issue_time,2026-05-07,6h_prior,,,2026-05-01 00:00:00+00:00,2026-05-01 00:00:00+00:00,1,1,1,0,2026-05-07 14:00:00+08:00,2026-05-07 14:00:00+08:00,,1500.0,REJECTED,local_hour_count_1
data/interim/notebook02_sources/hourly_forecasts/01_19a_hko_ecmwf_single_run_hourly_forecasts.csv,source_target_date_decision_rule_issue_time,2026-05-07,12h_prior,,,2026-05-01 00:00:00+00:00,2026-05-01 00:00:00+00:00,1,1,1,0,2026-05-07 20:00:00+08:00,2026-05-07 20:00:00+08:00,,1500.0,REJECTED,local_hour_count_1
data/interim/notebook02_sources/hourly_forecasts/01_19a_hko_ecmwf_single_run_hourly_forecasts.csv,source_target_date_decision_rule_issue_time,2026-05-08,6h_prior,,,2026-05-01 00:00:00+00:00,2026-05-01 00:00:00+00:00,1,1,1,0,2026-05-08 14:00:00+08:00,2026-05-08 14:00:00+08:00,,1500.0,REJECTED,local_hour_count_1
data/interim/notebook02_sources/hourly_forecasts/01_19a_hko_ecmwf_single_run_hourly_forecasts.csv,source_target_date_decision_rule_issue_time,2026-05-08,12h_prior,,,2026-05-01 00:00:00+00:00,2026-05-01 00:00:00+00:00,1,1,1,0,2026-05-08 20:00:00+08:00,2026-05-08 20:00:00+08:00,,1500.0,REJECTED,local_hour_count_1
data/interim/notebook02_sources/hourly_forecasts/01_19a_hko_ecmwf_single_run_hourly_forecasts.csv,source_target_date_decision_rule_issue_time,2026-05-09,6h_prior,,,2026-05-01 00:00:00+00:00,2026-05-01 00:00:00+00:00,1,1,1,0,2026-05-09 14:00:00+08:00,2026-05-09 14:00:00+08:00,,1500.0,REJECTED,local_hour_count_1
data/interim/notebook02_sources/hourly_forecasts/01_19a_hko_ecmwf_single_run_hourly_forecasts.csv,source_target_date_decision_rule_issue_time,2026-05-09,12h_prior,,,2026-05-01 00:00:00+00:00,2026-05-01 00:00:00+00:00,1,1,1,0,2026-05-09 20:00:00+08:00,2026-05-09 20:00:00+08:00,,1500.0,REJECTED,local_hour_count_1
data/interim/notebook02_sources/hourly_forecasts/01_19a_hko_ecmwf_single_run_hourly_forecasts.csv,source_target_date_decision_rule_issue_time,2026-05-10,6h_prior,,,2026-05-01 00:00:00+00:00,2026-05-01 00:00:00+00:00,1,1,1,0,2026-05-10 14:00:00+08:00,2026-05-10 14:00:00+08:00,,1500.0,REJECTED,local_hour_count_1
data/interim/notebook02_sources/hourly_forecasts/01_19a_hko_ecmwf_single_run_hourly_forecasts.csv,source_target_date_decision_rule_issue_time,2026-05-10,12h_prior,,,2026-05-01 00:00:00+00:00,2026-05-01 00:00:00+00:00,1,1,1,0,2026-05-10 20:00:00+08:00,2026-05-10 20:00:00+08:00,,1500.0,REJECTED,local_hour_count_1
data/interim/notebook02_sources/hourly_forecasts/01_19a_hko_ecmwf_single_run_hourly_forecasts.csv,source_target_date_decision_rule_issue_time,2026-05-11,6h_prior,,,2026-05-01 00:00:00+00:00,2026-05-01 00:00:00+00:00,1,1,1,0,2026-05-11 14:00:00+08:00,2026-05-11 14:00:00+08:00,,1500.0,REJECTED,local_hour_count_1
data/interim/notebook02_sources/hourly_forecasts/01_19a_hko_ecmwf_single_run_hourly_forecasts.csv,source_target_date_decision_rule_issue_time,2026-05-02,6h_prior,,,2026-05-01 06:00:00+00:00,2026-05-01 06:00:00+00:00,1,1,1,0,2026-05-02 14:00:00+08:00,2026-05-02 14:00:00+08:00,,1500.0,REJECTED,local_hour_count_1
data/interim/notebook02_sources/hourly_forecasts/01_19a_hko_ecmwf_single_run_hourly_forecasts.csv,source_target_date_decision_rule_issue_time,2026-05-02,12h_prior,,,2026-05-01 06:00:00+00:00,2026-05-01 06:00:00+00:00,1,1,1,0,2026-05-02 20:00:00+08:00,2026-05-02 20:00:00+08:00,,1500.0,REJECTED,local_hour_count_1
data/interim/notebook02_sources/hourly_forecasts/01_19a_hko_ecmwf_single_run_hourly_forecasts.csv,source_target_date_decision_rule_issue_time,2026-05-03,6h_prior,,,2026-05-01 06:00:00+00:00,2026-05-01 06:00:00+00:00,1,1,1,0,2026-05-03 14:00:00+08:00,2026-05-03 14:00:00+08:00,,1500.0,REJECTED,local_hour_count_1
data/interim/notebook02_sources/hourly_forecasts/01_19a_hko_ecmwf_single_run_hourly_forecasts.csv,source_target_date_decision_rule_issue_time,2026-05-03,12h_prior,,,2026-05-01 06:00:00+00:00,2026-05-01 06:00:00+00:00,1,1,1,0,2026-05-03 20:00:00+08:00,2026-05-03 20:00:00+08:00,,1500.0,REJECTED,local_hour_count_1
data/interim/notebook02_sources/hourly_forecasts/01_19a_hko_ecmwf_single_run_hourly_forecasts.csv,source_target_date_decision_rule_issue_time,2026-05-04,6h_prior,,,2026-05-01 06:00:00+00:00,2026-05-01 06:00:00+00:00,1,1,1,0,2026-05-04 14:00:00+08:00,2026-05-04 14:00:00+08:00,,1500.0,REJECTED,local_hour_count_1
data/interim/notebook02_sources/hourly_forecasts/01_19a_hko_ecmwf_single_run_hourly_forecasts.csv,source_target_date_decision_rule_issue_time,2026-05-04,12h_prior,,,2026-05-01 06:00:00+00:00,2026-05-01 06:00:00+00:00,1,1,1,0,2026-05-04 20:00:00+08:00,2026-05-04 20:00:00+08:00,,1500.0,REJECTED,local_hour_count_1
data/interim/notebook02_sources/hourly_forecasts/01_19a_hko_ecmwf_single_run_hourly_forecasts.csv,source_target_date_decision_rule_issue_time,2026-05-05,6h_prior,,,2026-05-01 06:00:00+00:00,2026-05-01 06:00:00+00:00,1,1,1,0,2026-05-05 14:00:00+08:00,2026-05-05 14:00:00+08:00,,1500.0,REJECTED,local_hour_count_1
data/interim/notebook02_sources/hourly_forecasts/01_19a_hko_ecmwf_single_run_hourly_forecasts.csv,source_target_date_decision_rule_issue_time,2026-05-05,12h_prior,,,2026-05-01 06:00:00+00:00,2026-05-01 06:00:00+00:00,1,1,1,0,2026-05-05 20:00:00+08:00,2026-05-05 20:00:00+08:00,,1500.0,REJECTED,local_hour_count_1
data/interim/notebook02_sources/hourly_forecasts/01_19a_hko_ecmwf_single_run_hourly_forecasts.csv,source_target_date_decision_rule_issue_time,2026-05-06,6h_prior,,,2026-05-01 06:00:00+00:00,2026-05-01 06:00:00+00:00,1,1,1,0,2026-05-06 14:00:00+08:00,2026-05-06 14:00:00+08:00,,1500.0,REJECTED,local_hour_count_1
data/interim/notebook02_sources/hourly_forecasts/01_19a_hko_ecmwf_single_run_hourly_forecasts.csv,source_target_date_decision_rule_issue_time,2026-05-06,12h_prior,,,2026-05-01 06:00:00+00:00,2026-05-01 06:00:00+00:00,1,1,1,0,2026-05-06 20:00:00+08:00,2026-05-06 20:00:00+08:00,,1500.0,REJECTED,local_hour_count_1
data/interim/notebook02_sources/hourly_forecasts/01_19a_hko_ecmwf_single_run_hourly_forecasts.csv,source_target_date_decision_rule_issue_time,2026-05-07,6h_prior,,,2026-05-01 06:00:00+00:00,2026-05-01 06:00:00+00:00,1,1,1,0,2026-05-07 14:00:00+08:00,2026-05-07 14:00:00+08:00,,1500.0,REJECTED,local_hour_count_1
data/interim/notebook02_sources/hourly_forecasts/01_19a_hko_ecmwf_single_run_hourly_forecasts.csv,source_target_date_decision_rule_issue_time,2026-05-07,12h_prior,,,2026-05-01 06:00:00+00:00,2026-05-01 06:00:00+00:00,1,1,1,0,2026-05-07 20:00:00+08:00,2026-05-07 20:00:00+08:00,,1500.0,REJECTED,local_hour_count_1
data/interim/notebook02_sources/hourly_forecasts/01_19a_hko_ecmwf_single_run_hourly_forecasts.csv,source_target_date_decision_rule_issue_time,2026-05-02,6h_prior,,,2026-05-01 18:00:00+00:00,2026-05-01 18:00:00+00:00,1,1,1,0,2026-05-02 14:00:00+08:00,2026-05-02 14:00:00+08:00,,1500.0,REJECTED,local_hour_count_1
data/interim/notebook02_sources/hourly_forecasts/01_19a_hko_ecmwf_single_run_hourly_forecasts.csv,source_target_date_decision_rule_issue_time,2026-05-02,12h_prior,,,2026-05-01 18:00:00+00:00,2026-05-01 18:00:00+00:00,1,1,1,0,2026-05-02 20:00:00+08:00,2026-05-02 20:00:00+08:00,,1500.0,REJECTED,local_hour_count_1
data/interim/notebook02_sources/hourly_forecasts/01_19a_hko_ecmwf_single_run_hourly_forecasts.csv,source_target_date_decision_rule_issue_time,2026-05-03,6h_prior,,,2026-05-01 18:00:00+00:00,2026-05-01 18:00:00+00:00,1,1,1,0,2026-05-03 14:00:00+08:00,2026-05-03 14:00:00+08:00,,1500.0,REJECTED,local_hour_count_1
data/interim/notebook02_sources/hourly_forecasts/01_19a_hko_ecmwf_single_run_hourly_forecasts.csv,source_target_date_decision_rule_issue_time,2026-05-03,12h_prior,,,2026-05-01 18:00:00+00:00,2026-05-01 18:00:00+00:00,1,1,1,0,2026-05-03 20:00:00+08:00,2026-05-03 20:00:00+08:00,,1500.0,REJECTED,local_hour_count_1
data/interim/notebook02_sources/hourly_forecasts/01_19a_hko_ecmwf_single_run_hourly_forecasts.csv,source_target_date_decision_rule_issue_time,2026-05-04,6h_prior,,,2026-05-01 18:00:00+00:00,2026-05-01 18:00:00+00:00,1,1,1,0,2026-05-04 14:00:00+08:00,2026-05-04 14:00:00+08:00,,1500.0,REJECTED,local_hour_count_1
data/interim/notebook02_sources/hourly_forecasts/01_19a_hko_ecmwf_single_run_hourly_forecasts.csv,source_target_date_decision_rule_issue_time,2026-05-04,12h_prior,,,2026-05-01 18:00:00+00:00,2026-05-01 18:00:00+00:00,1,1,1,0,2026-05-04 20:00:00+08:00,2026-05-04 20:00:00+08:00,,1500.0,REJECTED,local_hour_count_1
data/interim/notebook02_sources/hourly_forecasts/01_19a_hko_ecmwf_single_run_hourly_forecasts.csv,source_target_date_decision_rule_issue_time,2026-05-05,6h_prior,,,2026-05-01 18:00:00+00:00,2026-05-01 18:00:00+00:00,1,1,1,0,2026-05-05 14:00:00+08:00,2026-05-05 14:00:00+08:00,,1500.0,REJECTED,local_hour_count_1
data/interim/notebook02_sources/hourly_forecasts/01_19a_hko_ecmwf_single_run_hourly_forecasts.csv,source_target_date_decision_rule_issue_time,2026-05-05,12h_prior,,,2026-05-01 18:00:00+00:00,2026-05-01 18:00:00+00:00,1,1,1,0,2026-05-05 20:00:00+08:00,2026-05-05 20:00:00+08:00,,1500.0,REJECTED,local_hour_count_1
data/interim/notebook02_sources/hourly_forecasts/01_19a_hko_ecmwf_single_run_hourly_forecasts.csv,source_target_date_decision_rule_issue_time,2026-05-06,6h_prior,,,2026-05-01 18:00:00+00:00,2026-05-01 18:00:00+00:00,1,1,1,0,2026-05-06 14:00:00+08:00,2026-05-06 14:00:00+08:00,,1500.0,REJECTED,local_hour_count_1
data/interim/notebook02_sources/hourly_forecasts/01_19a_hko_ecmwf_single_run_hourly_forecasts.csv,source_target_date_decision_rule_issue_time,2026-05-06,12h_prior,,,2026-05-01 18:00:00+00:00,2026-05-01 18:00:00+00:00,1,1,1,0,2026-05-06 20:00:00+08:00,2026-05-06 20:00:00+08:00,,1500.0,REJECTED,local_hour_count_1
data/interim/notebook02_sources/hourly_forecasts/01_19a_hko_ecmwf_single_run_hourly_forecasts.csv,source_target_date_decision_rule_issue_time,2026-05-07,6h_prior,,,2026-05-01 18:00:00+00:00,2026-05-01 18:00:00+00:00,1,1,1,0,2026-05-07 14:00:00+08:00,2026-05-07 14:00:00+08:00,,1500.0,REJECTED,local_hour_count_1
data/interim/notebook02_sources/hourly_forecasts/01_19a_hko_ecmwf_single_run_hourly_forecasts.csv,source_target_date_decision_rule_issue_time,2026-05-07,12h_prior,,,2026-05-01 18:00:00+00:00,2026-05-01 18:00:00+00:00,1,1,1,0,2026-05-07 20:00:00+08:00,2026-05-07 20:00:00+08:00,,1500.0,REJECTED,local_hour_count_1
data/interim/notebook02_sources/hourly_forecasts/01_19a_hko_ecmwf_single_run_hourly_forecasts.csv,source_target_date_decision_rule_issue_time,2026-05-02,12h_prior,,,2026-05-02 00:00:00+00:00,2026-05-02 00:00:00+00:00,1,1,1,0,2026-05-02 20:00:00+08:00,2026-05-02 20:00:00+08:00,,1500.0,REJECTED,local_hour_count_1
data/interim/notebook02_sources/hourly_forecasts/01_19a_hko_ecmwf_single_run_hourly_forecasts.csv,source_target_date_decision_rule_issue_time,2026-05-03,6h_prior,,,2026-05-02 00:00:00+00:00,2026-05-02 00:00:00+00:00,1,1,1,0,2026-05-03 14:00:00+08:00,2026-05-03 14:00:00+08:00,,1500.0,REJECTED,local_hour_count_1
data/interim/notebook02_sources/hourly_forecasts/01_19a_hko_ecmwf_single_run_hourly_forecasts.csv,source_target_date_decision_rule_issue_time,2026-05-03,12h_prior,,,2026-05-02 00:00:00+00:00,2026-05-02 00:00:00+00:00,1,1,1,0,2026-05-03 20:00:00+08:00,2026-05-03 20:00:00+08:00,,1500.0,REJECTED,local_hour_count_1
data/interim/notebook02_sources/hourly_forecasts/01_19a_hko_ecmwf_single_run_hourly_forecasts.csv,source_target_date_decision_rule_issue_time,2026-05-04,6h_prior,,,2026-05-02 00:00:00+00:00,2026-05-02 00:00:00+00:00,1,1,1,0,2026-05-04 14:00:00+08:00,2026-05-04 14:00:00+08:00,,1500.0,REJECTED,local_hour_count_1
data/interim/notebook02_sources/hourly_forecasts/01_19a_hko_ecmwf_single_run_hourly_forecasts.csv,source_target_date_decision_rule_issue_time,2026-05-04,12h_prior,,,2026-05-02 00:00:00+00:00,2026-05-02 00:00:00+00:00,1,1,1,0,2026-05-04 20:00:00+08:00,2026-05-04 20:00:00+08:00,,1500.0,REJECTED,local_hour_count_1
data/interim/notebook02_sources/hourly_forecasts/01_19a_hko_ecmwf_single_run_hourly_forecasts.csv,source_target_date_decision_rule_issue_time,2026-05-05,6h_prior,,,2026-05-02 00:00:00+00:00,2026-05-02 00:00:00+00:00,1,1,1,0,2026-05-05 14:00:00+08:00,2026-05-05 14:00:00+08:00,,1500.0,REJECTED,local_hour_count_1
data/interim/notebook02_sources/hourly_forecasts/01_19a_hko_ecmwf_single_run_hourly_forecasts.csv,source_target_date_decision_rule_issue_time,2026-05-05,12h_prior,,,2026-05-02 00:00:00+00:00,2026-05-02 00:00:00+00:00,1,1,1,0,2026-05-05 20:00:00+08:00,2026-05-05 20:00:00+08:00,,1500.0,REJECTED,local_hour_count_1
data/interim/notebook02_sources/hourly_forecasts/01_19a_hko_ecmwf_single_run_hourly_forecasts.csv,source_target_date_decision_rule_issue_time,2026-05-06,6h_prior,,,2026-05-02 00:00:00+00:00,2026-05-02 00:00:00+00:00,1,1,1,0,2026-05-06 14:00:00+08:00,2026-05-06 14:00:00+08:00,,1500.0,REJECTED,local_hour_count_1
data/interim/notebook02_sources/hourly_forecasts/01_19a_hko_ecmwf_single_run_hourly_forecasts.csv,source_target_date_decision_rule_issue_time,2026-05-06,12h_prior,,,2026-05-02 00:00:00+00:00,2026-05-02 00:00:00+00:00,1,1,1,0,2026-05-06 20:00:00+08:00,2026-05-06 20:00:00+08:00,,1500.0,REJECTED,local_hour_count_1
data/interim/notebook02_sources/hourly_forecasts/01_19a_hko_ecmwf_single_run_hourly_forecasts.csv,source_target_date_decision_rule_issue_time,2026-05-07,6h_prior,,,2026-05-02 00:00:00+00:00,2026-05-02 00:00:00+00:00,1,1,1,0,2026-05-07 14:00:00+08:00,2026-05-07 14:00:00+08:00,,1500.0,REJECTED,local_hour_count_1
data/interim/notebook02_sources/hourly_forecasts/01_19a_hko_ecmwf_single_run_hourly_forecasts.csv,source_target_date_decision_rule_issue_time,2026-05-07,12h_prior,,,2026-05-02 00:00:00+00:00,2026-05-02 00:00:00+00:00,1,1,1,0,2026-05-07 20:00:00+08:00,2026-05-07 20:00:00+08:00,,1500.0,REJECTED,local_hour_count_1
data/interim/notebook02_sources/hourly_forecasts/01_19a_hko_ecmwf_single_run_hourly_forecasts.csv,source_target_date_decision_rule_issue_time,2026-05-08,6h_prior,,,2026-05-02 00:00:00+00:00,2026-05-02 00:00:00+00:00,1,1,1,0,2026-05-08 14:00:00+08:00,2026-05-08 14:00:00+08:00,,1500.0,REJECTED,local_hour_count_1
data/interim/notebook02_sources/hourly_forecasts/01_19a_hko_ecmwf_single_run_hourly_forecasts.csv,source_target_date_decision_rule_issue_time,2026-05-08,12h_prior,,,2026-05-02 00:00:00+00:00,2026-05-02 00:00:00+00:00,1,1,1,0,2026-05-08 20:00:00+08:00,2026-05-08 20:00:00+08:00,,1500.0,REJECTED,local_hour_count_1
data/interim/notebook02_sources/hourly_forecasts/01_19a_hko_ecmwf_single_run_hourly_forecasts.csv,source_target_date_decision_rule_issue_time,2026-05-09,6h_prior,,,2026-05-02 00:00:00+00:00,2026-05-02 00:00:00+00:00,1,1,1,0,2026-05-09 14:00:00+08:00,2026-05-09 14:00:00+08:00,,1500.0,REJECTED,local_hour_count_1
data/interim/notebook02_sources/hourly_forecasts/01_19a_hko_ecmwf_single_run_hourly_forecasts.csv,source_target_date_decision_rule_issue_time,2026-05-09,12h_prior,,,2026-05-02 00:00:00+00:00,2026-05-02 00:00:00+00:00,1,1,1,0,2026-05-09 20:00:00+08:00,2026-05-09 20:00:00+08:00,,1500.0,REJECTED,local_hour_count_1
data/interim/notebook02_sources/hourly_forecasts/01_19a_hko_ecmwf_single_run_hourly_forecasts.csv,source_target_date_decision_rule_issue_time,2026-05-10,6h_prior,,,2026-05-02 00:00:00+00:00,2026-05-02 00:00:00+00:00,1,1,1,0,2026-05-10 14:00:00+08:00,2026-05-10 14:00:00+08:00,,1500.0,REJECTED,local_hour_count_1
data/interim/notebook02_sources/hourly_forecasts/01_19a_hko_ecmwf_single_run_hourly_forecasts.csv,source_target_date_decision_rule_issue_time,2026-05-10,12h_prior,,,2026-05-02 00:00:00+00:00,2026-05-02 00:00:00+00:00,1,1,1,0,2026-05-10 20:00:00+08:00,2026-05-10 20:00:00+08:00,,1500.0,REJECTED,local_hour_count_1
data/interim/notebook02_sources/hourly_forecasts/01_19a_hko_ecmwf_single_run_hourly_forecasts.csv,source_target_date_decision_rule_issue_time,2026-05-11,6h_prior,,,2026-05-02 00:00:00+00:00,2026-05-02 00:00:00+00:00,1,1,1,0,2026-05-11 14:00:00+08:00,2026-05-11 14:00:00+08:00,,1500.0,REJECTED,local_hour_count_1
data/interim/notebook02_sources/hourly_forecasts/01_19a_hko_ecmwf_single_run_hourly_forecasts.csv,source_target_date_decision_rule_issue_time,2026-05-11,12h_prior,,,2026-05-02 00:00:00+00:00,2026-05-02 00:00:00+00:00,1,1,1,0,2026-05-11 20:00:00+08:00,2026-05-11 20:00:00+08:00,,1500.0,REJECTED,local_hour_count_1
data/interim/notebook02_sources/hourly_forecasts/01_19a_hko_ecmwf_single_run_hourly_forecasts.csv,source_target_date_decision_rule_issue_time,2026-05-12,6h_prior,,,2026-05-02 00:00:00+00:00,2026-05-02 00:00:00+00:00,1,1,1,0,2026-05-12 14:00:00+08:00,2026-05-12 14:00:00+08:00,,1500.0,REJECTED,local_hour_count_1
data/interim/notebook02_sources/hourly_forecasts/01_19a_hko_ecmwf_single_run_hourly_forecasts.csv,source_target_date_decision_rule_issue_time,2026-05-03,6h_prior,,,2026-05-02 06:00:00+00:00,2026-05-02 06:00:00+00:00,1,1,1,0,2026-05-03 14:00:00+08:00,2026-05-03 14:00:00+08:00,,1500.0,REJECTED,local_hour_count_1
data/interim/notebook02_sources/hourly_forecasts/01_19a_hko_ecmwf_single_run_hourly_forecasts.csv,source_target_date_decision_rule_issue_time,2026-05-03,12h_prior,,,2026-05-02 06:00:00+00:00,2026-05-02 06:00:00+00:00,1,1,1,0,2026-05-03 20:00:00+08:00,2026-05-03 20:00:00+08:00,,1500.0,REJECTED,local_hour_count_1
data/interim/notebook02_sources/hourly_forecasts/01_19a_hko_ecmwf_single_run_hourly_forecasts.csv,source_target_date_decision_rule_issue_time,2026-05-04,6h_prior,,,2026-05-02 06:00:00+00:00,2026-05-02 06:00:00+00:00,1,1,1,0,2026-05-04 14:00:00+08:00,2026-05-04 14:00:00+08:00,,1500.0,REJECTED,local_hour_count_1
data/interim/notebook02_sources/hourly_forecasts/01_19a_hko_ecmwf_single_run_hourly_forecasts.csv,source_target_date_decision_rule_issue_time,2026-05-04,12h_prior,,,2026-05-02 06:00:00+00:00,2026-05-02 06:00:00+00:00,1,1,1,0,2026-05-04 20:00:00+08:00,2026-05-04 20:00:00+08:00,,1500.0,REJECTED,local_hour_count_1
data/interim/notebook02_sources/hourly_forecasts/01_19a_hko_ecmwf_single_run_hourly_forecasts.csv,source_target_date_decision_rule_issue_time,2026-05-05,6h_prior,,,2026-05-02 06:00:00+00:00,2026-05-02 06:00:00+00:00,1,1,1,0,2026-05-05 14:00:00+08:00,2026-05-05 14:00:00+08:00,,1500.0,REJECTED,local_hour_count_1
data/interim/notebook02_sources/hourly_forecasts/01_19a_hko_ecmwf_single_run_hourly_forecasts.csv,source_target_date_decision_rule_issue_time,2026-05-05,12h_prior,,,2026-05-02 06:00:00+00:00,2026-05-02 06:00:00+00:00,1,1,1,0,2026-05-05 20:00:00+08:00,2026-05-05 20:00:00+08:00,,1500.0,REJECTED,local_hour_count_1
data/interim/notebook02_sources/hourly_forecasts/01_19a_hko_ecmwf_single_run_hourly_forecasts.csv,source_target_date_decision_rule_issue_time,2026-05-06,6h_prior,,,2026-05-02 06:00:00+00:00,2026-05-02 06:00:00+00:00,1,1,1,0,2026-05-06 14:00:00+08:00,2026-05-06 14:00:00+08:00,,1500.0,REJECTED,local_hour_count_1
data/interim/notebook02_sources/hourly_forecasts/01_19a_hko_ecmwf_single_run_hourly_forecasts.csv,source_target_date_decision_rule_issue_time,2026-05-06,12h_prior,,,2026-05-02 06:00:00+00:00,2026-05-02 06:00:00+00:00,1,1,1,0,2026-05-06 20:00:00+08:00,2026-05-06 20:00:00+08:00,,1500.0,REJECTED,local_hour_count_1
data/interim/notebook02_sources/hourly_forecasts/01_19a_hko_ecmwf_single_run_hourly_forecasts.csv,source_target_date_decision_rule_issue_time,2026-05-07,6h_prior,,,2026-05-02 06:00:00+00:00,2026-05-02 06:00:00+00:00,1,1,1,0,2026-05-07 14:00:00+08:00,2026-05-07 14:00:00+08:00,,1500.0,REJECTED,local_hour_count_1
data/interim/notebook02_sources/hourly_forecasts/01_19a_hko_ecmwf_single_run_hourly_forecasts.csv,source_target_date_decision_rule_issue_time,2026-05-07,12h_prior,,,2026-05-02 06:00:00+00:00,2026-05-02 06:00:00+00:00,1,1,1,0,2026-05-07 20:00:00+08:00,2026-05-07 20:00:00+08:00,,1500.0,REJECTED,local_hour_count_1
data/interim/notebook02_sources/hourly_forecasts/01_19a_hko_ecmwf_single_run_hourly_forecasts.csv,source_target_date_decision_rule_issue_time,2026-05-08,6h_prior,,,2026-05-02 06:00:00+00:00,2026-05-02 06:00:00+00:00,1,1,1,0,2026-05-08 14:00:00+08:00,2026-05-08 14:00:00+08:00,,1500.0,REJECTED,local_hour_count_1
data/interim/notebook02_sources/hourly_forecasts/01_19a_hko_ecmwf_single_run_hourly_forecasts.csv,source_target_date_decision_rule_issue_time,2026-05-08,12h_prior,,,2026-05-02 06:00:00+00:00,2026-05-02 06:00:00+00:00,1,1,1,0,2026-05-08 20:00:00+08:00,2026-05-08 20:00:00+08:00,,1500.0,REJECTED,local_hour_count_1
data/interim/notebook02_sources/hourly_forecasts/01_19a_hko_ecmwf_single_run_hourly_forecasts.csv,source_target_date_decision_rule_issue_time,2026-05-03,6h_prior,,,2026-05-02 18:00:00+00:00,2026-05-02 18:00:00+00:00,1,1,1,0,2026-05-03 14:00:00+08:00,2026-05-03 14:00:00+08:00,,1500.0,REJECTED,local_hour_count_1
data/interim/notebook02_sources/hourly_forecasts/01_19a_hko_ecmwf_single_run_hourly_forecasts.csv,source_target_date_decision_rule_issue_time,2026-05-03,12h_prior,,,2026-05-02 18:00:00+00:00,2026-05-02 18:00:00+00:00,1,1,1,0,2026-05-03 20:00:00+08:00,2026-05-03 20:00:00+08:00,,1500.0,REJECTED,local_hour_count_1
data/interim/notebook02_sources/hourly_forecasts/01_19a_hko_ecmwf_single_run_hourly_forecasts.csv,source_target_date_decision_rule_issue_time,2026-05-04,6h_prior,,,2026-05-02 18:00:00+00:00,2026-05-02 18:00:00+00:00,1,1,1,0,2026-05-04 14:00:00+08:00,2026-05-04 14:00:00+08:00,,1500.0,REJECTED,local_hour_count_1
data/interim/notebook02_sources/hourly_forecasts/01_19a_hko_ecmwf_single_run_hourly_forecasts.csv,source_target_date_decision_rule_issue_time,2026-05-04,12h_prior,,,2026-05-02 18:00:00+00:00,2026-05-02 18:00:00+00:00,1,1,1,0,2026-05-04 20:00:00+08:00,2026-05-04 20:00:00+08:00,,1500.0,REJECTED,local_hour_count_1
data/interim/notebook02_sources/hourly_forecasts/01_19a_hko_ecmwf_single_run_hourly_forecasts.csv,source_target_date_decision_rule_issue_time,2026-05-05,6h_prior,,,2026-05-02 18:00:00+00:00,2026-05-02 18:00:00+00:00,1,1,1,0,2026-05-05 14:00:00+08:00,2026-05-05 14:00:00+08:00,,1500.0,REJECTED,local_hour_count_1
data/interim/notebook02_sources/hourly_forecasts/01_19a_hko_ecmwf_single_run_hourly_forecasts.csv,source_target_date_decision_rule_issue_time,2026-05-05,12h_prior,,,2026-05-02 18:00:00+00:00,2026-05-02 18:00:00+00:00,1,1,1,0,2026-05-05 20:00:00+08:00,2026-05-05 20:00:00+08:00,,1500.0,REJECTED,local_hour_count_1
data/interim/notebook02_sources/hourly_forecasts/01_19a_hko_ecmwf_single_run_hourly_forecasts.csv,source_target_date_decision_rule_issue_time,2026-05-06,6h_prior,,,2026-05-02 18:00:00+00:00,2026-05-02 18:00:00+00:00,1,1,1,0,2026-05-06 14:00:00+08:00,2026-05-06 14:00:00+08:00,,1500.0,REJECTED,local_hour_count_1
data/interim/notebook02_sources/hourly_forecasts/01_19a_hko_ecmwf_single_run_hourly_forecasts.csv,source_target_date_decision_rule_issue_time,2026-05-06,12h_prior,,,2026-05-02 18:00:00+00:00,2026-05-02 18:00:00+00:00,1,1,1,0,2026-05-06 20:00:00+08:00,2026-05-06 20:00:00+08:00,,1500.0,REJECTED,local_hour_count_1
data/interim/notebook02_sources/hourly_forecasts/01_19a_hko_ecmwf_single_run_hourly_forecasts.csv,source_target_date_decision_rule_issue_time,2026-05-07,6h_prior,,,2026-05-02 18:00:00+00:00,2026-05-02 18:00:00+00:00,1,1,1,0,2026-05-07 14:00:00+08:00,2026-05-07 14:00:00+08:00,,1500.0,REJECTED,local_hour_count_1
data/interim/notebook02_sources/hourly_forecasts/01_19a_hko_ecmwf_single_run_hourly_forecasts.csv,source_target_date_decision_rule_issue_time,2026-05-07,12h_prior,,,2026-05-02 18:00:00+00:00,2026-05-02 18:00:00+00:00,1,1,1,0,2026-05-07 20:00:00+08:00,2026-05-07 20:00:00+08:00,,1500.0,REJECTED,local_hour_count_1
data/interim/notebook02_sources/hourly_forecasts/01_19a_hko_ecmwf_single_run_hourly_forecasts.csv,source_target_date_decision_rule_issue_time,2026-05-08,6h_prior,,,2026-05-02 18:00:00+00:00,2026-05-02 18:00:00+00:00,1,1,1,0,2026-05-08 14:00:00+08:00,2026-05-08 14:00:00+08:00,,1500.0,REJECTED,local_hour_count_1
data/interim/notebook02_sources/hourly_forecasts/01_19a_hko_ecmwf_single_run_hourly_forecasts.csv,source_target_date_decision_rule_issue_time,2026-05-08,12h_prior,,,2026-05-02 18:00:00+00:00,2026-05-02 18:00:00+00:00,1,1,1,0,2026-05-08 20:00:00+08:00,2026-05-08 20:00:00+08:00,,1500.0,REJECTED,local_hour_count_1
data/interim/notebook02_sources/hourly_forecasts/01_19a_hko_ecmwf_single_run_hourly_forecasts.csv,source_target_date_decision_rule_issue_time,2026-05-03,12h_prior,,,2026-05-03 00:00:00+00:00,2026-05-03 00:00:00+00:00,1,1,1,0,2026-05-03 20:00:00+08:00,2026-05-03 20:00:00+08:00,,1500.0,REJECTED,local_hour_count_1
data/interim/notebook02_sources/hourly_forecasts/01_19a_hko_ecmwf_single_run_hourly_forecasts.csv,source_target_date_decision_rule_issue_time,2026-05-04,6h_prior,,,2026-05-03 00:00:00+00:00,2026-05-03 00:00:00+00:00,1,1,1,0,2026-05-04 14:00:00+08:00,2026-05-04 14:00:00+08:00,,1500.0,REJECTED,local_hour_count_1
data/interim/notebook02_sources/hourly_forecasts/01_19a_hko_ecmwf_single_run_hourly_forecasts.csv,source_target_date_decision_rule_issue_time,2026-05-04,12h_prior,,,2026-05-03 00:00:00+00:00,2026-05-03 00:00:00+00:00,1,1,1,0,2026-05-04 20:00:00+08:00,2026-05-04 20:00:00+08:00,,1500.0,REJECTED,local_hour_count_1
data/interim/notebook02_sources/hourly_forecasts/01_19a_hko_ecmwf_single_run_hourly_forecasts.csv,source_target_date_decision_rule_issue_time,2026-05-05,6h_prior,,,2026-05-03 00:00:00+00:00,2026-05-03 00:00:00+00:00,1,1,1,0,2026-05-05 14:00:00+08:00,2026-05-05 14:00:00+08:00,,1500.0,REJECTED,local_hour_count_1
data/interim/notebook02_sources/hourly_forecasts/01_19a_hko_ecmwf_single_run_hourly_forecasts.csv,source_target_date_decision_rule_issue_time,2026-05-05,12h_prior,,,2026-05-03 00:00:00+00:00,2026-05-03 00:00:00+00:00,1,1,1,0,2026-05-05 20:00:00+08:00,2026-05-05 20:00:00+08:00,,1500.0,REJECTED,local_hour_count_1
data/interim/notebook02_sources/hourly_forecasts/01_19a_hko_ecmwf_single_run_hourly_forecasts.csv,source_target_date_decision_rule_issue_time,2026-05-06,6h_prior,,,2026-05-03 00:00:00+00:00,2026-05-03 00:00:00+00:00,1,1,1,0,2026-05-06 14:00:00+08:00,2026-05-06 14:00:00+08:00,,1500.0,REJECTED,local_hour_count_1
data/interim/notebook02_sources/hourly_forecasts/01_19a_hko_ecmwf_single_run_hourly_forecasts.csv,source_target_date_decision_rule_issue_time,2026-05-06,12h_prior,,,2026-05-03 00:00:00+00:00,2026-05-03 00:00:00+00:00,1,1,1,0,2026-05-06 20:00:00+08:00,2026-05-06 20:00:00+08:00,,1500.0,REJECTED,local_hour_count_1
data/interim/notebook02_sources/hourly_forecasts/01_19a_hko_ecmwf_single_run_hourly_forecasts.csv,source_target_date_decision_rule_issue_time,2026-05-07,6h_prior,,,2026-05-03 00:00:00+00:00,2026-05-03 00:00:00+00:00,1,1,1,0,2026-05-07 14:00:00+08:00,2026-05-07 14:00:00+08:00,,1500.0,REJECTED,local_hour_count_1
data/interim/notebook02_sources/hourly_forecasts/01_19a_hko_ecmwf_single_run_hourly_forecasts.csv,source_target_date_decision_rule_issue_time,2026-05-07,12h_prior,,,2026-05-03 00:00:00+00:00,2026-05-03 00:00:00+00:00,1,1,1,0,2026-05-07 20:00:00+08:00,2026-05-07 20:00:00+08:00,,1500.0,REJECTED,local_hour_count_1
data/interim/notebook02_sources/hourly_forecasts/01_19a_hko_ecmwf_single_run_hourly_forecasts.csv,source_target_date_decision_rule_issue_time,2026-05-08,6h_prior,,,2026-05-03 00:00:00+00:00,2026-05-03 00:00:00+00:00,1,1,1,0,2026-05-08 14:00:00+08:00,2026-05-08 14:00:00+08:00,,1500.0,REJECTED,local_hour_count_1
data/interim/notebook02_sources/hourly_forecasts/01_19a_hko_ecmwf_single_run_hourly_forecasts.csv,source_target_date_decision_rule_issue_time,2026-05-08,12h_prior,,,2026-05-03 00:00:00+00:00,2026-05-03 00:00:00+00:00,1,1,1,0,2026-05-08 20:00:00+08:00,2026-05-08 20:00:00+08:00,,1500.0,REJECTED,local_hour_count_1
data/interim/notebook02_sources/hourly_forecasts/01_19a_hko_ecmwf_single_run_hourly_forecasts.csv,source_target_date_decision_rule_issue_time,2026-05-09,6h_prior,,,2026-05-03 00:00:00+00:00,2026-05-03 00:00:00+00:00,1,1,1,0,2026-05-09 14:00:00+08:00,2026-05-09 14:00:00+08:00,,1500.0,REJECTED,local_hour_count_1
data/interim/notebook02_sources/hourly_forecasts/01_19a_hko_ecmwf_single_run_hourly_forecasts.csv,source_target_date_decision_rule_issue_time,2026-05-09,12h_prior,,,2026-05-03 00:00:00+00:00,2026-05-03 00:00:00+00:00,1,1,1,0,2026-05-09 20:00:00+08:00,2026-05-09 20:00:00+08:00,,1500.0,REJECTED,local_hour_count_1
data/interim/notebook02_sources/hourly_forecasts/01_19a_hko_ecmwf_single_run_hourly_forecasts.csv,source_target_date_decision_rule_issue_time,2026-05-10,6h_prior,,,2026-05-03 00:00:00+00:00,2026-05-03 00:00:00+00:00,1,1,1,0,2026-05-10 14:00:00+08:00,2026-05-10 14:00:00+08:00,,1500.0,REJECTED,local_hour_count_1
data/interim/notebook02_sources/hourly_forecasts/01_19a_hko_ecmwf_single_run_hourly_forecasts.csv,source_target_date_decision_rule_issue_time,2026-05-10,12h_prior,,,2026-05-03 00:00:00+00:00,2026-05-03 00:00:00+00:00,1,1,1,0,2026-05-10 20:00:00+08:00,2026-05-10 20:00:00+08:00,,1500.0,REJECTED,local_hour_count_1
data/interim/notebook02_sources/hourly_forecasts/01_19a_hko_ecmwf_single_run_hourly_forecasts.csv,source_target_date_decision_rule_issue_time,2026-05-11,6h_prior,,,2026-05-03 00:00:00+00:00,2026-05-03 00:00:00+00:00,1,1,1,0,2026-05-11 14:00:00+08:00,2026-05-11 14:00:00+08:00,,1500.0,REJECTED,local_hour_count_1
data/interim/notebook02_sources/hourly_forecasts/01_19a_hko_ecmwf_single_run_hourly_forecasts.csv,source_target_date_decision_rule_issue_time,2026-05-11,12h_prior,,,2026-05-03 00:00:00+00:00,2026-05-03 00:00:00+00:00,1,1,1,0,2026-05-11 20:00:00+08:00,2026-05-11 20:00:00+08:00,,1500.0,REJECTED,local_hour_count_1
data/interim/notebook02_sources/hourly_forecasts/01_19a_hko_ecmwf_single_run_hourly_forecasts.csv,source_target_date_decision_rule_issue_time,2026-05-12,6h_prior,,,2026-05-03 00:00:00+00:00,2026-05-03 00:00:00+00:00,1,1,1,0,2026-05-12 14:00:00+08:00,2026-05-12 14:00:00+08:00,,1500.0,REJECTED,local_hour_count_1
data/interim/notebook02_sources/hourly_forecasts/01_19a_hko_ecmwf_single_run_hourly_forecasts.csv,source_target_date_decision_rule_issue_time,2026-05-12,12h_prior,,,2026-05-03 00:00:00+00:00,2026-05-03 00:00:00+00:00,1,1,1,0,2026-05-12 20:00:00+08:00,2026-05-12 20:00:00+08:00,,1500.0,REJECTED,local_hour_count_1
data/interim/notebook02_sources/hourly_forecasts/01_19a_hko_ecmwf_single_run_hourly_forecasts.csv,source_target_date_decision_rule_issue_time,2026-05-13,6h_prior,,,2026-05-03 00:00:00+00:00,2026-05-03 00:00:00+00:00,1,1,1,0,2026-05-13 14:00:00+08:00,2026-05-13 14:00:00+08:00,,1500.0,REJECTED,local_hour_count_1
data/interim/notebook02_sources/hourly_forecasts/01_19a_hko_ecmwf_single_run_hourly_forecasts.csv,source_target_date_decision_rule_issue_time,2026-05-04,6h_prior,,,2026-05-03 06:00:00+00:00,2026-05-03 06:00:00+00:00,1,1,1,0,2026-05-04 14:00:00+08:00,2026-05-04 14:00:00+08:00,,1500.0,REJECTED,local_hour_count_1
data/interim/notebook02_sources/hourly_forecasts/01_19a_hko_ecmwf_single_run_hourly_forecasts.csv,source_target_date_decision_rule_issue_time,2026-05-04,12h_prior,,,2026-05-03 06:00:00+00:00,2026-05-03 06:00:00+00:00,1,1,1,0,2026-05-04 20:00:00+08:00,2026-05-04 20:00:00+08:00,,1500.0,REJECTED,local_hour_count_1
data/interim/notebook02_sources/hourly_forecasts/01_19a_hko_ecmwf_single_run_hourly_forecasts.csv,source_target_date_decision_rule_issue_time,2026-05-05,6h_prior,,,2026-05-03 06:00:00+00:00,2026-05-03 06:00:00+00:00,1,1,1,0,2026-05-05 14:00:00+08:00,2026-05-05 14:00:00+08:00,,1500.0,REJECTED,local_hour_count_1
data/interim/notebook02_sources/hourly_forecasts/01_19a_hko_ecmwf_single_run_hourly_forecasts.csv,source_target_date_decision_rule_issue_time,2026-05-05,12h_prior,,,2026-05-03 06:00:00+00:00,2026-05-03 06:00:00+00:00,1,1,1,0,2026-05-05 20:00:00+08:00,2026-05-05 20:00:00+08:00,,1500.0,REJECTED,local_hour_count_1
data/interim/notebook02_sources/hourly_forecasts/01_19a_hko_ecmwf_single_run_hourly_forecasts.csv,source_target_date_decision_rule_issue_time,2026-05-06,6h_prior,,,2026-05-03 06:00:00+00:00,2026-05-03 06:00:00+00:00,1,1,1,0,2026-05-06 14:00:00+08:00,2026-05-06 14:00:00+08:00,,1500.0,REJECTED,local_hour_count_1
data/interim/notebook02_sources/hourly_forecasts/01_19a_hko_ecmwf_single_run_hourly_forecasts.csv,source_target_date_decision_rule_issue_time,2026-05-06,12h_prior,,,2026-05-03 06:00:00+00:00,2026-05-03 06:00:00+00:00,1,1,1,0,2026-05-06 20:00:00+08:00,2026-05-06 20:00:00+08:00,,1500.0,REJECTED,local_hour_count_1
data/interim/notebook02_sources/hourly_forecasts/01_19a_hko_ecmwf_single_run_hourly_forecasts.csv,source_target_date_decision_rule_issue_time,2026-05-07,6h_prior,,,2026-05-03 06:00:00+00:00,2026-05-03 06:00:00+00:00,1,1,1,0,2026-05-07 14:00:00+08:00,2026-05-07 14:00:00+08:00,,1500.0,REJECTED,local_hour_count_1
data/interim/notebook02_sources/hourly_forecasts/01_19a_hko_ecmwf_single_run_hourly_forecasts.csv,source_target_date_decision_rule_issue_time,2026-05-07,12h_prior,,,2026-05-03 06:00:00+00:00,2026-05-03 06:00:00+00:00,1,1,1,0,2026-05-07 20:00:00+08:00,2026-05-07 20:00:00+08:00,,1500.0,REJECTED,local_hour_count_1
data/interim/notebook02_sources/hourly_forecasts/01_19a_hko_ecmwf_single_run_hourly_forecasts.csv,source_target_date_decision_rule_issue_time,2026-05-08,6h_prior,,,2026-05-03 06:00:00+00:00,2026-05-03 06:00:00+00:00,1,1,1,0,2026-05-08 14:00:00+08:00,2026-05-08 14:00:00+08:00,,1500.0,REJECTED,local_hour_count_1
data/interim/notebook02_sources/hourly_forecasts/01_19a_hko_ecmwf_single_run_hourly_forecasts.csv,source_target_date_decision_rule_issue_time,2026-05-08,12h_prior,,,2026-05-03 06:00:00+00:00,2026-05-03 06:00:00+00:00,1,1,1,0,2026-05-08 20:00:00+08:00,2026-05-08 20:00:00+08:00,,1500.0,REJECTED,local_hour_count_1
data/interim/notebook02_sources/hourly_forecasts/01_19a_hko_ecmwf_single_run_hourly_forecasts.csv,source_target_date_decision_rule_issue_time,2026-05-09,6h_prior,,,2026-05-03 06:00:00+00:00,2026-05-03 06:00:00+00:00,1,1,1,0,2026-05-09 14:00:00+08:00,2026-05-09 14:00:00+08:00,,1500.0,REJECTED,local_hour_count_1
data/interim/notebook02_sources/hourly_forecasts/01_19a_hko_ecmwf_single_run_hourly_forecasts.csv,source_target_date_decision_rule_issue_time,2026-05-09,12h_prior,,,2026-05-03 06:00:00+00:00,2026-05-03 06:00:00+00:00,1,1,1,0,2026-05-09 20:00:00+08:00,2026-05-09 20:00:00+08:00,,1500.0,REJECTED,local_hour_count_1
data/interim/notebook02_sources/hourly_forecasts/01_19a_hko_ecmwf_single_run_hourly_forecasts.csv,source_target_date_decision_rule_issue_time,2026-05-04,6h_prior,,,2026-05-03 18:00:00+00:00,2026-05-03 18:00:00+00:00,1,1,1,0,2026-05-04 14:00:00+08:00,2026-05-04 14:00:00+08:00,,1500.0,REJECTED,local_hour_count_1
data/interim/notebook02_sources/hourly_forecasts/01_19a_hko_ecmwf_single_run_hourly_forecasts.csv,source_target_date_decision_rule_issue_time,2026-05-04,12h_prior,,,2026-05-03 18:00:00+00:00,2026-05-03 18:00:00+00:00,1,1,1,0,2026-05-04 20:00:00+08:00,2026-05-04 20:00:00+08:00,,1500.0,REJECTED,local_hour_count_1
data/interim/notebook02_sources/hourly_forecasts/01_19a_hko_ecmwf_single_run_hourly_forecasts.csv,source_target_date_decision_rule_issue_time,2026-05-05,6h_prior,,,2026-05-03 18:00:00+00:00,2026-05-03 18:00:00+00:00,1,1,1,0,2026-05-05 14:00:00+08:00,2026-05-05 14:00:00+08:00,,1500.0,REJECTED,local_hour_count_1
data/interim/notebook02_sources/hourly_forecasts/01_19a_hko_ecmwf_single_run_hourly_forecasts.csv,source_target_date_decision_rule_issue_time,2026-05-05,12h_prior,,,2026-05-03 18:00:00+00:00,2026-05-03 18:00:00+00:00,1,1,1,0,2026-05-05 20:00:00+08:00,2026-05-05 20:00:00+08:00,,1500.0,REJECTED,local_hour_count_1
data/interim/notebook02_sources/hourly_forecasts/01_19a_hko_ecmwf_single_run_hourly_forecasts.csv,source_target_date_decision_rule_issue_time,2026-05-06,6h_prior,,,2026-05-03 18:00:00+00:00,2026-05-03 18:00:00+00:00,1,1,1,0,2026-05-06 14:00:00+08:00,2026-05-06 14:00:00+08:00,,1500.0,REJECTED,local_hour_count_1
data/interim/notebook02_sources/hourly_forecasts/01_19a_hko_ecmwf_single_run_hourly_forecasts.csv,source_target_date_decision_rule_issue_time,2026-05-06,12h_prior,,,2026-05-03 18:00:00+00:00,2026-05-03 18:00:00+00:00,1,1,1,0,2026-05-06 20:00:00+08:00,2026-05-06 20:00:00+08:00,,1500.0,REJECTED,local_hour_count_1
data/interim/notebook02_sources/hourly_forecasts/01_19a_hko_ecmwf_single_run_hourly_forecasts.csv,source_target_date_decision_rule_issue_time,2026-05-07,6h_prior,,,2026-05-03 18:00:00+00:00,2026-05-03 18:00:00+00:00,1,1,1,0,2026-05-07 14:00:00+08:00,2026-05-07 14:00:00+08:00,,1500.0,REJECTED,local_hour_count_1
data/interim/notebook02_sources/hourly_forecasts/01_19a_hko_ecmwf_single_run_hourly_forecasts.csv,source_target_date_decision_rule_issue_time,2026-05-07,12h_prior,,,2026-05-03 18:00:00+00:00,2026-05-03 18:00:00+00:00,1,1,1,0,2026-05-07 20:00:00+08:00,2026-05-07 20:00:00+08:00,,1500.0,REJECTED,local_hour_count_1
data/interim/notebook02_sources/hourly_forecasts/01_19a_hko_ecmwf_single_run_hourly_forecasts.csv,source_target_date_decision_rule_issue_time,2026-05-08,6h_prior,,,2026-05-03 18:00:00+00:00,2026-05-03 18:00:00+00:00,1,1,1,0,2026-05-08 14:00:00+08:00,2026-05-08 14:00:00+08:00,,1500.0,REJECTED,local_hour_count_1
data/interim/notebook02_sources/hourly_forecasts/01_19a_hko_ecmwf_single_run_hourly_forecasts.csv,source_target_date_decision_rule_issue_time,2026-05-08,12h_prior,,,2026-05-03 18:00:00+00:00,2026-05-03 18:00:00+00:00,1,1,1,0,2026-05-08 20:00:00+08:00,2026-05-08 20:00:00+08:00,,1500.0,REJECTED,local_hour_count_1
data/interim/notebook02_sources/hourly_forecasts/01_19a_hko_ecmwf_single_run_hourly_forecasts.csv,source_target_date_decision_rule_issue_time,2026-05-09,6h_prior,,,2026-05-03 18:00:00+00:00,2026-05-03 18:00:00+00:00,1,1,1,0,2026-05-09 14:00:00+08:00,2026-05-09 14:00:00+08:00,,1500.0,REJECTED,local_hour_count_1
data/interim/notebook02_sources/hourly_forecasts/01_19a_hko_ecmwf_single_run_hourly_forecasts.csv,source_target_date_decision_rule_issue_time,2026-05-09,12h_prior,,,2026-05-03 18:00:00+00:00,2026-05-03 18:00:00+00:00,1,1,1,0,2026-05-09 20:00:00+08:00,2026-05-09 20:00:00+08:00,,1500.0,REJECTED,local_hour_count_1
data/interim/notebook02_sources/hourly_forecasts/01_19a_hko_ecmwf_single_run_hourly_forecasts.csv,source_target_date_decision_rule_issue_time,2026-05-04,12h_prior,,,2026-05-04 00:00:00+00:00,2026-05-04 00:00:00+00:00,1,1,1,0,2026-05-04 20:00:00+08:00,2026-05-04 20:00:00+08:00,,1500.0,REJECTED,local_hour_count_1
data/interim/notebook02_sources/hourly_forecasts/01_19a_hko_ecmwf_single_run_hourly_forecasts.csv,source_target_date_decision_rule_issue_time,2026-05-05,6h_prior,,,2026-05-04 00:00:00+00:00,2026-05-04 00:00:00+00:00,1,1,1,0,2026-05-05 14:00:00+08:00,2026-05-05 14:00:00+08:00,,1500.0,REJECTED,local_hour_count_1
data/interim/notebook02_sources/hourly_forecasts/01_19a_hko_ecmwf_single_run_hourly_forecasts.csv,source_target_date_decision_rule_issue_time,2026-05-05,12h_prior,,,2026-05-04 00:00:00+00:00,2026-05-04 00:00:00+00:00,1,1,1,0,2026-05-05 20:00:00+08:00,2026-05-05 20:00:00+08:00,,1500.0,REJECTED,local_hour_count_1
data/interim/notebook02_sources/hourly_forecasts/01_19a_hko_ecmwf_single_run_hourly_forecasts.csv,source_target_date_decision_rule_issue_time,2026-05-06,6h_prior,,,2026-05-04 00:00:00+00:00,2026-05-04 00:00:00+00:00,1,1,1,0,2026-05-06 14:00:00+08:00,2026-05-06 14:00:00+08:00,,1500.0,REJECTED,local_hour_count_1
data/interim/notebook02_sources/hourly_forecasts/01_19a_hko_ecmwf_single_run_hourly_forecasts.csv,source_target_date_decision_rule_issue_time,2026-05-06,12h_prior,,,2026-05-04 00:00:00+00:00,2026-05-04 00:00:00+00:00,1,1,1,0,2026-05-06 20:00:00+08:00,2026-05-06 20:00:00+08:00,,1500.0,REJECTED,local_hour_count_1
data/interim/notebook02_sources/hourly_forecasts/01_19a_hko_ecmwf_single_run_hourly_forecasts.csv,source_target_date_decision_rule_issue_time,2026-05-07,6h_prior,,,2026-05-04 00:00:00+00:00,2026-05-04 00:00:00+00:00,1,1,1,0,2026-05-07 14:00:00+08:00,2026-05-07 14:00:00+08:00,,1500.0,REJECTED,local_hour_count_1
data/interim/notebook02_sources/hourly_forecasts/01_19a_hko_ecmwf_single_run_hourly_forecasts.csv,source_target_date_decision_rule_issue_time,2026-05-07,12h_prior,,,2026-05-04 00:00:00+00:00,2026-05-04 00:00:00+00:00,1,1,1,0,2026-05-07 20:00:00+08:00,2026-05-07 20:00:00+08:00,,1500.0,REJECTED,local_hour_count_1
data/interim/notebook02_sources/hourly_forecasts/01_19a_hko_ecmwf_single_run_hourly_forecasts.csv,source_target_date_decision_rule_issue_time,2026-05-08,6h_prior,,,2026-05-04 00:00:00+00:00,2026-05-04 00:00:00+00:00,1,1,1,0,2026-05-08 14:00:00+08:00,2026-05-08 14:00:00+08:00,,1500.0,REJECTED,local_hour_count_1
data/interim/notebook02_sources/hourly_forecasts/01_19a_hko_ecmwf_single_run_hourly_forecasts.csv,source_target_date_decision_rule_issue_time,2026-05-08,12h_prior,,,2026-05-04 00:00:00+00:00,2026-05-04 00:00:00+00:00,1,1,1,0,2026-05-08 20:00:00+08:00,2026-05-08 20:00:00+08:00,,1500.0,REJECTED,local_hour_count_1
data/interim/notebook02_sources/hourly_forecasts/01_19a_hko_ecmwf_single_run_hourly_forecasts.csv,source_target_date_decision_rule_issue_time,2026-05-09,6h_prior,,,2026-05-04 00:00:00+00:00,2026-05-04 00:00:00+00:00,1,1,1,0,2026-05-09 14:00:00+08:00,2026-05-09 14:00:00+08:00,,1500.0,REJECTED,local_hour_count_1
data/interim/notebook02_sources/hourly_forecasts/01_19a_hko_ecmwf_single_run_hourly_forecasts.csv,source_target_date_decision_rule_issue_time,2026-05-09,12h_prior,,,2026-05-04 00:00:00+00:00,2026-05-04 00:00:00+00:00,1,1,1,0,2026-05-09 20:00:00+08:00,2026-05-09 20:00:00+08:00,,1500.0,REJECTED,local_hour_count_1
data/interim/notebook02_sources/hourly_forecasts/01_19a_hko_ecmwf_single_run_hourly_forecasts.csv,source_target_date_decision_rule_issue_time,2026-05-10,6h_prior,,,2026-05-04 00:00:00+00:00,2026-05-04 00:00:00+00:00,1,1,1,0,2026-05-10 14:00:00+08:00,2026-05-10 14:00:00+08:00,,1500.0,REJECTED,local_hour_count_1
data/interim/notebook02_sources/hourly_forecasts/01_19a_hko_ecmwf_single_run_hourly_forecasts.csv,source_target_date_decision_rule_issue_time,2026-05-10,12h_prior,,,2026-05-04 00:00:00+00:00,2026-05-04 00:00:00+00:00,1,1,1,0,2026-05-10 20:00:00+08:00,2026-05-10 20:00:00+08:00,,1500.0,REJECTED,local_hour_count_1
data/interim/notebook02_sources/hourly_forecasts/01_19a_hko_ecmwf_single_run_hourly_forecasts.csv,source_target_date_decision_rule_issue_time,2026-05-11,6h_prior,,,2026-05-04 00:00:00+00:00,2026-05-04 00:00:00+00:00,1,1,1,0,2026-05-11 14:00:00+08:00,2026-05-11 14:00:00+08:00,,1500.0,REJECTED,local_hour_count_1
data/interim/notebook02_sources/hourly_forecasts/01_19a_hko_ecmwf_single_run_hourly_forecasts.csv,source_target_date_decision_rule_issue_time,2026-05-11,12h_prior,,,2026-05-04 00:00:00+00:00,2026-05-04 00:00:00+00:00,1,1,1,0,2026-05-11 20:00:00+08:00,2026-05-11 20:00:00+08:00,,1500.0,REJECTED,local_hour_count_1
data/interim/notebook02_sources/hourly_forecasts/01_19a_hko_ecmwf_single_run_hourly_forecasts.csv,source_target_date_decision_rule_issue_time,2026-05-12,6h_prior,,,2026-05-04 00:00:00+00:00,2026-05-04 00:00:00+00:00,1,1,1,0,2026-05-12 14:00:00+08:00,2026-05-12 14:00:00+08:00,,1500.0,REJECTED,local_hour_count_1
data/interim/notebook02_sources/hourly_forecasts/01_19a_hko_ecmwf_single_run_hourly_forecasts.csv,source_target_date_decision_rule_issue_time,2026-05-12,12h_prior,,,2026-05-04 00:00:00+00:00,2026-05-04 00:00:00+00:00,1,1,1,0,2026-05-12 20:00:00+08:00,2026-05-12 20:00:00+08:00,,1500.0,REJECTED,local_hour_count_1
data/interim/notebook02_sources/hourly_forecasts/01_19a_hko_ecmwf_single_run_hourly_forecasts.csv,source_target_date_decision_rule_issue_time,2026-05-13,6h_prior,,,2026-05-04 00:00:00+00:00,2026-05-04 00:00:00+00:00,1,1,1,0,2026-05-13 14:00:00+08:00,2026-05-13 14:00:00+08:00,,1500.0,REJECTED,local_hour_count_1
data/interim/notebook02_sources/hourly_forecasts/01_19a_hko_ecmwf_single_run_hourly_forecasts.csv,source_target_date_decision_rule_issue_time,2026-05-13,12h_prior,,,2026-05-04 00:00:00+00:00,2026-05-04 00:00:00+00:00,1,1,1,0,2026-05-13 20:00:00+08:00,2026-05-13 20:00:00+08:00,,1500.0,REJECTED,local_hour_count_1
data/interim/notebook02_sources/hourly_forecasts/01_19a_hko_ecmwf_single_run_hourly_forecasts.csv,source_target_date_decision_rule_issue_time,2026-05-14,6h_prior,,,2026-05-04 00:00:00+00:00,2026-05-04 00:00:00+00:00,1,1,1,0,2026-05-14 14:00:00+08:00,2026-05-14 14:00:00+08:00,,1500.0,REJECTED,local_hour_count_1
data/interim/notebook02_sources/hourly_forecasts/01_19a_hko_ecmwf_single_run_hourly_forecasts.csv,source_target_date_decision_rule_issue_time,2026-05-05,6h_prior,,,2026-05-04 06:00:00+00:00,2026-05-04 06:00:00+00:00,1,1,1,0,2026-05-05 14:00:00+08:00,2026-05-05 14:00:00+08:00,,1500.0,REJECTED,local_hour_count_1
data/interim/notebook02_sources/hourly_forecasts/01_19a_hko_ecmwf_single_run_hourly_forecasts.csv,source_target_date_decision_rule_issue_time,2026-05-05,12h_prior,,,2026-05-04 06:00:00+00:00,2026-05-04 06:00:00+00:00,1,1,1,0,2026-05-05 20:00:00+08:00,2026-05-05 20:00:00+08:00,,1500.0,REJECTED,local_hour_count_1
data/interim/notebook02_sources/hourly_forecasts/01_19a_hko_ecmwf_single_run_hourly_forecasts.csv,source_target_date_decision_rule_issue_time,2026-05-06,6h_prior,,,2026-05-04 06:00:00+00:00,2026-05-04 06:00:00+00:00,1,1,1,0,2026-05-06 14:00:00+08:00,2026-05-06 14:00:00+08:00,,1500.0,REJECTED,local_hour_count_1
data/interim/notebook02_sources/hourly_forecasts/01_19a_hko_ecmwf_single_run_hourly_forecasts.csv,source_target_date_decision_rule_issue_time,2026-05-06,12h_prior,,,2026-05-04 06:00:00+00:00,2026-05-04 06:00:00+00:00,1,1,1,0,2026-05-06 20:00:00+08:00,2026-05-06 20:00:00+08:00,,1500.0,REJECTED,local_hour_count_1
data/interim/notebook02_sources/hourly_forecasts/01_19a_hko_ecmwf_single_run_hourly_forecasts.csv,source_target_date_decision_rule_issue_time,2026-05-07,6h_prior,,,2026-05-04 06:00:00+00:00,2026-05-04 06:00:00+00:00,1,1,1,0,2026-05-07 14:00:00+08:00,2026-05-07 14:00:00+08:00,,1500.0,REJECTED,local_hour_count_1
data/interim/notebook02_sources/hourly_forecasts/01_19a_hko_ecmwf_single_run_hourly_forecasts.csv,source_target_date_decision_rule_issue_time,2026-05-07,12h_prior,,,2026-05-04 06:00:00+00:00,2026-05-04 06:00:00+00:00,1,1,1,0,2026-05-07 20:00:00+08:00,2026-05-07 20:00:00+08:00,,1500.0,REJECTED,local_hour_count_1
data/interim/notebook02_sources/hourly_forecasts/01_19a_hko_ecmwf_single_run_hourly_forecasts.csv,source_target_date_decision_rule_issue_time,2026-05-08,6h_prior,,,2026-05-04 06:00:00+00:00,2026-05-04 06:00:00+00:00,1,1,1,0,2026-05-08 14:00:00+08:00,2026-05-08 14:00:00+08:00,,1500.0,REJECTED,local_hour_count_1
data/interim/notebook02_sources/hourly_forecasts/01_19a_hko_ecmwf_single_run_hourly_forecasts.csv,source_target_date_decision_rule_issue_time,2026-05-08,12h_prior,,,2026-05-04 06:00:00+00:00,2026-05-04 06:00:00+00:00,1,1,1,0,2026-05-08 20:00:00+08:00,2026-05-08 20:00:00+08:00,,1500.0,REJECTED,local_hour_count_1
data/interim/notebook02_sources/hourly_forecasts/01_19a_hko_ecmwf_single_run_hourly_forecasts.csv,source_target_date_decision_rule_issue_time,2026-05-09,6h_prior,,,2026-05-04 06:00:00+00:00,2026-05-04 06:00:00+00:00,1,1,1,0,2026-05-09 14:00:00+08:00,2026-05-09 14:00:00+08:00,,1500.0,REJECTED,local_hour_count_1
data/interim/notebook02_sources/hourly_forecasts/01_19a_hko_ecmwf_single_run_hourly_forecasts.csv,source_target_date_decision_rule_issue_time,2026-05-09,12h_prior,,,2026-05-04 06:00:00+00:00,2026-05-04 06:00:00+00:00,1,1,1,0,2026-05-09 20:00:00+08:00,2026-05-09 20:00:00+08:00,,1500.0,REJECTED,local_hour_count_1
data/interim/notebook02_sources/hourly_forecasts/01_19a_hko_ecmwf_single_run_hourly_forecasts.csv,source_target_date_decision_rule_issue_time,2026-05-10,6h_prior,,,2026-05-04 06:00:00+00:00,2026-05-04 06:00:00+00:00,1,1,1,0,2026-05-10 14:00:00+08:00,2026-05-10 14:00:00+08:00,,1500.0,REJECTED,local_hour_count_1
data/interim/notebook02_sources/hourly_forecasts/01_19a_hko_ecmwf_single_run_hourly_forecasts.csv,source_target_date_decision_rule_issue_time,2026-05-10,12h_prior,,,2026-05-04 06:00:00+00:00,2026-05-04 06:00:00+00:00,1,1,1,0,2026-05-10 20:00:00+08:00,2026-05-10 20:00:00+08:00,,1500.0,REJECTED,local_hour_count_1
data/interim/notebook02_sources/hourly_forecasts/01_19a_hko_ecmwf_single_run_hourly_forecasts.csv,source_target_date_decision_rule_issue_time,2026-05-05,6h_prior,,,2026-05-04 18:00:00+00:00,2026-05-04 18:00:00+00:00,1,1,1,0,2026-05-05 14:00:00+08:00,2026-05-05 14:00:00+08:00,,1500.0,REJECTED,local_hour_count_1
data/interim/notebook02_sources/hourly_forecasts/01_19a_hko_ecmwf_single_run_hourly_forecasts.csv,source_target_date_decision_rule_issue_time,2026-05-05,12h_prior,,,2026-05-04 18:00:00+00:00,2026-05-04 18:00:00+00:00,1,1,1,0,2026-05-05 20:00:00+08:00,2026-05-05 20:00:00+08:00,,1500.0,REJECTED,local_hour_count_1
data/interim/notebook02_sources/hourly_forecasts/01_19a_hko_ecmwf_single_run_hourly_forecasts.csv,source_target_date_decision_rule_issue_time,2026-05-06,6h_prior,,,2026-05-04 18:00:00+00:00,2026-05-04 18:00:00+00:00,1,1,1,0,2026-05-06 14:00:00+08:00,2026-05-06 14:00:00+08:00,,1500.0,REJECTED,local_hour_count_1
data/interim/notebook02_sources/hourly_forecasts/01_19a_hko_ecmwf_single_run_hourly_forecasts.csv,source_target_date_decision_rule_issue_time,2026-05-06,12h_prior,,,2026-05-04 18:00:00+00:00,2026-05-04 18:00:00+00:00,1,1,1,0,2026-05-06 20:00:00+08:00,2026-05-06 20:00:00+08:00,,1500.0,REJECTED,local_hour_count_1
data/interim/notebook02_sources/hourly_forecasts/01_19a_hko_ecmwf_single_run_hourly_forecasts.csv,source_target_date_decision_rule_issue_time,2026-05-07,6h_prior,,,2026-05-04 18:00:00+00:00,2026-05-04 18:00:00+00:00,1,1,1,0,2026-05-07 14:00:00+08:00,2026-05-07 14:00:00+08:00,,1500.0,REJECTED,local_hour_count_1
data/interim/notebook02_sources/hourly_forecasts/01_19a_hko_ecmwf_single_run_hourly_forecasts.csv,source_target_date_decision_rule_issue_time,2026-05-07,12h_prior,,,2026-05-04 18:00:00+00:00,2026-05-04 18:00:00+00:00,1,1,1,0,2026-05-07 20:00:00+08:00,2026-05-07 20:00:00+08:00,,1500.0,REJECTED,local_hour_count_1
data/interim/notebook02_sources/hourly_forecasts/01_19a_hko_ecmwf_single_run_hourly_forecasts.csv,source_target_date_decision_rule_issue_time,2026-05-08,6h_prior,,,2026-05-04 18:00:00+00:00,2026-05-04 18:00:00+00:00,1,1,1,0,2026-05-08 14:00:00+08:00,2026-05-08 14:00:00+08:00,,1500.0,REJECTED,local_hour_count_1
data/interim/notebook02_sources/hourly_forecasts/01_19a_hko_ecmwf_single_run_hourly_forecasts.csv,source_target_date_decision_rule_issue_time,2026-05-08,12h_prior,,,2026-05-04 18:00:00+00:00,2026-05-04 18:00:00+00:00,1,1,1,0,2026-05-08 20:00:00+08:00,2026-05-08 20:00:00+08:00,,1500.0,REJECTED,local_hour_count_1
data/interim/notebook02_sources/hourly_forecasts/01_19a_hko_ecmwf_single_run_hourly_forecasts.csv,source_target_date_decision_rule_issue_time,2026-05-09,6h_prior,,,2026-05-04 18:00:00+00:00,2026-05-04 18:00:00+00:00,1,1,1,0,2026-05-09 14:00:00+08:00,2026-05-09 14:00:00+08:00,,1500.0,REJECTED,local_hour_count_1
data/interim/notebook02_sources/hourly_forecasts/01_19a_hko_ecmwf_single_run_hourly_forecasts.csv,source_target_date_decision_rule_issue_time,2026-05-09,12h_prior,,,2026-05-04 18:00:00+00:00,2026-05-04 18:00:00+00:00,1,1,1,0,2026-05-09 20:00:00+08:00,2026-05-09 20:00:00+08:00,,1500.0,REJECTED,local_hour_count_1
data/interim/notebook02_sources/hourly_forecasts/01_19a_hko_ecmwf_single_run_hourly_forecasts.csv,source_target_date_decision_rule_issue_time,2026-05-10,6h_prior,,,2026-05-04 18:00:00+00:00,2026-05-04 18:00:00+00:00,1,1,1,0,2026-05-10 14:00:00+08:00,2026-05-10 14:00:00+08:00,,1500.0,REJECTED,local_hour_count_1
data/interim/notebook02_sources/hourly_forecasts/01_19a_hko_ecmwf_single_run_hourly_forecasts.csv,source_target_date_decision_rule_issue_time,2026-05-10,12h_prior,,,2026-05-04 18:00:00+00:00,2026-05-04 18:00:00+00:00,1,1,1,0,2026-05-10 20:00:00+08:00,2026-05-10 20:00:00+08:00,,1500.0,REJECTED,local_hour_count_1
data/interim/notebook02_sources/hourly_forecasts/01_19a_hko_ecmwf_single_run_hourly_forecasts.csv,source_target_date_decision_rule_issue_time,2026-05-05,12h_prior,,,2026-05-05 00:00:00+00:00,2026-05-05 00:00:00+00:00,1,1,1,0,2026-05-05 20:00:00+08:00,2026-05-05 20:00:00+08:00,,1500.0,REJECTED,local_hour_count_1
data/interim/notebook02_sources/hourly_forecasts/01_19a_hko_ecmwf_single_run_hourly_forecasts.csv,source_target_date_decision_rule_issue_time,2026-05-06,6h_prior,,,2026-05-05 00:00:00+00:00,2026-05-05 00:00:00+00:00,1,1,1,0,2026-05-06 14:00:00+08:00,2026-05-06 14:00:00+08:00,,1500.0,REJECTED,local_hour_count_1
data/interim/notebook02_sources/hourly_forecasts/01_19a_hko_ecmwf_single_run_hourly_forecasts.csv,source_target_date_decision_rule_issue_time,2026-05-06,12h_prior,,,2026-05-05 00:00:00+00:00,2026-05-05 00:00:00+00:00,1,1,1,0,2026-05-06 20:00:00+08:00,2026-05-06 20:00:00+08:00,,1500.0,REJECTED,local_hour_count_1
data/interim/notebook02_sources/hourly_forecasts/01_19a_hko_ecmwf_single_run_hourly_forecasts.csv,source_target_date_decision_rule_issue_time,2026-05-07,6h_prior,,,2026-05-05 00:00:00+00:00,2026-05-05 00:00:00+00:00,1,1,1,0,2026-05-07 14:00:00+08:00,2026-05-07 14:00:00+08:00,,1500.0,REJECTED,local_hour_count_1
data/interim/notebook02_sources/hourly_forecasts/01_19a_hko_ecmwf_single_run_hourly_forecasts.csv,source_target_date_decision_rule_issue_time,2026-05-07,12h_prior,,,2026-05-05 00:00:00+00:00,2026-05-05 00:00:00+00:00,1,1,1,0,2026-05-07 20:00:00+08:00,2026-05-07 20:00:00+08:00,,1500.0,REJECTED,local_hour_count_1
data/interim/notebook02_sources/hourly_forecasts/01_19a_hko_ecmwf_single_run_hourly_forecasts.csv,source_target_date_decision_rule_issue_time,2026-05-08,6h_prior,,,2026-05-05 00:00:00+00:00,2026-05-05 00:00:00+00:00,1,1,1,0,2026-05-08 14:00:00+08:00,2026-05-08 14:00:00+08:00,,1500.0,REJECTED,local_hour_count_1
data/interim/notebook02_sources/hourly_forecasts/01_19a_hko_ecmwf_single_run_hourly_forecasts.csv,source_target_date_decision_rule_issue_time,2026-05-08,12h_prior,,,2026-05-05 00:00:00+00:00,2026-05-05 00:00:00+00:00,1,1,1,0,2026-05-08 20:00:00+08:00,2026-05-08 20:00:00+08:00,,1500.0,REJECTED,local_hour_count_1
data/interim/notebook02_sources/hourly_forecasts/01_19a_hko_ecmwf_single_run_hourly_forecasts.csv,source_target_date_decision_rule_issue_time,2026-05-09,6h_prior,,,2026-05-05 00:00:00+00:00,2026-05-05 00:00:00+00:00,1,1,1,0,2026-05-09 14:00:00+08:00,2026-05-09 14:00:00+08:00,,1500.0,REJECTED,local_hour_count_1
data/interim/notebook02_sources/hourly_forecasts/01_19a_hko_ecmwf_single_run_hourly_forecasts.csv,source_target_date_decision_rule_issue_time,2026-05-09,12h_prior,,,2026-05-05 00:00:00+00:00,2026-05-05 00:00:00+00:00,1,1,1,0,2026-05-09 20:00:00+08:00,2026-05-09 20:00:00+08:00,,1500.0,REJECTED,local_hour_count_1
data/interim/notebook02_sources/hourly_forecasts/01_19a_hko_ecmwf_single_run_hourly_forecasts.csv,source_target_date_decision_rule_issue_time,2026-05-10,6h_prior,,,2026-05-05 00:00:00+00:00,2026-05-05 00:00:00+00:00,1,1,1,0,2026-05-10 14:00:00+08:00,2026-05-10 14:00:00+08:00,,1500.0,REJECTED,local_hour_count_1
data/interim/notebook02_sources/hourly_forecasts/01_19a_hko_ecmwf_single_run_hourly_forecasts.csv,source_target_date_decision_rule_issue_time,2026-05-10,12h_prior,,,2026-05-05 00:00:00+00:00,2026-05-05 00:00:00+00:00,1,1,1,0,2026-05-10 20:00:00+08:00,2026-05-10 20:00:00+08:00,,1500.0,REJECTED,local_hour_count_1
data/interim/notebook02_sources/hourly_forecasts/01_19a_hko_ecmwf_single_run_hourly_forecasts.csv,source_target_date_decision_rule_issue_time,2026-05-11,6h_prior,,,2026-05-05 00:00:00+00:00,2026-05-05 00:00:00+00:00,1,1,1,0,2026-05-11 14:00:00+08:00,2026-05-11 14:00:00+08:00,,1500.0,REJECTED,local_hour_count_1
data/interim/notebook02_sources/hourly_forecasts/01_19a_hko_ecmwf_single_run_hourly_forecasts.csv,source_target_date_decision_rule_issue_time,2026-05-11,12h_prior,,,2026-05-05 00:00:00+00:00,2026-05-05 00:00:00+00:00,1,1,1,0,2026-05-11 20:00:00+08:00,2026-05-11 20:00:00+08:00,,1500.0,REJECTED,local_hour_count_1
data/interim/notebook02_sources/hourly_forecasts/01_19a_hko_ecmwf_single_run_hourly_forecasts.csv,source_target_date_decision_rule_issue_time,2026-05-12,6h_prior,,,2026-05-05 00:00:00+00:00,2026-05-05 00:00:00+00:00,1,1,1,0,2026-05-12 14:00:00+08:00,2026-05-12 14:00:00+08:00,,1500.0,REJECTED,local_hour_count_1
data/interim/notebook02_sources/hourly_forecasts/01_19a_hko_ecmwf_single_run_hourly_forecasts.csv,source_target_date_decision_rule_issue_time,2026-05-12,12h_prior,,,2026-05-05 00:00:00+00:00,2026-05-05 00:00:00+00:00,1,1,1,0,2026-05-12 20:00:00+08:00,2026-05-12 20:00:00+08:00,,1500.0,REJECTED,local_hour_count_1
data/interim/notebook02_sources/hourly_forecasts/01_19a_hko_ecmwf_single_run_hourly_forecasts.csv,source_target_date_decision_rule_issue_time,2026-05-13,6h_prior,,,2026-05-05 00:00:00+00:00,2026-05-05 00:00:00+00:00,1,1,1,0,2026-05-13 14:00:00+08:00,2026-05-13 14:00:00+08:00,,1500.0,REJECTED,local_hour_count_1
data/interim/notebook02_sources/hourly_forecasts/01_19a_hko_ecmwf_single_run_hourly_forecasts.csv,source_target_date_decision_rule_issue_time,2026-05-13,12h_prior,,,2026-05-05 00:00:00+00:00,2026-05-05 00:00:00+00:00,1,1,1,0,2026-05-13 20:00:00+08:00,2026-05-13 20:00:00+08:00,,1500.0,REJECTED,local_hour_count_1
data/interim/notebook02_sources/hourly_forecasts/01_19a_hko_ecmwf_single_run_hourly_forecasts.csv,source_target_date_decision_rule_issue_time,2026-05-14,6h_prior,,,2026-05-05 00:00:00+00:00,2026-05-05 00:00:00+00:00,1,1,1,0,2026-05-14 14:00:00+08:00,2026-05-14 14:00:00+08:00,,1500.0,REJECTED,local_hour_count_1
data/interim/notebook02_sources/hourly_forecasts/01_19a_hko_ecmwf_single_run_hourly_forecasts.csv,source_target_date_decision_rule_issue_time,2026-05-14,12h_prior,,,2026-05-05 00:00:00+00:00,2026-05-05 00:00:00+00:00,1,1,1,0,2026-05-14 20:00:00+08:00,2026-05-14 20:00:00+08:00,,1500.0,REJECTED,local_hour_count_1
data/interim/notebook02_sources/hourly_forecasts/01_19a_hko_ecmwf_single_run_hourly_forecasts.csv,source_target_date_decision_rule_issue_time,2026-05-15,6h_prior,,,2026-05-05 00:00:00+00:00,2026-05-05 00:00:00+00:00,1,1,1,0,2026-05-15 14:00:00+08:00,2026-05-15 14:00:00+08:00,,1500.0,REJECTED,local_hour_count_1
data/interim/notebook02_sources/hourly_forecasts/01_19a_hko_ecmwf_single_run_hourly_forecasts.csv,source_target_date_decision_rule_issue_time,2026-05-06,6h_prior,,,2026-05-05 06:00:00+00:00,2026-05-05 06:00:00+00:00,1,1,1,0,2026-05-06 14:00:00+08:00,2026-05-06 14:00:00+08:00,,1500.0,REJECTED,local_hour_count_1
data/interim/notebook02_sources/hourly_forecasts/01_19a_hko_ecmwf_single_run_hourly_forecasts.csv,source_target_date_decision_rule_issue_time,2026-05-06,12h_prior,,,2026-05-05 06:00:00+00:00,2026-05-05 06:00:00+00:00,1,1,1,0,2026-05-06 20:00:00+08:00,2026-05-06 20:00:00+08:00,,1500.0,REJECTED,local_hour_count_1
data/interim/notebook02_sources/hourly_forecasts/01_19a_hko_ecmwf_single_run_hourly_forecasts.csv,source_target_date_decision_rule_issue_time,2026-05-07,6h_prior,,,2026-05-05 06:00:00+00:00,2026-05-05 06:00:00+00:00,1,1,1,0,2026-05-07 14:00:00+08:00,2026-05-07 14:00:00+08:00,,1500.0,REJECTED,local_hour_count_1
data/interim/notebook02_sources/hourly_forecasts/01_19a_hko_ecmwf_single_run_hourly_forecasts.csv,source_target_date_decision_rule_issue_time,2026-05-07,12h_prior,,,2026-05-05 06:00:00+00:00,2026-05-05 06:00:00+00:00,1,1,1,0,2026-05-07 20:00:00+08:00,2026-05-07 20:00:00+08:00,,1500.0,REJECTED,local_hour_count_1
data/interim/notebook02_sources/hourly_forecasts/01_19a_hko_ecmwf_single_run_hourly_forecasts.csv,source_target_date_decision_rule_issue_time,2026-05-08,6h_prior,,,2026-05-05 06:00:00+00:00,2026-05-05 06:00:00+00:00,1,1,1,0,2026-05-08 14:00:00+08:00,2026-05-08 14:00:00+08:00,,1500.0,REJECTED,local_hour_count_1
data/interim/notebook02_sources/hourly_forecasts/01_19a_hko_ecmwf_single_run_hourly_forecasts.csv,source_target_date_decision_rule_issue_time,2026-05-08,12h_prior,,,2026-05-05 06:00:00+00:00,2026-05-05 06:00:00+00:00,1,1,1,0,2026-05-08 20:00:00+08:00,2026-05-08 20:00:00+08:00,,1500.0,REJECTED,local_hour_count_1
data/interim/notebook02_sources/hourly_forecasts/01_19a_hko_ecmwf_single_run_hourly_forecasts.csv,source_target_date_decision_rule_issue_time,2026-05-09,6h_prior,,,2026-05-05 06:00:00+00:00,2026-05-05 06:00:00+00:00,1,1,1,0,2026-05-09 14:00:00+08:00,2026-05-09 14:00:00+08:00,,1500.0,REJECTED,local_hour_count_1
data/interim/notebook02_sources/hourly_forecasts/01_19a_hko_ecmwf_single_run_hourly_forecasts.csv,source_target_date_decision_rule_issue_time,2026-05-09,12h_prior,,,2026-05-05 06:00:00+00:00,2026-05-05 06:00:00+00:00,1,1,1,0,2026-05-09 20:00:00+08:00,2026-05-09 20:00:00+08:00,,1500.0,REJECTED,local_hour_count_1
data/interim/notebook02_sources/hourly_forecasts/01_19a_hko_ecmwf_single_run_hourly_forecasts.csv,source_target_date_decision_rule_issue_time,2026-05-10,6h_prior,,,2026-05-05 06:00:00+00:00,2026-05-05 06:00:00+00:00,1,1,1,0,2026-05-10 14:00:00+08:00,2026-05-10 14:00:00+08:00,,1500.0,REJECTED,local_hour_count_1
data/interim/notebook02_sources/hourly_forecasts/01_19a_hko_ecmwf_single_run_hourly_forecasts.csv,source_target_date_decision_rule_issue_time,2026-05-10,12h_prior,,,2026-05-05 06:00:00+00:00,2026-05-05 06:00:00+00:00,1,1,1,0,2026-05-10 20:00:00+08:00,2026-05-10 20:00:00+08:00,,1500.0,REJECTED,local_hour_count_1
data/interim/notebook02_sources/hourly_forecasts/01_19a_hko_ecmwf_single_run_hourly_forecasts.csv,source_target_date_decision_rule_issue_time,2026-05-11,6h_prior,,,2026-05-05 06:00:00+00:00,2026-05-05 06:00:00+00:00,1,1,1,0,2026-05-11 14:00:00+08:00,2026-05-11 14:00:00+08:00,,1500.0,REJECTED,local_hour_count_1
data/interim/notebook02_sources/hourly_forecasts/01_19a_hko_ecmwf_single_run_hourly_forecasts.csv,source_target_date_decision_rule_issue_time,2026-05-11,12h_prior,,,2026-05-05 06:00:00+00:00,2026-05-05 06:00:00+00:00,1,1,1,0,2026-05-11 20:00:00+08:00,2026-05-11 20:00:00+08:00,,1500.0,REJECTED,local_hour_count_1
data/interim/notebook02_sources/hourly_forecasts/01_19a_hko_ecmwf_single_run_hourly_forecasts.csv,source_target_date_decision_rule_issue_time,2026-05-06,6h_prior,,,2026-05-05 18:00:00+00:00,2026-05-05 18:00:00+00:00,1,1,1,0,2026-05-06 14:00:00+08:00,2026-05-06 14:00:00+08:00,,1500.0,REJECTED,local_hour_count_1
data/interim/notebook02_sources/hourly_forecasts/01_19a_hko_ecmwf_single_run_hourly_forecasts.csv,source_target_date_decision_rule_issue_time,2026-05-06,12h_prior,,,2026-05-05 18:00:00+00:00,2026-05-05 18:00:00+00:00,1,1,1,0,2026-05-06 20:00:00+08:00,2026-05-06 20:00:00+08:00,,1500.0,REJECTED,local_hour_count_1
data/interim/notebook02_sources/hourly_forecasts/01_19a_hko_ecmwf_single_run_hourly_forecasts.csv,source_target_date_decision_rule_issue_time,2026-05-07,6h_prior,,,2026-05-05 18:00:00+00:00,2026-05-05 18:00:00+00:00,1,1,1,0,2026-05-07 14:00:00+08:00,2026-05-07 14:00:00+08:00,,1500.0,REJECTED,local_hour_count_1
data/interim/notebook02_sources/hourly_forecasts/01_19a_hko_ecmwf_single_run_hourly_forecasts.csv,source_target_date_decision_rule_issue_time,2026-05-07,12h_prior,,,2026-05-05 18:00:00+00:00,2026-05-05 18:00:00+00:00,1,1,1,0,2026-05-07 20:00:00+08:00,2026-05-07 20:00:00+08:00,,1500.0,REJECTED,local_hour_count_1
data/interim/notebook02_sources/hourly_forecasts/01_19a_hko_ecmwf_single_run_hourly_forecasts.csv,source_target_date_decision_rule_issue_time,2026-05-08,6h_prior,,,2026-05-05 18:00:00+00:00,2026-05-05 18:00:00+00:00,1,1,1,0,2026-05-08 14:00:00+08:00,2026-05-08 14:00:00+08:00,,1500.0,REJECTED,local_hour_count_1
data/interim/notebook02_sources/hourly_forecasts/01_19a_hko_ecmwf_single_run_hourly_forecasts.csv,source_target_date_decision_rule_issue_time,2026-05-08,12h_prior,,,2026-05-05 18:00:00+00:00,2026-05-05 18:00:00+00:00,1,1,1,0,2026-05-08 20:00:00+08:00,2026-05-08 20:00:00+08:00,,1500.0,REJECTED,local_hour_count_1
data/interim/notebook02_sources/hourly_forecasts/01_19a_hko_ecmwf_single_run_hourly_forecasts.csv,source_target_date_decision_rule_issue_time,2026-05-09,6h_prior,,,2026-05-05 18:00:00+00:00,2026-05-05 18:00:00+00:00,1,1,1,0,2026-05-09 14:00:00+08:00,2026-05-09 14:00:00+08:00,,1500.0,REJECTED,local_hour_count_1
data/interim/notebook02_sources/hourly_forecasts/01_19a_hko_ecmwf_single_run_hourly_forecasts.csv,source_target_date_decision_rule_issue_time,2026-05-09,12h_prior,,,2026-05-05 18:00:00+00:00,2026-05-05 18:00:00+00:00,1,1,1,0,2026-05-09 20:00:00+08:00,2026-05-09 20:00:00+08:00,,1500.0,REJECTED,local_hour_count_1
data/interim/notebook02_sources/hourly_forecasts/01_19a_hko_ecmwf_single_run_hourly_forecasts.csv,source_target_date_decision_rule_issue_time,2026-05-10,6h_prior,,,2026-05-05 18:00:00+00:00,2026-05-05 18:00:00+00:00,1,1,1,0,2026-05-10 14:00:00+08:00,2026-05-10 14:00:00+08:00,,1500.0,REJECTED,local_hour_count_1
data/interim/notebook02_sources/hourly_forecasts/01_19a_hko_ecmwf_single_run_hourly_forecasts.csv,source_target_date_decision_rule_issue_time,2026-05-10,12h_prior,,,2026-05-05 18:00:00+00:00,2026-05-05 18:00:00+00:00,1,1,1,0,2026-05-10 20:00:00+08:00,2026-05-10 20:00:00+08:00,,1500.0,REJECTED,local_hour_count_1
data/interim/notebook02_sources/hourly_forecasts/01_19a_hko_ecmwf_single_run_hourly_forecasts.csv,source_target_date_decision_rule_issue_time,2026-05-11,6h_prior,,,2026-05-05 18:00:00+00:00,2026-05-05 18:00:00+00:00,1,1,1,0,2026-05-11 14:00:00+08:00,2026-05-11 14:00:00+08:00,,1500.0,REJECTED,local_hour_count_1
data/interim/notebook02_sources/hourly_forecasts/01_19a_hko_ecmwf_single_run_hourly_forecasts.csv,source_target_date_decision_rule_issue_time,2026-05-11,12h_prior,,,2026-05-05 18:00:00+00:00,2026-05-05 18:00:00+00:00,1,1,1,0,2026-05-11 20:00:00+08:00,2026-05-11 20:00:00+08:00,,1500.0,REJECTED,local_hour_count_1
data/interim/notebook02_sources/hourly_forecasts/01_19a_hko_ecmwf_single_run_hourly_forecasts.csv,source_target_date_decision_rule_issue_time,2026-05-06,12h_prior,,,2026-05-06 00:00:00+00:00,2026-05-06 00:00:00+00:00,1,1,1,0,2026-05-06 20:00:00+08:00,2026-05-06 20:00:00+08:00,,1500.0,REJECTED,local_hour_count_1
data/interim/notebook02_sources/hourly_forecasts/01_19a_hko_ecmwf_single_run_hourly_forecasts.csv,source_target_date_decision_rule_issue_time,2026-05-07,6h_prior,,,2026-05-06 00:00:00+00:00,2026-05-06 00:00:00+00:00,1,1,1,0,2026-05-07 14:00:00+08:00,2026-05-07 14:00:00+08:00,,1500.0,REJECTED,local_hour_count_1
data/interim/notebook02_sources/hourly_forecasts/01_19a_hko_ecmwf_single_run_hourly_forecasts.csv,source_target_date_decision_rule_issue_time,2026-05-07,12h_prior,,,2026-05-06 00:00:00+00:00,2026-05-06 00:00:00+00:00,1,1,1,0,2026-05-07 20:00:00+08:00,2026-05-07 20:00:00+08:00,,1500.0,REJECTED,local_hour_count_1
data/interim/notebook02_sources/hourly_forecasts/01_19a_hko_ecmwf_single_run_hourly_forecasts.csv,source_target_date_decision_rule_issue_time,2026-05-08,6h_prior,,,2026-05-06 00:00:00+00:00,2026-05-06 00:00:00+00:00,1,1,1,0,2026-05-08 14:00:00+08:00,2026-05-08 14:00:00+08:00,,1500.0,REJECTED,local_hour_count_1
data/interim/notebook02_sources/hourly_forecasts/01_19a_hko_ecmwf_single_run_hourly_forecasts.csv,source_target_date_decision_rule_issue_time,2026-05-08,12h_prior,,,2026-05-06 00:00:00+00:00,2026-05-06 00:00:00+00:00,1,1,1,0,2026-05-08 20:00:00+08:00,2026-05-08 20:00:00+08:00,,1500.0,REJECTED,local_hour_count_1
data/interim/notebook02_sources/hourly_forecasts/01_19a_hko_ecmwf_single_run_hourly_forecasts.csv,source_target_date_decision_rule_issue_time,2026-05-09,6h_prior,,,2026-05-06 00:00:00+00:00,2026-05-06 00:00:00+00:00,1,1,1,0,2026-05-09 14:00:00+08:00,2026-05-09 14:00:00+08:00,,1500.0,REJECTED,local_hour_count_1
data/interim/notebook02_sources/hourly_forecasts/01_19a_hko_ecmwf_single_run_hourly_forecasts.csv,source_target_date_decision_rule_issue_time,2026-05-09,12h_prior,,,2026-05-06 00:00:00+00:00,2026-05-06 00:00:00+00:00,1,1,1,0,2026-05-09 20:00:00+08:00,2026-05-09 20:00:00+08:00,,1500.0,REJECTED,local_hour_count_1
data/interim/notebook02_sources/hourly_forecasts/01_19a_hko_ecmwf_single_run_hourly_forecasts.csv,source_target_date_decision_rule_issue_time,2026-05-10,6h_prior,,,2026-05-06 00:00:00+00:00,2026-05-06 00:00:00+00:00,1,1,1,0,2026-05-10 14:00:00+08:00,2026-05-10 14:00:00+08:00,,1500.0,REJECTED,local_hour_count_1
data/interim/notebook02_sources/hourly_forecasts/01_19a_hko_ecmwf_single_run_hourly_forecasts.csv,source_target_date_decision_rule_issue_time,2026-05-10,12h_prior,,,2026-05-06 00:00:00+00:00,2026-05-06 00:00:00+00:00,1,1,1,0,2026-05-10 20:00:00+08:00,2026-05-10 20:00:00+08:00,,1500.0,REJECTED,local_hour_count_1
data/interim/notebook02_sources/hourly_forecasts/01_19a_hko_ecmwf_single_run_hourly_forecasts.csv,source_target_date_decision_rule_issue_time,2026-05-11,6h_prior,,,2026-05-06 00:00:00+00:00,2026-05-06 00:00:00+00:00,1,1,1,0,2026-05-11 14:00:00+08:00,2026-05-11 14:00:00+08:00,,1500.0,REJECTED,local_hour_count_1
data/interim/notebook02_sources/hourly_forecasts/01_19a_hko_ecmwf_single_run_hourly_forecasts.csv,source_target_date_decision_rule_issue_time,2026-05-11,12h_prior,,,2026-05-06 00:00:00+00:00,2026-05-06 00:00:00+00:00,1,1,1,0,2026-05-11 20:00:00+08:00,2026-05-11 20:00:00+08:00,,1500.0,REJECTED,local_hour_count_1
data/interim/notebook02_sources/hourly_forecasts/01_19a_hko_ecmwf_single_run_hourly_forecasts.csv,source_target_date_decision_rule_issue_time,2026-05-12,6h_prior,,,2026-05-06 00:00:00+00:00,2026-05-06 00:00:00+00:00,1,1,1,0,2026-05-12 14:00:00+08:00,2026-05-12 14:00:00+08:00,,1500.0,REJECTED,local_hour_count_1
data/interim/notebook02_sources/hourly_forecasts/01_19a_hko_ecmwf_single_run_hourly_forecasts.csv,source_target_date_decision_rule_issue_time,2026-05-12,12h_prior,,,2026-05-06 00:00:00+00:00,2026-05-06 00:00:00+00:00,1,1,1,0,2026-05-12 20:00:00+08:00,2026-05-12 20:00:00+08:00,,1500.0,REJECTED,local_hour_count_1
data/interim/notebook02_sources/hourly_forecasts/01_19a_hko_ecmwf_single_run_hourly_forecasts.csv,source_target_date_decision_rule_issue_time,2026-05-13,6h_prior,,,2026-05-06 00:00:00+00:00,2026-05-06 00:00:00+00:00,1,1,1,0,2026-05-13 14:00:00+08:00,2026-05-13 14:00:00+08:00,,1500.0,REJECTED,local_hour_count_1
data/interim/notebook02_sources/hourly_forecasts/01_19a_hko_ecmwf_single_run_hourly_forecasts.csv,source_target_date_decision_rule_issue_time,2026-05-13,12h_prior,,,2026-05-06 00:00:00+00:00,2026-05-06 00:00:00+00:00,1,1,1,0,2026-05-13 20:00:00+08:00,2026-05-13 20:00:00+08:00,,1500.0,REJECTED,local_hour_count_1
data/interim/notebook02_sources/hourly_forecasts/01_19a_hko_ecmwf_single_run_hourly_forecasts.csv,source_target_date_decision_rule_issue_time,2026-05-14,6h_prior,,,2026-05-06 00:00:00+00:00,2026-05-06 00:00:00+00:00,1,1,1,0,2026-05-14 14:00:00+08:00,2026-05-14 14:00:00+08:00,,1500.0,REJECTED,local_hour_count_1
data/interim/notebook02_sources/hourly_forecasts/01_19a_hko_ecmwf_single_run_hourly_forecasts.csv,source_target_date_decision_rule_issue_time,2026-05-14,12h_prior,,,2026-05-06 00:00:00+00:00,2026-05-06 00:00:00+00:00,1,1,1,0,2026-05-14 20:00:00+08:00,2026-05-14 20:00:00+08:00,,1500.0,REJECTED,local_hour_count_1
data/interim/notebook02_sources/hourly_forecasts/01_19a_hko_ecmwf_single_run_hourly_forecasts.csv,source_target_date_decision_rule_issue_time,2026-05-15,6h_prior,,,2026-05-06 00:00:00+00:00,2026-05-06 00:00:00+00:00,1,1,1,0,2026-05-15 14:00:00+08:00,2026-05-15 14:00:00+08:00,,1500.0,REJECTED,local_hour_count_1
data/interim/notebook02_sources/hourly_forecasts/01_19a_hko_ecmwf_single_run_hourly_forecasts.csv,source_target_date_decision_rule_issue_time,2026-05-15,12h_prior,,,2026-05-06 00:00:00+00:00,2026-05-06 00:00:00+00:00,1,1,1,0,2026-05-15 20:00:00+08:00,2026-05-15 20:00:00+08:00,,1500.0,REJECTED,local_hour_count_1
data/interim/notebook02_sources/hourly_forecasts/01_19a_hko_ecmwf_single_run_hourly_forecasts.csv,source_target_date_decision_rule_issue_time,2026-05-16,6h_prior,,,2026-05-06 00:00:00+00:00,2026-05-06 00:00:00+00:00,1,1,1,0,2026-05-16 14:00:00+08:00,2026-05-16 14:00:00+08:00,,1500.0,REJECTED,local_hour_count_1
data/interim/notebook02_sources/hourly_forecasts/01_19a_hko_ecmwf_single_run_hourly_forecasts.csv,source_target_date_decision_rule_issue_time,2026-05-07,6h_prior,,,2026-05-06 06:00:00+00:00,2026-05-06 06:00:00+00:00,1,1,1,0,2026-05-07 14:00:00+08:00,2026-05-07 14:00:00+08:00,,1500.0,REJECTED,local_hour_count_1
data/interim/notebook02_sources/hourly_forecasts/01_19a_hko_ecmwf_single_run_hourly_forecasts.csv,source_target_date_decision_rule_issue_time,2026-05-07,12h_prior,,,2026-05-06 06:00:00+00:00,2026-05-06 06:00:00+00:00,1,1,1,0,2026-05-07 20:00:00+08:00,2026-05-07 20:00:00+08:00,,1500.0,REJECTED,local_hour_count_1
data/interim/notebook02_sources/hourly_forecasts/01_19a_hko_ecmwf_single_run_hourly_forecasts.csv,source_target_date_decision_rule_issue_time,2026-05-08,6h_prior,,,2026-05-06 06:00:00+00:00,2026-05-06 06:00:00+00:00,1,1,1,0,2026-05-08 14:00:00+08:00,2026-05-08 14:00:00+08:00,,1500.0,REJECTED,local_hour_count_1
data/interim/notebook02_sources/hourly_forecasts/01_19a_hko_ecmwf_single_run_hourly_forecasts.csv,source_target_date_decision_rule_issue_time,2026-05-08,12h_prior,,,2026-05-06 06:00:00+00:00,2026-05-06 06:00:00+00:00,1,1,1,0,2026-05-08 20:00:00+08:00,2026-05-08 20:00:00+08:00,,1500.0,REJECTED,local_hour_count_1
data/interim/notebook02_sources/hourly_forecasts/01_19a_hko_ecmwf_single_run_hourly_forecasts.csv,source_target_date_decision_rule_issue_time,2026-05-09,6h_prior,,,2026-05-06 06:00:00+00:00,2026-05-06 06:00:00+00:00,1,1,1,0,2026-05-09 14:00:00+08:00,2026-05-09 14:00:00+08:00,,1500.0,REJECTED,local_hour_count_1
data/interim/notebook02_sources/hourly_forecasts/01_19a_hko_ecmwf_single_run_hourly_forecasts.csv,source_target_date_decision_rule_issue_time,2026-05-09,12h_prior,,,2026-05-06 06:00:00+00:00,2026-05-06 06:00:00+00:00,1,1,1,0,2026-05-09 20:00:00+08:00,2026-05-09 20:00:00+08:00,,1500.0,REJECTED,local_hour_count_1
data/interim/notebook02_sources/hourly_forecasts/01_19a_hko_ecmwf_single_run_hourly_forecasts.csv,source_target_date_decision_rule_issue_time,2026-05-10,6h_prior,,,2026-05-06 06:00:00+00:00,2026-05-06 06:00:00+00:00,1,1,1,0,2026-05-10 14:00:00+08:00,2026-05-10 14:00:00+08:00,,1500.0,REJECTED,local_hour_count_1
data/interim/notebook02_sources/hourly_forecasts/01_19a_hko_ecmwf_single_run_hourly_forecasts.csv,source_target_date_decision_rule_issue_time,2026-05-10,12h_prior,,,2026-05-06 06:00:00+00:00,2026-05-06 06:00:00+00:00,1,1,1,0,2026-05-10 20:00:00+08:00,2026-05-10 20:00:00+08:00,,1500.0,REJECTED,local_hour_count_1
data/interim/notebook02_sources/hourly_forecasts/01_19a_hko_ecmwf_single_run_hourly_forecasts.csv,source_target_date_decision_rule_issue_time,2026-05-11,6h_prior,,,2026-05-06 06:00:00+00:00,2026-05-06 06:00:00+00:00,1,1,1,0,2026-05-11 14:00:00+08:00,2026-05-11 14:00:00+08:00,,1500.0,REJECTED,local_hour_count_1
data/interim/notebook02_sources/hourly_forecasts/01_19a_hko_ecmwf_single_run_hourly_forecasts.csv,source_target_date_decision_rule_issue_time,2026-05-11,12h_prior,,,2026-05-06 06:00:00+00:00,2026-05-06 06:00:00+00:00,1,1,1,0,2026-05-11 20:00:00+08:00,2026-05-11 20:00:00+08:00,,1500.0,REJECTED,local_hour_count_1
data/interim/notebook02_sources/hourly_forecasts/01_19a_hko_ecmwf_single_run_hourly_forecasts.csv,source_target_date_decision_rule_issue_time,2026-05-12,6h_prior,,,2026-05-06 06:00:00+00:00,2026-05-06 06:00:00+00:00,1,1,1,0,2026-05-12 14:00:00+08:00,2026-05-12 14:00:00+08:00,,1500.0,REJECTED,local_hour_count_1
data/interim/notebook02_sources/hourly_forecasts/01_19a_hko_ecmwf_single_run_hourly_forecasts.csv,source_target_date_decision_rule_issue_time,2026-05-12,12h_prior,,,2026-05-06 06:00:00+00:00,2026-05-06 06:00:00+00:00,1,1,1,0,2026-05-12 20:00:00+08:00,2026-05-12 20:00:00+08:00,,1500.0,REJECTED,local_hour_count_1
data/interim/notebook02_sources/hourly_forecasts/01_19a_hko_ecmwf_single_run_hourly_forecasts.csv,source_target_date_decision_rule_issue_time,2026-05-07,6h_prior,,,2026-05-06 18:00:00+00:00,2026-05-06 18:00:00+00:00,1,1,1,0,2026-05-07 14:00:00+08:00,2026-05-07 14:00:00+08:00,,1500.0,REJECTED,local_hour_count_1
data/interim/notebook02_sources/hourly_forecasts/01_19a_hko_ecmwf_single_run_hourly_forecasts.csv,source_target_date_decision_rule_issue_time,2026-05-07,12h_prior,,,2026-05-06 18:00:00+00:00,2026-05-06 18:00:00+00:00,1,1,1,0,2026-05-07 20:00:00+08:00,2026-05-07 20:00:00+08:00,,1500.0,REJECTED,local_hour_count_1
data/interim/notebook02_sources/hourly_forecasts/01_19a_hko_ecmwf_single_run_hourly_forecasts.csv,source_target_date_decision_rule_issue_time,2026-05-08,6h_prior,,,2026-05-06 18:00:00+00:00,2026-05-06 18:00:00+00:00,1,1,1,0,2026-05-08 14:00:00+08:00,2026-05-08 14:00:00+08:00,,1500.0,REJECTED,local_hour_count_1
data/interim/notebook02_sources/hourly_forecasts/01_19a_hko_ecmwf_single_run_hourly_forecasts.csv,source_target_date_decision_rule_issue_time,2026-05-08,12h_prior,,,2026-05-06 18:00:00+00:00,2026-05-06 18:00:00+00:00,1,1,1,0,2026-05-08 20:00:00+08:00,2026-05-08 20:00:00+08:00,,1500.0,REJECTED,local_hour_count_1
data/interim/notebook02_sources/hourly_forecasts/01_19a_hko_ecmwf_single_run_hourly_forecasts.csv,source_target_date_decision_rule_issue_time,2026-05-09,6h_prior,,,2026-05-06 18:00:00+00:00,2026-05-06 18:00:00+00:00,1,1,1,0,2026-05-09 14:00:00+08:00,2026-05-09 14:00:00+08:00,,1500.0,REJECTED,local_hour_count_1
data/interim/notebook02_sources/hourly_forecasts/01_19a_hko_ecmwf_single_run_hourly_forecasts.csv,source_target_date_decision_rule_issue_time,2026-05-09,12h_prior,,,2026-05-06 18:00:00+00:00,2026-05-06 18:00:00+00:00,1,1,1,0,2026-05-09 20:00:00+08:00,2026-05-09 20:00:00+08:00,,1500.0,REJECTED,local_hour_count_1
data/interim/notebook02_sources/hourly_forecasts/01_19a_hko_ecmwf_single_run_hourly_forecasts.csv,source_target_date_decision_rule_issue_time,2026-05-10,6h_prior,,,2026-05-06 18:00:00+00:00,2026-05-06 18:00:00+00:00,1,1,1,0,2026-05-10 14:00:00+08:00,2026-05-10 14:00:00+08:00,,1500.0,REJECTED,local_hour_count_1
data/interim/notebook02_sources/hourly_forecasts/01_19a_hko_ecmwf_single_run_hourly_forecasts.csv,source_target_date_decision_rule_issue_time,2026-05-10,12h_prior,,,2026-05-06 18:00:00+00:00,2026-05-06 18:00:00+00:00,1,1,1,0,2026-05-10 20:00:00+08:00,2026-05-10 20:00:00+08:00,,1500.0,REJECTED,local_hour_count_1
data/interim/notebook02_sources/hourly_forecasts/01_19a_hko_ecmwf_single_run_hourly_forecasts.csv,source_target_date_decision_rule_issue_time,2026-05-11,6h_prior,,,2026-05-06 18:00:00+00:00,2026-05-06 18:00:00+00:00,1,1,1,0,2026-05-11 14:00:00+08:00,2026-05-11 14:00:00+08:00,,1500.0,REJECTED,local_hour_count_1
data/interim/notebook02_sources/hourly_forecasts/01_19a_hko_ecmwf_single_run_hourly_forecasts.csv,source_target_date_decision_rule_issue_time,2026-05-11,12h_prior,,,2026-05-06 18:00:00+00:00,2026-05-06 18:00:00+00:00,1,1,1,0,2026-05-11 20:00:00+08:00,2026-05-11 20:00:00+08:00,,1500.0,REJECTED,local_hour_count_1
data/interim/notebook02_sources/hourly_forecasts/01_19a_hko_ecmwf_single_run_hourly_forecasts.csv,source_target_date_decision_rule_issue_time,2026-05-12,6h_prior,,,2026-05-06 18:00:00+00:00,2026-05-06 18:00:00+00:00,1,1,1,0,2026-05-12 14:00:00+08:00,2026-05-12 14:00:00+08:00,,1500.0,REJECTED,local_hour_count_1
data/interim/notebook02_sources/hourly_forecasts/01_19a_hko_ecmwf_single_run_hourly_forecasts.csv,source_target_date_decision_rule_issue_time,2026-05-12,12h_prior,,,2026-05-06 18:00:00+00:00,2026-05-06 18:00:00+00:00,1,1,1,0,2026-05-12 20:00:00+08:00,2026-05-12 20:00:00+08:00,,1500.0,REJECTED,local_hour_count_1
data/interim/notebook02_sources/hourly_forecasts/01_19a_hko_ecmwf_single_run_hourly_forecasts.csv,source_target_date_decision_rule_issue_time,2026-05-07,12h_prior,,,2026-05-07 00:00:00+00:00,2026-05-07 00:00:00+00:00,1,1,1,0,2026-05-07 20:00:00+08:00,2026-05-07 20:00:00+08:00,,1500.0,REJECTED,local_hour_count_1
data/interim/notebook02_sources/hourly_forecasts/01_19a_hko_ecmwf_single_run_hourly_forecasts.csv,source_target_date_decision_rule_issue_time,2026-05-08,6h_prior,,,2026-05-07 00:00:00+00:00,2026-05-07 00:00:00+00:00,1,1,1,0,2026-05-08 14:00:00+08:00,2026-05-08 14:00:00+08:00,,1500.0,REJECTED,local_hour_count_1
data/interim/notebook02_sources/hourly_forecasts/01_19a_hko_ecmwf_single_run_hourly_forecasts.csv,source_target_date_decision_rule_issue_time,2026-05-08,12h_prior,,,2026-05-07 00:00:00+00:00,2026-05-07 00:00:00+00:00,1,1,1,0,2026-05-08 20:00:00+08:00,2026-05-08 20:00:00+08:00,,1500.0,REJECTED,local_hour_count_1
data/interim/notebook02_sources/hourly_forecasts/01_19a_hko_ecmwf_single_run_hourly_forecasts.csv,source_target_date_decision_rule_issue_time,2026-05-09,6h_prior,,,2026-05-07 00:00:00+00:00,2026-05-07 00:00:00+00:00,1,1,1,0,2026-05-09 14:00:00+08:00,2026-05-09 14:00:00+08:00,,1500.0,REJECTED,local_hour_count_1
data/interim/notebook02_sources/hourly_forecasts/01_19a_hko_ecmwf_single_run_hourly_forecasts.csv,source_target_date_decision_rule_issue_time,2026-05-09,12h_prior,,,2026-05-07 00:00:00+00:00,2026-05-07 00:00:00+00:00,1,1,1,0,2026-05-09 20:00:00+08:00,2026-05-09 20:00:00+08:00,,1500.0,REJECTED,local_hour_count_1
data/interim/notebook02_sources/hourly_forecasts/01_19a_hko_ecmwf_single_run_hourly_forecasts.csv,source_target_date_decision_rule_issue_time,2026-05-10,6h_prior,,,2026-05-07 00:00:00+00:00,2026-05-07 00:00:00+00:00,1,1,1,0,2026-05-10 14:00:00+08:00,2026-05-10 14:00:00+08:00,,1500.0,REJECTED,local_hour_count_1
data/interim/notebook02_sources/hourly_forecasts/01_19a_hko_ecmwf_single_run_hourly_forecasts.csv,source_target_date_decision_rule_issue_time,2026-05-10,12h_prior,,,2026-05-07 00:00:00+00:00,2026-05-07 00:00:00+00:00,1,1,1,0,2026-05-10 20:00:00+08:00,2026-05-10 20:00:00+08:00,,1500.0,REJECTED,local_hour_count_1
data/interim/notebook02_sources/hourly_forecasts/01_19a_hko_ecmwf_single_run_hourly_forecasts.csv,source_target_date_decision_rule_issue_time,2026-05-11,6h_prior,,,2026-05-07 00:00:00+00:00,2026-05-07 00:00:00+00:00,1,1,1,0,2026-05-11 14:00:00+08:00,2026-05-11 14:00:00+08:00,,1500.0,REJECTED,local_hour_count_1
data/interim/notebook02_sources/hourly_forecasts/01_19a_hko_ecmwf_single_run_hourly_forecasts.csv,source_target_date_decision_rule_issue_time,2026-05-11,12h_prior,,,2026-05-07 00:00:00+00:00,2026-05-07 00:00:00+00:00,1,1,1,0,2026-05-11 20:00:00+08:00,2026-05-11 20:00:00+08:00,,1500.0,REJECTED,local_hour_count_1
data/interim/notebook02_sources/hourly_forecasts/01_19a_hko_ecmwf_single_run_hourly_forecasts.csv,source_target_date_decision_rule_issue_time,2026-05-12,6h_prior,,,2026-05-07 00:00:00+00:00,2026-05-07 00:00:00+00:00,1,1,1,0,2026-05-12 14:00:00+08:00,2026-05-12 14:00:00+08:00,,1500.0,REJECTED,local_hour_count_1
data/interim/notebook02_sources/hourly_forecasts/01_19a_hko_ecmwf_single_run_hourly_forecasts.csv,source_target_date_decision_rule_issue_time,2026-05-12,12h_prior,,,2026-05-07 00:00:00+00:00,2026-05-07 00:00:00+00:00,1,1,1,0,2026-05-12 20:00:00+08:00,2026-05-12 20:00:00+08:00,,1500.0,REJECTED,local_hour_count_1
data/interim/notebook02_sources/hourly_forecasts/01_19a_hko_ecmwf_single_run_hourly_forecasts.csv,source_target_date_decision_rule_issue_time,2026-05-13,6h_prior,,,2026-05-07 00:00:00+00:00,2026-05-07 00:00:00+00:00,1,1,1,0,2026-05-13 14:00:00+08:00,2026-05-13 14:00:00+08:00,,1500.0,REJECTED,local_hour_count_1
data/interim/notebook02_sources/hourly_forecasts/01_19a_hko_ecmwf_single_run_hourly_forecasts.csv,source_target_date_decision_rule_issue_time,2026-05-13,12h_prior,,,2026-05-07 00:00:00+00:00,2026-05-07 00:00:00+00:00,1,1,1,0,2026-05-13 20:00:00+08:00,2026-05-13 20:00:00+08:00,,1500.0,REJECTED,local_hour_count_1
data/interim/notebook02_sources/hourly_forecasts/01_19a_hko_ecmwf_single_run_hourly_forecasts.csv,source_target_date_decision_rule_issue_time,2026-05-14,6h_prior,,,2026-05-07 00:00:00+00:00,2026-05-07 00:00:00+00:00,1,1,1,0,2026-05-14 14:00:00+08:00,2026-05-14 14:00:00+08:00,,1500.0,REJECTED,local_hour_count_1
data/interim/notebook02_sources/hourly_forecasts/01_19a_hko_ecmwf_single_run_hourly_forecasts.csv,source_target_date_decision_rule_issue_time,2026-05-14,12h_prior,,,2026-05-07 00:00:00+00:00,2026-05-07 00:00:00+00:00,1,1,1,0,2026-05-14 20:00:00+08:00,2026-05-14 20:00:00+08:00,,1500.0,REJECTED,local_hour_count_1
data/interim/notebook02_sources/hourly_forecasts/01_19a_hko_ecmwf_single_run_hourly_forecasts.csv,source_target_date_decision_rule_issue_time,2026-05-15,6h_prior,,,2026-05-07 00:00:00+00:00,2026-05-07 00:00:00+00:00,1,1,1,0,2026-05-15 14:00:00+08:00,2026-05-15 14:00:00+08:00,,1500.0,REJECTED,local_hour_count_1
data/interim/notebook02_sources/hourly_forecasts/01_19a_hko_ecmwf_single_run_hourly_forecasts.csv,source_target_date_decision_rule_issue_time,2026-05-15,12h_prior,,,2026-05-07 00:00:00+00:00,2026-05-07 00:00:00+00:00,1,1,1,0,2026-05-15 20:00:00+08:00,2026-05-15 20:00:00+08:00,,1500.0,REJECTED,local_hour_count_1
data/interim/notebook02_sources/hourly_forecasts/01_19a_hko_ecmwf_single_run_hourly_forecasts.csv,source_target_date_decision_rule_issue_time,2026-05-16,6h_prior,,,2026-05-07 00:00:00+00:00,2026-05-07 00:00:00+00:00,1,1,1,0,2026-05-16 14:00:00+08:00,2026-05-16 14:00:00+08:00,,1500.0,REJECTED,local_hour_count_1
data/interim/notebook02_sources/hourly_forecasts/01_19a_hko_ecmwf_single_run_hourly_forecasts.csv,source_target_date_decision_rule_issue_time,2026-05-16,12h_prior,,,2026-05-07 00:00:00+00:00,2026-05-07 00:00:00+00:00,1,1,1,0,2026-05-16 20:00:00+08:00,2026-05-16 20:00:00+08:00,,1500.0,REJECTED,local_hour_count_1
data/interim/notebook02_sources/hourly_forecasts/01_19a_hko_ecmwf_single_run_hourly_forecasts.csv,source_target_date_decision_rule_issue_time,2026-05-17,6h_prior,,,2026-05-07 00:00:00+00:00,2026-05-07 00:00:00+00:00,1,1,1,0,2026-05-17 14:00:00+08:00,2026-05-17 14:00:00+08:00,,1500.0,REJECTED,local_hour_count_1
data/interim/notebook02_sources/hourly_forecasts/01_19a_hko_ecmwf_single_run_hourly_forecasts.csv,source_target_date_decision_rule_issue_time,2026-05-08,6h_prior,,,2026-05-07 06:00:00+00:00,2026-05-07 06:00:00+00:00,1,1,1,0,2026-05-08 14:00:00+08:00,2026-05-08 14:00:00+08:00,,1500.0,REJECTED,local_hour_count_1
data/interim/notebook02_sources/hourly_forecasts/01_19a_hko_ecmwf_single_run_hourly_forecasts.csv,source_target_date_decision_rule_issue_time,2026-05-08,12h_prior,,,2026-05-07 06:00:00+00:00,2026-05-07 06:00:00+00:00,1,1,1,0,2026-05-08 20:00:00+08:00,2026-05-08 20:00:00+08:00,,1500.0,REJECTED,local_hour_count_1
data/interim/notebook02_sources/hourly_forecasts/01_19a_hko_ecmwf_single_run_hourly_forecasts.csv,source_target_date_decision_rule_issue_time,2026-05-09,6h_prior,,,2026-05-07 06:00:00+00:00,2026-05-07 06:00:00+00:00,1,1,1,0,2026-05-09 14:00:00+08:00,2026-05-09 14:00:00+08:00,,1500.0,REJECTED,local_hour_count_1
data/interim/notebook02_sources/hourly_forecasts/01_19a_hko_ecmwf_single_run_hourly_forecasts.csv,source_target_date_decision_rule_issue_time,2026-05-09,12h_prior,,,2026-05-07 06:00:00+00:00,2026-05-07 06:00:00+00:00,1,1,1,0,2026-05-09 20:00:00+08:00,2026-05-09 20:00:00+08:00,,1500.0,REJECTED,local_hour_count_1
data/interim/notebook02_sources/hourly_forecasts/01_19a_hko_ecmwf_single_run_hourly_forecasts.csv,source_target_date_decision_rule_issue_time,2026-05-10,6h_prior,,,2026-05-07 06:00:00+00:00,2026-05-07 06:00:00+00:00,1,1,1,0,2026-05-10 14:00:00+08:00,2026-05-10 14:00:00+08:00,,1500.0,REJECTED,local_hour_count_1
data/interim/notebook02_sources/hourly_forecasts/01_19a_hko_ecmwf_single_run_hourly_forecasts.csv,source_target_date_decision_rule_issue_time,2026-05-10,12h_prior,,,2026-05-07 06:00:00+00:00,2026-05-07 06:00:00+00:00,1,1,1,0,2026-05-10 20:00:00+08:00,2026-05-10 20:00:00+08:00,,1500.0,REJECTED,local_hour_count_1
data/interim/notebook02_sources/hourly_forecasts/01_19a_hko_ecmwf_single_run_hourly_forecasts.csv,source_target_date_decision_rule_issue_time,2026-05-11,6h_prior,,,2026-05-07 06:00:00+00:00,2026-05-07 06:00:00+00:00,1,1,1,0,2026-05-11 14:00:00+08:00,2026-05-11 14:00:00+08:00,,1500.0,REJECTED,local_hour_count_1
data/interim/notebook02_sources/hourly_forecasts/01_19a_hko_ecmwf_single_run_hourly_forecasts.csv,source_target_date_decision_rule_issue_time,2026-05-11,12h_prior,,,2026-05-07 06:00:00+00:00,2026-05-07 06:00:00+00:00,1,1,1,0,2026-05-11 20:00:00+08:00,2026-05-11 20:00:00+08:00,,1500.0,REJECTED,local_hour_count_1
data/interim/notebook02_sources/hourly_forecasts/01_19a_hko_ecmwf_single_run_hourly_forecasts.csv,source_target_date_decision_rule_issue_time,2026-05-12,6h_prior,,,2026-05-07 06:00:00+00:00,2026-05-07 06:00:00+00:00,1,1,1,0,2026-05-12 14:00:00+08:00,2026-05-12 14:00:00+08:00,,1500.0,REJECTED,local_hour_count_1
data/interim/notebook02_sources/hourly_forecasts/01_19a_hko_ecmwf_single_run_hourly_forecasts.csv,source_target_date_decision_rule_issue_time,2026-05-12,12h_prior,,,2026-05-07 06:00:00+00:00,2026-05-07 06:00:00+00:00,1,1,1,0,2026-05-12 20:00:00+08:00,2026-05-12 20:00:00+08:00,,1500.0,REJECTED,local_hour_count_1
data/interim/notebook02_sources/hourly_forecasts/01_19a_hko_ecmwf_single_run_hourly_forecasts.csv,source_target_date_decision_rule_issue_time,2026-05-13,6h_prior,,,2026-05-07 06:00:00+00:00,2026-05-07 06:00:00+00:00,1,1,1,0,2026-05-13 14:00:00+08:00,2026-05-13 14:00:00+08:00,,1500.0,REJECTED,local_hour_count_1
data/interim/notebook02_sources/hourly_forecasts/01_19a_hko_ecmwf_single_run_hourly_forecasts.csv,source_target_date_decision_rule_issue_time,2026-05-13,12h_prior,,,2026-05-07 06:00:00+00:00,2026-05-07 06:00:00+00:00,1,1,1,0,2026-05-13 20:00:00+08:00,2026-05-13 20:00:00+08:00,,1500.0,REJECTED,local_hour_count_1
data/interim/notebook02_sources/hourly_forecasts/01_19a_hko_ecmwf_single_run_hourly_forecasts.csv,source_target_date_decision_rule_issue_time,2026-05-08,6h_prior,,,2026-05-07 18:00:00+00:00,2026-05-07 18:00:00+00:00,1,1,1,0,2026-05-08 14:00:00+08:00,2026-05-08 14:00:00+08:00,,1500.0,REJECTED,local_hour_count_1
data/interim/notebook02_sources/hourly_forecasts/01_19a_hko_ecmwf_single_run_hourly_forecasts.csv,source_target_date_decision_rule_issue_time,2026-05-08,12h_prior,,,2026-05-07 18:00:00+00:00,2026-05-07 18:00:00+00:00,1,1,1,0,2026-05-08 20:00:00+08:00,2026-05-08 20:00:00+08:00,,1500.0,REJECTED,local_hour_count_1
data/interim/notebook02_sources/hourly_forecasts/01_19a_hko_ecmwf_single_run_hourly_forecasts.csv,source_target_date_decision_rule_issue_time,2026-05-09,6h_prior,,,2026-05-07 18:00:00+00:00,2026-05-07 18:00:00+00:00,1,1,1,0,2026-05-09 14:00:00+08:00,2026-05-09 14:00:00+08:00,,1500.0,REJECTED,local_hour_count_1
data/interim/notebook02_sources/hourly_forecasts/01_19a_hko_ecmwf_single_run_hourly_forecasts.csv,source_target_date_decision_rule_issue_time,2026-05-09,12h_prior,,,2026-05-07 18:00:00+00:00,2026-05-07 18:00:00+00:00,1,1,1,0,2026-05-09 20:00:00+08:00,2026-05-09 20:00:00+08:00,,1500.0,REJECTED,local_hour_count_1
data/interim/notebook02_sources/hourly_forecasts/01_19a_hko_ecmwf_single_run_hourly_forecasts.csv,source_target_date_decision_rule_issue_time,2026-05-10,6h_prior,,,2026-05-07 18:00:00+00:00,2026-05-07 18:00:00+00:00,1,1,1,0,2026-05-10 14:00:00+08:00,2026-05-10 14:00:00+08:00,,1500.0,REJECTED,local_hour_count_1
data/interim/notebook02_sources/hourly_forecasts/01_19a_hko_ecmwf_single_run_hourly_forecasts.csv,source_target_date_decision_rule_issue_time,2026-05-10,12h_prior,,,2026-05-07 18:00:00+00:00,2026-05-07 18:00:00+00:00,1,1,1,0,2026-05-10 20:00:00+08:00,2026-05-10 20:00:00+08:00,,1500.0,REJECTED,local_hour_count_1
data/interim/notebook02_sources/hourly_forecasts/01_19a_hko_ecmwf_single_run_hourly_forecasts.csv,source_target_date_decision_rule_issue_time,2026-05-11,6h_prior,,,2026-05-07 18:00:00+00:00,2026-05-07 18:00:00+00:00,1,1,1,0,2026-05-11 14:00:00+08:00,2026-05-11 14:00:00+08:00,,1500.0,REJECTED,local_hour_count_1
data/interim/notebook02_sources/hourly_forecasts/01_19a_hko_ecmwf_single_run_hourly_forecasts.csv,source_target_date_decision_rule_issue_time,2026-05-11,12h_prior,,,2026-05-07 18:00:00+00:00,2026-05-07 18:00:00+00:00,1,1,1,0,2026-05-11 20:00:00+08:00,2026-05-11 20:00:00+08:00,,1500.0,REJECTED,local_hour_count_1
data/interim/notebook02_sources/hourly_forecasts/01_19a_hko_ecmwf_single_run_hourly_forecasts.csv,source_target_date_decision_rule_issue_time,2026-05-12,6h_prior,,,2026-05-07 18:00:00+00:00,2026-05-07 18:00:00+00:00,1,1,1,0,2026-05-12 14:00:00+08:00,2026-05-12 14:00:00+08:00,,1500.0,REJECTED,local_hour_count_1
data/interim/notebook02_sources/hourly_forecasts/01_19a_hko_ecmwf_single_run_hourly_forecasts.csv,source_target_date_decision_rule_issue_time,2026-05-12,12h_prior,,,2026-05-07 18:00:00+00:00,2026-05-07 18:00:00+00:00,1,1,1,0,2026-05-12 20:00:00+08:00,2026-05-12 20:00:00+08:00,,1500.0,REJECTED,local_hour_count_1
data/interim/notebook02_sources/hourly_forecasts/01_19a_hko_ecmwf_single_run_hourly_forecasts.csv,source_target_date_decision_rule_issue_time,2026-05-13,6h_prior,,,2026-05-07 18:00:00+00:00,2026-05-07 18:00:00+00:00,1,1,1,0,2026-05-13 14:00:00+08:00,2026-05-13 14:00:00+08:00,,1500.0,REJECTED,local_hour_count_1
data/interim/notebook02_sources/hourly_forecasts/01_19a_hko_ecmwf_single_run_hourly_forecasts.csv,source_target_date_decision_rule_issue_time,2026-05-13,12h_prior,,,2026-05-07 18:00:00+00:00,2026-05-07 18:00:00+00:00,1,1,1,0,2026-05-13 20:00:00+08:00,2026-05-13 20:00:00+08:00,,1500.0,REJECTED,local_hour_count_1
data/interim/notebook02_sources/hourly_forecasts/01_19a_hko_ecmwf_single_run_hourly_forecasts.csv,source_target_date_decision_rule_issue_time,2026-05-08,12h_prior,,,2026-05-08 00:00:00+00:00,2026-05-08 00:00:00+00:00,1,1,1,0,2026-05-08 20:00:00+08:00,2026-05-08 20:00:00+08:00,,1500.0,REJECTED,local_hour_count_1
data/interim/notebook02_sources/hourly_forecasts/01_19a_hko_ecmwf_single_run_hourly_forecasts.csv,source_target_date_decision_rule_issue_time,2026-05-09,6h_prior,,,2026-05-08 00:00:00+00:00,2026-05-08 00:00:00+00:00,1,1,1,0,2026-05-09 14:00:00+08:00,2026-05-09 14:00:00+08:00,,1500.0,REJECTED,local_hour_count_1
data/interim/notebook02_sources/hourly_forecasts/01_19a_hko_ecmwf_single_run_hourly_forecasts.csv,source_target_date_decision_rule_issue_time,2026-05-09,12h_prior,,,2026-05-08 00:00:00+00:00,2026-05-08 00:00:00+00:00,1,1,1,0,2026-05-09 20:00:00+08:00,2026-05-09 20:00:00+08:00,,1500.0,REJECTED,local_hour_count_1
data/interim/notebook02_sources/hourly_forecasts/01_19a_hko_ecmwf_single_run_hourly_forecasts.csv,source_target_date_decision_rule_issue_time,2026-05-10,6h_prior,,,2026-05-08 00:00:00+00:00,2026-05-08 00:00:00+00:00,1,1,1,0,2026-05-10 14:00:00+08:00,2026-05-10 14:00:00+08:00,,1500.0,REJECTED,local_hour_count_1
data/interim/notebook02_sources/hourly_forecasts/01_19a_hko_ecmwf_single_run_hourly_forecasts.csv,source_target_date_decision_rule_issue_time,2026-05-10,12h_prior,,,2026-05-08 00:00:00+00:00,2026-05-08 00:00:00+00:00,1,1,1,0,2026-05-10 20:00:00+08:00,2026-05-10 20:00:00+08:00,,1500.0,REJECTED,local_hour_count_1
data/interim/notebook02_sources/hourly_forecasts/01_19a_hko_ecmwf_single_run_hourly_forecasts.csv,source_target_date_decision_rule_issue_time,2026-05-11,6h_prior,,,2026-05-08 00:00:00+00:00,2026-05-08 00:00:00+00:00,1,1,1,0,2026-05-11 14:00:00+08:00,2026-05-11 14:00:00+08:00,,1500.0,REJECTED,local_hour_count_1
data/interim/notebook02_sources/hourly_forecasts/01_19a_hko_ecmwf_single_run_hourly_forecasts.csv,source_target_date_decision_rule_issue_time,2026-05-11,12h_prior,,,2026-05-08 00:00:00+00:00,2026-05-08 00:00:00+00:00,1,1,1,0,2026-05-11 20:00:00+08:00,2026-05-11 20:00:00+08:00,,1500.0,REJECTED,local_hour_count_1
data/interim/notebook02_sources/hourly_forecasts/01_19a_hko_ecmwf_single_run_hourly_forecasts.csv,source_target_date_decision_rule_issue_time,2026-05-12,6h_prior,,,2026-05-08 00:00:00+00:00,2026-05-08 00:00:00+00:00,1,1,1,0,2026-05-12 14:00:00+08:00,2026-05-12 14:00:00+08:00,,1500.0,REJECTED,local_hour_count_1
data/interim/notebook02_sources/hourly_forecasts/01_19a_hko_ecmwf_single_run_hourly_forecasts.csv,source_target_date_decision_rule_issue_time,2026-05-12,12h_prior,,,2026-05-08 00:00:00+00:00,2026-05-08 00:00:00+00:00,1,1,1,0,2026-05-12 20:00:00+08:00,2026-05-12 20:00:00+08:00,,1500.0,REJECTED,local_hour_count_1
data/interim/notebook02_sources/hourly_forecasts/01_19a_hko_ecmwf_single_run_hourly_forecasts.csv,source_target_date_decision_rule_issue_time,2026-05-13,6h_prior,,,2026-05-08 00:00:00+00:00,2026-05-08 00:00:00+00:00,1,1,1,0,2026-05-13 14:00:00+08:00,2026-05-13 14:00:00+08:00,,1500.0,REJECTED,local_hour_count_1
data/interim/notebook02_sources/hourly_forecasts/01_19a_hko_ecmwf_single_run_hourly_forecasts.csv,source_target_date_decision_rule_issue_time,2026-05-13,12h_prior,,,2026-05-08 00:00:00+00:00,2026-05-08 00:00:00+00:00,1,1,1,0,2026-05-13 20:00:00+08:00,2026-05-13 20:00:00+08:00,,1500.0,REJECTED,local_hour_count_1
data/interim/notebook02_sources/hourly_forecasts/01_19a_hko_ecmwf_single_run_hourly_forecasts.csv,source_target_date_decision_rule_issue_time,2026-05-14,6h_prior,,,2026-05-08 00:00:00+00:00,2026-05-08 00:00:00+00:00,1,1,1,0,2026-05-14 14:00:00+08:00,2026-05-14 14:00:00+08:00,,1500.0,REJECTED,local_hour_count_1
data/interim/notebook02_sources/hourly_forecasts/01_19a_hko_ecmwf_single_run_hourly_forecasts.csv,source_target_date_decision_rule_issue_time,2026-05-14,12h_prior,,,2026-05-08 00:00:00+00:00,2026-05-08 00:00:00+00:00,1,1,1,0,2026-05-14 20:00:00+08:00,2026-05-14 20:00:00+08:00,,1500.0,REJECTED,local_hour_count_1
data/interim/notebook02_sources/hourly_forecasts/01_19a_hko_ecmwf_single_run_hourly_forecasts.csv,source_target_date_decision_rule_issue_time,2026-05-15,6h_prior,,,2026-05-08 00:00:00+00:00,2026-05-08 00:00:00+00:00,1,1,1,0,2026-05-15 14:00:00+08:00,2026-05-15 14:00:00+08:00,,1500.0,REJECTED,local_hour_count_1
data/interim/notebook02_sources/hourly_forecasts/01_19a_hko_ecmwf_single_run_hourly_forecasts.csv,source_target_date_decision_rule_issue_time,2026-05-15,12h_prior,,,2026-05-08 00:00:00+00:00,2026-05-08 00:00:00+00:00,1,1,1,0,2026-05-15 20:00:00+08:00,2026-05-15 20:00:00+08:00,,1500.0,REJECTED,local_hour_count_1
data/interim/notebook02_sources/hourly_forecasts/01_19a_hko_ecmwf_single_run_hourly_forecasts.csv,source_target_date_decision_rule_issue_time,2026-05-16,6h_prior,,,2026-05-08 00:00:00+00:00,2026-05-08 00:00:00+00:00,1,1,1,0,2026-05-16 14:00:00+08:00,2026-05-16 14:00:00+08:00,,1500.0,REJECTED,local_hour_count_1
data/interim/notebook02_sources/hourly_forecasts/01_19a_hko_ecmwf_single_run_hourly_forecasts.csv,source_target_date_decision_rule_issue_time,2026-05-16,12h_prior,,,2026-05-08 00:00:00+00:00,2026-05-08 00:00:00+00:00,1,1,1,0,2026-05-16 20:00:00+08:00,2026-05-16 20:00:00+08:00,,1500.0,REJECTED,local_hour_count_1
data/interim/notebook02_sources/hourly_forecasts/01_19a_hko_ecmwf_single_run_hourly_forecasts.csv,source_target_date_decision_rule_issue_time,2026-05-17,6h_prior,,,2026-05-08 00:00:00+00:00,2026-05-08 00:00:00+00:00,1,1,1,0,2026-05-17 14:00:00+08:00,2026-05-17 14:00:00+08:00,,1500.0,REJECTED,local_hour_count_1
data/interim/notebook02_sources/hourly_forecasts/01_19a_hko_ecmwf_single_run_hourly_forecasts.csv,source_target_date_decision_rule_issue_time,2026-05-17,12h_prior,,,2026-05-08 00:00:00+00:00,2026-05-08 00:00:00+00:00,1,1,1,0,2026-05-17 20:00:00+08:00,2026-05-17 20:00:00+08:00,,1500.0,REJECTED,local_hour_count_1
data/interim/notebook02_sources/hourly_forecasts/01_19a_hko_ecmwf_single_run_hourly_forecasts.csv,source_target_date_decision_rule_issue_time,2026-05-18,6h_prior,,,2026-05-08 00:00:00+00:00,2026-05-08 00:00:00+00:00,1,1,1,0,2026-05-18 14:00:00+08:00,2026-05-18 14:00:00+08:00,,1500.0,REJECTED,local_hour_count_1
data/interim/notebook02_sources/hourly_forecasts/01_19a_hko_ecmwf_single_run_hourly_forecasts.csv,source_target_date_decision_rule_issue_time,2026-05-09,6h_prior,,,2026-05-08 06:00:00+00:00,2026-05-08 06:00:00+00:00,1,1,1,0,2026-05-09 14:00:00+08:00,2026-05-09 14:00:00+08:00,,1500.0,REJECTED,local_hour_count_1
data/interim/notebook02_sources/hourly_forecasts/01_19a_hko_ecmwf_single_run_hourly_forecasts.csv,source_target_date_decision_rule_issue_time,2026-05-09,12h_prior,,,2026-05-08 06:00:00+00:00,2026-05-08 06:00:00+00:00,1,1,1,0,2026-05-09 20:00:00+08:00,2026-05-09 20:00:00+08:00,,1500.0,REJECTED,local_hour_count_1
data/interim/notebook02_sources/hourly_forecasts/01_19a_hko_ecmwf_single_run_hourly_forecasts.csv,source_target_date_decision_rule_issue_time,2026-05-10,6h_prior,,,2026-05-08 06:00:00+00:00,2026-05-08 06:00:00+00:00,1,1,1,0,2026-05-10 14:00:00+08:00,2026-05-10 14:00:00+08:00,,1500.0,REJECTED,local_hour_count_1
data/interim/notebook02_sources/hourly_forecasts/01_19a_hko_ecmwf_single_run_hourly_forecasts.csv,source_target_date_decision_rule_issue_time,2026-05-10,12h_prior,,,2026-05-08 06:00:00+00:00,2026-05-08 06:00:00+00:00,1,1,1,0,2026-05-10 20:00:00+08:00,2026-05-10 20:00:00+08:00,,1500.0,REJECTED,local_hour_count_1
data/interim/notebook02_sources/hourly_forecasts/01_19a_hko_ecmwf_single_run_hourly_forecasts.csv,source_target_date_decision_rule_issue_time,2026-05-11,6h_prior,,,2026-05-08 06:00:00+00:00,2026-05-08 06:00:00+00:00,1,1,1,0,2026-05-11 14:00:00+08:00,2026-05-11 14:00:00+08:00,,1500.0,REJECTED,local_hour_count_1
data/interim/notebook02_sources/hourly_forecasts/01_19a_hko_ecmwf_single_run_hourly_forecasts.csv,source_target_date_decision_rule_issue_time,2026-05-11,12h_prior,,,2026-05-08 06:00:00+00:00,2026-05-08 06:00:00+00:00,1,1,1,0,2026-05-11 20:00:00+08:00,2026-05-11 20:00:00+08:00,,1500.0,REJECTED,local_hour_count_1
data/interim/notebook02_sources/hourly_forecasts/01_19a_hko_ecmwf_single_run_hourly_forecasts.csv,source_target_date_decision_rule_issue_time,2026-05-12,6h_prior,,,2026-05-08 06:00:00+00:00,2026-05-08 06:00:00+00:00,1,1,1,0,2026-05-12 14:00:00+08:00,2026-05-12 14:00:00+08:00,,1500.0,REJECTED,local_hour_count_1
data/interim/notebook02_sources/hourly_forecasts/01_19a_hko_ecmwf_single_run_hourly_forecasts.csv,source_target_date_decision_rule_issue_time,2026-05-12,12h_prior,,,2026-05-08 06:00:00+00:00,2026-05-08 06:00:00+00:00,1,1,1,0,2026-05-12 20:00:00+08:00,2026-05-12 20:00:00+08:00,,1500.0,REJECTED,local_hour_count_1
data/interim/notebook02_sources/hourly_forecasts/01_19a_hko_ecmwf_single_run_hourly_forecasts.csv,source_target_date_decision_rule_issue_time,2026-05-13,6h_prior,,,2026-05-08 06:00:00+00:00,2026-05-08 06:00:00+00:00,1,1,1,0,2026-05-13 14:00:00+08:00,2026-05-13 14:00:00+08:00,,1500.0,REJECTED,local_hour_count_1
data/interim/notebook02_sources/hourly_forecasts/01_19a_hko_ecmwf_single_run_hourly_forecasts.csv,source_target_date_decision_rule_issue_time,2026-05-13,12h_prior,,,2026-05-08 06:00:00+00:00,2026-05-08 06:00:00+00:00,1,1,1,0,2026-05-13 20:00:00+08:00,2026-05-13 20:00:00+08:00,,1500.0,REJECTED,local_hour_count_1
data/interim/notebook02_sources/hourly_forecasts/01_19a_hko_ecmwf_single_run_hourly_forecasts.csv,source_target_date_decision_rule_issue_time,2026-05-14,6h_prior,,,2026-05-08 06:00:00+00:00,2026-05-08 06:00:00+00:00,1,1,1,0,2026-05-14 14:00:00+08:00,2026-05-14 14:00:00+08:00,,1500.0,REJECTED,local_hour_count_1
data/interim/notebook02_sources/hourly_forecasts/01_19a_hko_ecmwf_single_run_hourly_forecasts.csv,source_target_date_decision_rule_issue_time,2026-05-14,12h_prior,,,2026-05-08 06:00:00+00:00,2026-05-08 06:00:00+00:00,1,1,1,0,2026-05-14 20:00:00+08:00,2026-05-14 20:00:00+08:00,,1500.0,REJECTED,local_hour_count_1
data/interim/notebook02_sources/hourly_forecasts/01_19a_hko_ecmwf_single_run_hourly_forecasts.csv,source_target_date_decision_rule_issue_time,2026-05-09,6h_prior,,,2026-05-08 18:00:00+00:00,2026-05-08 18:00:00+00:00,1,1,1,0,2026-05-09 14:00:00+08:00,2026-05-09 14:00:00+08:00,,1500.0,REJECTED,local_hour_count_1
data/interim/notebook02_sources/hourly_forecasts/01_19a_hko_ecmwf_single_run_hourly_forecasts.csv,source_target_date_decision_rule_issue_time,2026-05-09,12h_prior,,,2026-05-08 18:00:00+00:00,2026-05-08 18:00:00+00:00,1,1,1,0,2026-05-09 20:00:00+08:00,2026-05-09 20:00:00+08:00,,1500.0,REJECTED,local_hour_count_1
data/interim/notebook02_sources/hourly_forecasts/01_19a_hko_ecmwf_single_run_hourly_forecasts.csv,source_target_date_decision_rule_issue_time,2026-05-10,6h_prior,,,2026-05-08 18:00:00+00:00,2026-05-08 18:00:00+00:00,1,1,1,0,2026-05-10 14:00:00+08:00,2026-05-10 14:00:00+08:00,,1500.0,REJECTED,local_hour_count_1
data/interim/notebook02_sources/hourly_forecasts/01_19a_hko_ecmwf_single_run_hourly_forecasts.csv,source_target_date_decision_rule_issue_time,2026-05-10,12h_prior,,,2026-05-08 18:00:00+00:00,2026-05-08 18:00:00+00:00,1,1,1,0,2026-05-10 20:00:00+08:00,2026-05-10 20:00:00+08:00,,1500.0,REJECTED,local_hour_count_1
data/interim/notebook02_sources/hourly_forecasts/01_19a_hko_ecmwf_single_run_hourly_forecasts.csv,source_target_date_decision_rule_issue_time,2026-05-11,6h_prior,,,2026-05-08 18:00:00+00:00,2026-05-08 18:00:00+00:00,1,1,1,0,2026-05-11 14:00:00+08:00,2026-05-11 14:00:00+08:00,,1500.0,REJECTED,local_hour_count_1
data/interim/notebook02_sources/hourly_forecasts/01_19a_hko_ecmwf_single_run_hourly_forecasts.csv,source_target_date_decision_rule_issue_time,2026-05-11,12h_prior,,,2026-05-08 18:00:00+00:00,2026-05-08 18:00:00+00:00,1,1,1,0,2026-05-11 20:00:00+08:00,2026-05-11 20:00:00+08:00,,1500.0,REJECTED,local_hour_count_1
data/interim/notebook02_sources/hourly_forecasts/01_19a_hko_ecmwf_single_run_hourly_forecasts.csv,source_target_date_decision_rule_issue_time,2026-05-12,6h_prior,,,2026-05-08 18:00:00+00:00,2026-05-08 18:00:00+00:00,1,1,1,0,2026-05-12 14:00:00+08:00,2026-05-12 14:00:00+08:00,,1500.0,REJECTED,local_hour_count_1
data/interim/notebook02_sources/hourly_forecasts/01_19a_hko_ecmwf_single_run_hourly_forecasts.csv,source_target_date_decision_rule_issue_time,2026-05-12,12h_prior,,,2026-05-08 18:00:00+00:00,2026-05-08 18:00:00+00:00,1,1,1,0,2026-05-12 20:00:00+08:00,2026-05-12 20:00:00+08:00,,1500.0,REJECTED,local_hour_count_1
data/interim/notebook02_sources/hourly_forecasts/01_19a_hko_ecmwf_single_run_hourly_forecasts.csv,source_target_date_decision_rule_issue_time,2026-05-13,6h_prior,,,2026-05-08 18:00:00+00:00,2026-05-08 18:00:00+00:00,1,1,1,0,2026-05-13 14:00:00+08:00,2026-05-13 14:00:00+08:00,,1500.0,REJECTED,local_hour_count_1
data/interim/notebook02_sources/hourly_forecasts/01_19a_hko_ecmwf_single_run_hourly_forecasts.csv,source_target_date_decision_rule_issue_time,2026-05-13,12h_prior,,,2026-05-08 18:00:00+00:00,2026-05-08 18:00:00+00:00,1,1,1,0,2026-05-13 20:00:00+08:00,2026-05-13 20:00:00+08:00,,1500.0,REJECTED,local_hour_count_1
data/interim/notebook02_sources/hourly_forecasts/01_19a_hko_ecmwf_single_run_hourly_forecasts.csv,source_target_date_decision_rule_issue_time,2026-05-14,6h_prior,,,2026-05-08 18:00:00+00:00,2026-05-08 18:00:00+00:00,1,1,1,0,2026-05-14 14:00:00+08:00,2026-05-14 14:00:00+08:00,,1500.0,REJECTED,local_hour_count_1
data/interim/notebook02_sources/hourly_forecasts/01_19a_hko_ecmwf_single_run_hourly_forecasts.csv,source_target_date_decision_rule_issue_time,2026-05-14,12h_prior,,,2026-05-08 18:00:00+00:00,2026-05-08 18:00:00+00:00,1,1,1,0,2026-05-14 20:00:00+08:00,2026-05-14 20:00:00+08:00,,1500.0,REJECTED,local_hour_count_1
data/interim/notebook02_sources/hourly_forecasts/01_19a_hko_ecmwf_single_run_hourly_forecasts.csv,source_target_date_decision_rule_issue_time,2026-05-09,12h_prior,,,2026-05-09 00:00:00+00:00,2026-05-09 00:00:00+00:00,1,1,1,0,2026-05-09 20:00:00+08:00,2026-05-09 20:00:00+08:00,,1500.0,REJECTED,local_hour_count_1
data/interim/notebook02_sources/hourly_forecasts/01_19a_hko_ecmwf_single_run_hourly_forecasts.csv,source_target_date_decision_rule_issue_time,2026-05-10,6h_prior,,,2026-05-09 00:00:00+00:00,2026-05-09 00:00:00+00:00,1,1,1,0,2026-05-10 14:00:00+08:00,2026-05-10 14:00:00+08:00,,1500.0,REJECTED,local_hour_count_1
data/interim/notebook02_sources/hourly_forecasts/01_19a_hko_ecmwf_single_run_hourly_forecasts.csv,source_target_date_decision_rule_issue_time,2026-05-10,12h_prior,,,2026-05-09 00:00:00+00:00,2026-05-09 00:00:00+00:00,1,1,1,0,2026-05-10 20:00:00+08:00,2026-05-10 20:00:00+08:00,,1500.0,REJECTED,local_hour_count_1
data/interim/notebook02_sources/hourly_forecasts/01_19a_hko_ecmwf_single_run_hourly_forecasts.csv,source_target_date_decision_rule_issue_time,2026-05-11,6h_prior,,,2026-05-09 00:00:00+00:00,2026-05-09 00:00:00+00:00,1,1,1,0,2026-05-11 14:00:00+08:00,2026-05-11 14:00:00+08:00,,1500.0,REJECTED,local_hour_count_1
data/interim/notebook02_sources/hourly_forecasts/01_19a_hko_ecmwf_single_run_hourly_forecasts.csv,source_target_date_decision_rule_issue_time,2026-05-11,12h_prior,,,2026-05-09 00:00:00+00:00,2026-05-09 00:00:00+00:00,1,1,1,0,2026-05-11 20:00:00+08:00,2026-05-11 20:00:00+08:00,,1500.0,REJECTED,local_hour_count_1
data/interim/notebook02_sources/hourly_forecasts/01_19a_hko_ecmwf_single_run_hourly_forecasts.csv,source_target_date_decision_rule_issue_time,2026-05-12,6h_prior,,,2026-05-09 00:00:00+00:00,2026-05-09 00:00:00+00:00,1,1,1,0,2026-05-12 14:00:00+08:00,2026-05-12 14:00:00+08:00,,1500.0,REJECTED,local_hour_count_1
data/interim/notebook02_sources/hourly_forecasts/01_19a_hko_ecmwf_single_run_hourly_forecasts.csv,source_target_date_decision_rule_issue_time,2026-05-12,12h_prior,,,2026-05-09 00:00:00+00:00,2026-05-09 00:00:00+00:00,1,1,1,0,2026-05-12 20:00:00+08:00,2026-05-12 20:00:00+08:00,,1500.0,REJECTED,local_hour_count_1
data/interim/notebook02_sources/hourly_forecasts/01_19a_hko_ecmwf_single_run_hourly_forecasts.csv,source_target_date_decision_rule_issue_time,2026-05-13,6h_prior,,,2026-05-09 00:00:00+00:00,2026-05-09 00:00:00+00:00,1,1,1,0,2026-05-13 14:00:00+08:00,2026-05-13 14:00:00+08:00,,1500.0,REJECTED,local_hour_count_1
data/interim/notebook02_sources/hourly_forecasts/01_19a_hko_ecmwf_single_run_hourly_forecasts.csv,source_target_date_decision_rule_issue_time,2026-05-13,12h_prior,,,2026-05-09 00:00:00+00:00,2026-05-09 00:00:00+00:00,1,1,1,0,2026-05-13 20:00:00+08:00,2026-05-13 20:00:00+08:00,,1500.0,REJECTED,local_hour_count_1
data/interim/notebook02_sources/hourly_forecasts/01_19a_hko_ecmwf_single_run_hourly_forecasts.csv,source_target_date_decision_rule_issue_time,2026-05-14,6h_prior,,,2026-05-09 00:00:00+00:00,2026-05-09 00:00:00+00:00,1,1,1,0,2026-05-14 14:00:00+08:00,2026-05-14 14:00:00+08:00,,1500.0,REJECTED,local_hour_count_1
data/interim/notebook02_sources/hourly_forecasts/01_19a_hko_ecmwf_single_run_hourly_forecasts.csv,source_target_date_decision_rule_issue_time,2026-05-14,12h_prior,,,2026-05-09 00:00:00+00:00,2026-05-09 00:00:00+00:00,1,1,1,0,2026-05-14 20:00:00+08:00,2026-05-14 20:00:00+08:00,,1500.0,REJECTED,local_hour_count_1
data/interim/notebook02_sources/hourly_forecasts/01_19a_hko_ecmwf_single_run_hourly_forecasts.csv,source_target_date_decision_rule_issue_time,2026-05-15,6h_prior,,,2026-05-09 00:00:00+00:00,2026-05-09 00:00:00+00:00,1,1,1,0,2026-05-15 14:00:00+08:00,2026-05-15 14:00:00+08:00,,1500.0,REJECTED,local_hour_count_1
data/interim/notebook02_sources/hourly_forecasts/01_19a_hko_ecmwf_single_run_hourly_forecasts.csv,source_target_date_decision_rule_issue_time,2026-05-15,12h_prior,,,2026-05-09 00:00:00+00:00,2026-05-09 00:00:00+00:00,1,1,1,0,2026-05-15 20:00:00+08:00,2026-05-15 20:00:00+08:00,,1500.0,REJECTED,local_hour_count_1
data/interim/notebook02_sources/hourly_forecasts/01_19a_hko_ecmwf_single_run_hourly_forecasts.csv,source_target_date_decision_rule_issue_time,2026-05-16,6h_prior,,,2026-05-09 00:00:00+00:00,2026-05-09 00:00:00+00:00,1,1,1,0,2026-05-16 14:00:00+08:00,2026-05-16 14:00:00+08:00,,1500.0,REJECTED,local_hour_count_1
data/interim/notebook02_sources/hourly_forecasts/01_19a_hko_ecmwf_single_run_hourly_forecasts.csv,source_target_date_decision_rule_issue_time,2026-05-16,12h_prior,,,2026-05-09 00:00:00+00:00,2026-05-09 00:00:00+00:00,1,1,1,0,2026-05-16 20:00:00+08:00,2026-05-16 20:00:00+08:00,,1500.0,REJECTED,local_hour_count_1
data/interim/notebook02_sources/hourly_forecasts/01_19a_hko_ecmwf_single_run_hourly_forecasts.csv,source_target_date_decision_rule_issue_time,2026-05-17,6h_prior,,,2026-05-09 00:00:00+00:00,2026-05-09 00:00:00+00:00,1,1,1,0,2026-05-17 14:00:00+08:00,2026-05-17 14:00:00+08:00,,1500.0,REJECTED,local_hour_count_1
data/interim/notebook02_sources/hourly_forecasts/01_19a_hko_ecmwf_single_run_hourly_forecasts.csv,source_target_date_decision_rule_issue_time,2026-05-17,12h_prior,,,2026-05-09 00:00:00+00:00,2026-05-09 00:00:00+00:00,1,1,1,0,2026-05-17 20:00:00+08:00,2026-05-17 20:00:00+08:00,,1500.0,REJECTED,local_hour_count_1
data/interim/notebook02_sources/hourly_forecasts/01_19a_hko_ecmwf_single_run_hourly_forecasts.csv,source_target_date_decision_rule_issue_time,2026-05-18,6h_prior,,,2026-05-09 00:00:00+00:00,2026-05-09 00:00:00+00:00,1,1,1,0,2026-05-18 14:00:00+08:00,2026-05-18 14:00:00+08:00,,1500.0,REJECTED,local_hour_count_1
data/interim/notebook02_sources/hourly_forecasts/01_19a_hko_ecmwf_single_run_hourly_forecasts.csv,source_target_date_decision_rule_issue_time,2026-05-18,12h_prior,,,2026-05-09 00:00:00+00:00,2026-05-09 00:00:00+00:00,1,1,1,0,2026-05-18 20:00:00+08:00,2026-05-18 20:00:00+08:00,,1500.0,REJECTED,local_hour_count_1
data/interim/notebook02_sources/hourly_forecasts/01_19a_hko_ecmwf_single_run_hourly_forecasts.csv,source_target_date_decision_rule_issue_time,2026-05-19,6h_prior,,,2026-05-09 00:00:00+00:00,2026-05-09 00:00:00+00:00,1,1,1,0,2026-05-19 14:00:00+08:00,2026-05-19 14:00:00+08:00,,1500.0,REJECTED,local_hour_count_1
data/interim/notebook02_sources/hourly_forecasts/01_19a_hko_ecmwf_single_run_hourly_forecasts.csv,source_target_date_decision_rule_issue_time,2026-05-10,6h_prior,,,2026-05-09 06:00:00+00:00,2026-05-09 06:00:00+00:00,1,1,1,0,2026-05-10 14:00:00+08:00,2026-05-10 14:00:00+08:00,,1500.0,REJECTED,local_hour_count_1
data/interim/notebook02_sources/hourly_forecasts/01_19a_hko_ecmwf_single_run_hourly_forecasts.csv,source_target_date_decision_rule_issue_time,2026-05-10,12h_prior,,,2026-05-09 06:00:00+00:00,2026-05-09 06:00:00+00:00,1,1,1,0,2026-05-10 20:00:00+08:00,2026-05-10 20:00:00+08:00,,1500.0,REJECTED,local_hour_count_1
data/interim/notebook02_sources/hourly_forecasts/01_19a_hko_ecmwf_single_run_hourly_forecasts.csv,source_target_date_decision_rule_issue_time,2026-05-11,6h_prior,,,2026-05-09 06:00:00+00:00,2026-05-09 06:00:00+00:00,1,1,1,0,2026-05-11 14:00:00+08:00,2026-05-11 14:00:00+08:00,,1500.0,REJECTED,local_hour_count_1
data/interim/notebook02_sources/hourly_forecasts/01_19a_hko_ecmwf_single_run_hourly_forecasts.csv,source_target_date_decision_rule_issue_time,2026-05-11,12h_prior,,,2026-05-09 06:00:00+00:00,2026-05-09 06:00:00+00:00,1,1,1,0,2026-05-11 20:00:00+08:00,2026-05-11 20:00:00+08:00,,1500.0,REJECTED,local_hour_count_1
data/interim/notebook02_sources/hourly_forecasts/01_19a_hko_ecmwf_single_run_hourly_forecasts.csv,source_target_date_decision_rule_issue_time,2026-05-12,6h_prior,,,2026-05-09 06:00:00+00:00,2026-05-09 06:00:00+00:00,1,1,1,0,2026-05-12 14:00:00+08:00,2026-05-12 14:00:00+08:00,,1500.0,REJECTED,local_hour_count_1
data/interim/notebook02_sources/hourly_forecasts/01_19a_hko_ecmwf_single_run_hourly_forecasts.csv,source_target_date_decision_rule_issue_time,2026-05-12,12h_prior,,,2026-05-09 06:00:00+00:00,2026-05-09 06:00:00+00:00,1,1,1,0,2026-05-12 20:00:00+08:00,2026-05-12 20:00:00+08:00,,1500.0,REJECTED,local_hour_count_1
data/interim/notebook02_sources/hourly_forecasts/01_19a_hko_ecmwf_single_run_hourly_forecasts.csv,source_target_date_decision_rule_issue_time,2026-05-13,6h_prior,,,2026-05-09 06:00:00+00:00,2026-05-09 06:00:00+00:00,1,1,1,0,2026-05-13 14:00:00+08:00,2026-05-13 14:00:00+08:00,,1500.0,REJECTED,local_hour_count_1
data/interim/notebook02_sources/hourly_forecasts/01_19a_hko_ecmwf_single_run_hourly_forecasts.csv,source_target_date_decision_rule_issue_time,2026-05-13,12h_prior,,,2026-05-09 06:00:00+00:00,2026-05-09 06:00:00+00:00,1,1,1,0,2026-05-13 20:00:00+08:00,2026-05-13 20:00:00+08:00,,1500.0,REJECTED,local_hour_count_1
data/interim/notebook02_sources/hourly_forecasts/01_19a_hko_ecmwf_single_run_hourly_forecasts.csv,source_target_date_decision_rule_issue_time,2026-05-14,6h_prior,,,2026-05-09 06:00:00+00:00,2026-05-09 06:00:00+00:00,1,1,1,0,2026-05-14 14:00:00+08:00,2026-05-14 14:00:00+08:00,,1500.0,REJECTED,local_hour_count_1
data/interim/notebook02_sources/hourly_forecasts/01_19a_hko_ecmwf_single_run_hourly_forecasts.csv,source_target_date_decision_rule_issue_time,2026-05-14,12h_prior,,,2026-05-09 06:00:00+00:00,2026-05-09 06:00:00+00:00,1,1,1,0,2026-05-14 20:00:00+08:00,2026-05-14 20:00:00+08:00,,1500.0,REJECTED,local_hour_count_1
data/interim/notebook02_sources/hourly_forecasts/01_19a_hko_ecmwf_single_run_hourly_forecasts.csv,source_target_date_decision_rule_issue_time,2026-05-15,6h_prior,,,2026-05-09 06:00:00+00:00,2026-05-09 06:00:00+00:00,1,1,1,0,2026-05-15 14:00:00+08:00,2026-05-15 14:00:00+08:00,,1500.0,REJECTED,local_hour_count_1
data/interim/notebook02_sources/hourly_forecasts/01_19a_hko_ecmwf_single_run_hourly_forecasts.csv,source_target_date_decision_rule_issue_time,2026-05-15,12h_prior,,,2026-05-09 06:00:00+00:00,2026-05-09 06:00:00+00:00,1,1,1,0,2026-05-15 20:00:00+08:00,2026-05-15 20:00:00+08:00,,1500.0,REJECTED,local_hour_count_1
data/interim/notebook02_sources/hourly_forecasts/01_19a_hko_ecmwf_single_run_hourly_forecasts.csv,source_target_date_decision_rule_issue_time,2026-05-10,6h_prior,,,2026-05-09 18:00:00+00:00,2026-05-09 18:00:00+00:00,1,1,1,0,2026-05-10 14:00:00+08:00,2026-05-10 14:00:00+08:00,,1500.0,REJECTED,local_hour_count_1
data/interim/notebook02_sources/hourly_forecasts/01_19a_hko_ecmwf_single_run_hourly_forecasts.csv,source_target_date_decision_rule_issue_time,2026-05-10,12h_prior,,,2026-05-09 18:00:00+00:00,2026-05-09 18:00:00+00:00,1,1,1,0,2026-05-10 20:00:00+08:00,2026-05-10 20:00:00+08:00,,1500.0,REJECTED,local_hour_count_1
data/interim/notebook02_sources/hourly_forecasts/01_19a_hko_ecmwf_single_run_hourly_forecasts.csv,source_target_date_decision_rule_issue_time,2026-05-11,6h_prior,,,2026-05-09 18:00:00+00:00,2026-05-09 18:00:00+00:00,1,1,1,0,2026-05-11 14:00:00+08:00,2026-05-11 14:00:00+08:00,,1500.0,REJECTED,local_hour_count_1
data/interim/notebook02_sources/hourly_forecasts/01_19a_hko_ecmwf_single_run_hourly_forecasts.csv,source_target_date_decision_rule_issue_time,2026-05-11,12h_prior,,,2026-05-09 18:00:00+00:00,2026-05-09 18:00:00+00:00,1,1,1,0,2026-05-11 20:00:00+08:00,2026-05-11 20:00:00+08:00,,1500.0,REJECTED,local_hour_count_1
data/interim/notebook02_sources/hourly_forecasts/01_19a_hko_ecmwf_single_run_hourly_forecasts.csv,source_target_date_decision_rule_issue_time,2026-05-12,6h_prior,,,2026-05-09 18:00:00+00:00,2026-05-09 18:00:00+00:00,1,1,1,0,2026-05-12 14:00:00+08:00,2026-05-12 14:00:00+08:00,,1500.0,REJECTED,local_hour_count_1
data/interim/notebook02_sources/hourly_forecasts/01_19a_hko_ecmwf_single_run_hourly_forecasts.csv,source_target_date_decision_rule_issue_time,2026-05-12,12h_prior,,,2026-05-09 18:00:00+00:00,2026-05-09 18:00:00+00:00,1,1,1,0,2026-05-12 20:00:00+08:00,2026-05-12 20:00:00+08:00,,1500.0,REJECTED,local_hour_count_1
data/interim/notebook02_sources/hourly_forecasts/01_19a_hko_ecmwf_single_run_hourly_forecasts.csv,source_target_date_decision_rule_issue_time,2026-05-13,6h_prior,,,2026-05-09 18:00:00+00:00,2026-05-09 18:00:00+00:00,1,1,1,0,2026-05-13 14:00:00+08:00,2026-05-13 14:00:00+08:00,,1500.0,REJECTED,local_hour_count_1
data/interim/notebook02_sources/hourly_forecasts/01_19a_hko_ecmwf_single_run_hourly_forecasts.csv,source_target_date_decision_rule_issue_time,2026-05-13,12h_prior,,,2026-05-09 18:00:00+00:00,2026-05-09 18:00:00+00:00,1,1,1,0,2026-05-13 20:00:00+08:00,2026-05-13 20:00:00+08:00,,1500.0,REJECTED,local_hour_count_1
data/interim/notebook02_sources/hourly_forecasts/01_19a_hko_ecmwf_single_run_hourly_forecasts.csv,source_target_date_decision_rule_issue_time,2026-05-14,6h_prior,,,2026-05-09 18:00:00+00:00,2026-05-09 18:00:00+00:00,1,1,1,0,2026-05-14 14:00:00+08:00,2026-05-14 14:00:00+08:00,,1500.0,REJECTED,local_hour_count_1
data/interim/notebook02_sources/hourly_forecasts/01_19a_hko_ecmwf_single_run_hourly_forecasts.csv,source_target_date_decision_rule_issue_time,2026-05-14,12h_prior,,,2026-05-09 18:00:00+00:00,2026-05-09 18:00:00+00:00,1,1,1,0,2026-05-14 20:00:00+08:00,2026-05-14 20:00:00+08:00,,1500.0,REJECTED,local_hour_count_1
data/interim/notebook02_sources/hourly_forecasts/01_19a_hko_ecmwf_single_run_hourly_forecasts.csv,source_target_date_decision_rule_issue_time,2026-05-15,6h_prior,,,2026-05-09 18:00:00+00:00,2026-05-09 18:00:00+00:00,1,1,1,0,2026-05-15 14:00:00+08:00,2026-05-15 14:00:00+08:00,,1500.0,REJECTED,local_hour_count_1
data/interim/notebook02_sources/hourly_forecasts/01_19a_hko_ecmwf_single_run_hourly_forecasts.csv,source_target_date_decision_rule_issue_time,2026-05-15,12h_prior,,,2026-05-09 18:00:00+00:00,2026-05-09 18:00:00+00:00,1,1,1,0,2026-05-15 20:00:00+08:00,2026-05-15 20:00:00+08:00,,1500.0,REJECTED,local_hour_count_1
data/interim/notebook02_sources/hourly_forecasts/01_19a_hko_ecmwf_single_run_hourly_forecasts.csv,source_target_date_decision_rule_issue_time,2026-05-10,12h_prior,,,2026-05-10 00:00:00+00:00,2026-05-10 00:00:00+00:00,1,1,1,0,2026-05-10 20:00:00+08:00,2026-05-10 20:00:00+08:00,,1500.0,REJECTED,local_hour_count_1
data/interim/notebook02_sources/hourly_forecasts/01_19a_hko_ecmwf_single_run_hourly_forecasts.csv,source_target_date_decision_rule_issue_time,2026-05-11,6h_prior,,,2026-05-10 00:00:00+00:00,2026-05-10 00:00:00+00:00,1,1,1,0,2026-05-11 14:00:00+08:00,2026-05-11 14:00:00+08:00,,1500.0,REJECTED,local_hour_count_1
data/interim/notebook02_sources/hourly_forecasts/01_19a_hko_ecmwf_single_run_hourly_forecasts.csv,source_target_date_decision_rule_issue_time,2026-05-11,12h_prior,,,2026-05-10 00:00:00+00:00,2026-05-10 00:00:00+00:00,1,1,1,0,2026-05-11 20:00:00+08:00,2026-05-11 20:00:00+08:00,,1500.0,REJECTED,local_hour_count_1
data/interim/notebook02_sources/hourly_forecasts/01_19a_hko_ecmwf_single_run_hourly_forecasts.csv,source_target_date_decision_rule_issue_time,2026-05-12,6h_prior,,,2026-05-10 00:00:00+00:00,2026-05-10 00:00:00+00:00,1,1,1,0,2026-05-12 14:00:00+08:00,2026-05-12 14:00:00+08:00,,1500.0,REJECTED,local_hour_count_1
data/interim/notebook02_sources/hourly_forecasts/01_19a_hko_ecmwf_single_run_hourly_forecasts.csv,source_target_date_decision_rule_issue_time,2026-05-12,12h_prior,,,2026-05-10 00:00:00+00:00,2026-05-10 00:00:00+00:00,1,1,1,0,2026-05-12 20:00:00+08:00,2026-05-12 20:00:00+08:00,,1500.0,REJECTED,local_hour_count_1
data/interim/notebook02_sources/hourly_forecasts/01_19a_hko_ecmwf_single_run_hourly_forecasts.csv,source_target_date_decision_rule_issue_time,2026-05-13,6h_prior,,,2026-05-10 00:00:00+00:00,2026-05-10 00:00:00+00:00,1,1,1,0,2026-05-13 14:00:00+08:00,2026-05-13 14:00:00+08:00,,1500.0,REJECTED,local_hour_count_1
data/interim/notebook02_sources/hourly_forecasts/01_19a_hko_ecmwf_single_run_hourly_forecasts.csv,source_target_date_decision_rule_issue_time,2026-05-13,12h_prior,,,2026-05-10 00:00:00+00:00,2026-05-10 00:00:00+00:00,1,1,1,0,2026-05-13 20:00:00+08:00,2026-05-13 20:00:00+08:00,,1500.0,REJECTED,local_hour_count_1
data/interim/notebook02_sources/hourly_forecasts/01_19a_hko_ecmwf_single_run_hourly_forecasts.csv,source_target_date_decision_rule_issue_time,2026-05-14,6h_prior,,,2026-05-10 00:00:00+00:00,2026-05-10 00:00:00+00:00,1,1,1,0,2026-05-14 14:00:00+08:00,2026-05-14 14:00:00+08:00,,1500.0,REJECTED,local_hour_count_1
data/interim/notebook02_sources/hourly_forecasts/01_19a_hko_ecmwf_single_run_hourly_forecasts.csv,source_target_date_decision_rule_issue_time,2026-05-14,12h_prior,,,2026-05-10 00:00:00+00:00,2026-05-10 00:00:00+00:00,1,1,1,0,2026-05-14 20:00:00+08:00,2026-05-14 20:00:00+08:00,,1500.0,REJECTED,local_hour_count_1
data/interim/notebook02_sources/hourly_forecasts/01_19a_hko_ecmwf_single_run_hourly_forecasts.csv,source_target_date_decision_rule_issue_time,2026-05-15,6h_prior,,,2026-05-10 00:00:00+00:00,2026-05-10 00:00:00+00:00,1,1,1,0,2026-05-15 14:00:00+08:00,2026-05-15 14:00:00+08:00,,1500.0,REJECTED,local_hour_count_1
data/interim/notebook02_sources/hourly_forecasts/01_19a_hko_ecmwf_single_run_hourly_forecasts.csv,source_target_date_decision_rule_issue_time,2026-05-15,12h_prior,,,2026-05-10 00:00:00+00:00,2026-05-10 00:00:00+00:00,1,1,1,0,2026-05-15 20:00:00+08:00,2026-05-15 20:00:00+08:00,,1500.0,REJECTED,local_hour_count_1
data/interim/notebook02_sources/hourly_forecasts/01_19a_hko_ecmwf_single_run_hourly_forecasts.csv,source_target_date_decision_rule_issue_time,2026-05-16,6h_prior,,,2026-05-10 00:00:00+00:00,2026-05-10 00:00:00+00:00,1,1,1,0,2026-05-16 14:00:00+08:00,2026-05-16 14:00:00+08:00,,1500.0,REJECTED,local_hour_count_1
data/interim/notebook02_sources/hourly_forecasts/01_19a_hko_ecmwf_single_run_hourly_forecasts.csv,source_target_date_decision_rule_issue_time,2026-05-16,12h_prior,,,2026-05-10 00:00:00+00:00,2026-05-10 00:00:00+00:00,1,1,1,0,2026-05-16 20:00:00+08:00,2026-05-16 20:00:00+08:00,,1500.0,REJECTED,local_hour_count_1
data/interim/notebook02_sources/hourly_forecasts/01_19a_hko_ecmwf_single_run_hourly_forecasts.csv,source_target_date_decision_rule_issue_time,2026-05-17,6h_prior,,,2026-05-10 00:00:00+00:00,2026-05-10 00:00:00+00:00,1,1,1,0,2026-05-17 14:00:00+08:00,2026-05-17 14:00:00+08:00,,1500.0,REJECTED,local_hour_count_1
data/interim/notebook02_sources/hourly_forecasts/01_19a_hko_ecmwf_single_run_hourly_forecasts.csv,source_target_date_decision_rule_issue_time,2026-05-17,12h_prior,,,2026-05-10 00:00:00+00:00,2026-05-10 00:00:00+00:00,1,1,1,0,2026-05-17 20:00:00+08:00,2026-05-17 20:00:00+08:00,,1500.0,REJECTED,local_hour_count_1
data/interim/notebook02_sources/hourly_forecasts/01_19a_hko_ecmwf_single_run_hourly_forecasts.csv,source_target_date_decision_rule_issue_time,2026-05-18,6h_prior,,,2026-05-10 00:00:00+00:00,2026-05-10 00:00:00+00:00,1,1,1,0,2026-05-18 14:00:00+08:00,2026-05-18 14:00:00+08:00,,1500.0,REJECTED,local_hour_count_1
data/interim/notebook02_sources/hourly_forecasts/01_19a_hko_ecmwf_single_run_hourly_forecasts.csv,source_target_date_decision_rule_issue_time,2026-05-18,12h_prior,,,2026-05-10 00:00:00+00:00,2026-05-10 00:00:00+00:00,1,1,1,0,2026-05-18 20:00:00+08:00,2026-05-18 20:00:00+08:00,,1500.0,REJECTED,local_hour_count_1
data/interim/notebook02_sources/hourly_forecasts/01_19a_hko_ecmwf_single_run_hourly_forecasts.csv,source_target_date_decision_rule_issue_time,2026-05-19,6h_prior,,,2026-05-10 00:00:00+00:00,2026-05-10 00:00:00+00:00,1,1,1,0,2026-05-19 14:00:00+08:00,2026-05-19 14:00:00+08:00,,1500.0,REJECTED,local_hour_count_1
data/interim/notebook02_sources/hourly_forecasts/01_19a_hko_ecmwf_single_run_hourly_forecasts.csv,source_target_date_decision_rule_issue_time,2026-05-19,12h_prior,,,2026-05-10 00:00:00+00:00,2026-05-10 00:00:00+00:00,1,1,1,0,2026-05-19 20:00:00+08:00,2026-05-19 20:00:00+08:00,,1500.0,REJECTED,local_hour_count_1
data/interim/notebook02_sources/hourly_forecasts/01_19a_hko_ecmwf_single_run_hourly_forecasts.csv,source_target_date_decision_rule_issue_time,2026-05-20,6h_prior,,,2026-05-10 00:00:00+00:00,2026-05-10 00:00:00+00:00,1,1,1,0,2026-05-20 14:00:00+08:00,2026-05-20 14:00:00+08:00,,1500.0,REJECTED,local_hour_count_1
data/interim/notebook02_sources/hourly_forecasts/01_19a_hko_ecmwf_single_run_hourly_forecasts.csv,source_target_date_decision_rule_issue_time,2026-05-11,6h_prior,,,2026-05-10 06:00:00+00:00,2026-05-10 06:00:00+00:00,1,1,1,0,2026-05-11 14:00:00+08:00,2026-05-11 14:00:00+08:00,,1500.0,REJECTED,local_hour_count_1
data/interim/notebook02_sources/hourly_forecasts/01_19a_hko_ecmwf_single_run_hourly_forecasts.csv,source_target_date_decision_rule_issue_time,2026-05-11,12h_prior,,,2026-05-10 06:00:00+00:00,2026-05-10 06:00:00+00:00,1,1,1,0,2026-05-11 20:00:00+08:00,2026-05-11 20:00:00+08:00,,1500.0,REJECTED,local_hour_count_1
data/interim/notebook02_sources/hourly_forecasts/01_19a_hko_ecmwf_single_run_hourly_forecasts.csv,source_target_date_decision_rule_issue_time,2026-05-12,6h_prior,,,2026-05-10 06:00:00+00:00,2026-05-10 06:00:00+00:00,1,1,1,0,2026-05-12 14:00:00+08:00,2026-05-12 14:00:00+08:00,,1500.0,REJECTED,local_hour_count_1
data/interim/notebook02_sources/hourly_forecasts/01_19a_hko_ecmwf_single_run_hourly_forecasts.csv,source_target_date_decision_rule_issue_time,2026-05-12,12h_prior,,,2026-05-10 06:00:00+00:00,2026-05-10 06:00:00+00:00,1,1,1,0,2026-05-12 20:00:00+08:00,2026-05-12 20:00:00+08:00,,1500.0,REJECTED,local_hour_count_1
data/interim/notebook02_sources/hourly_forecasts/01_19a_hko_ecmwf_single_run_hourly_forecasts.csv,source_target_date_decision_rule_issue_time,2026-05-13,6h_prior,,,2026-05-10 06:00:00+00:00,2026-05-10 06:00:00+00:00,1,1,1,0,2026-05-13 14:00:00+08:00,2026-05-13 14:00:00+08:00,,1500.0,REJECTED,local_hour_count_1
data/interim/notebook02_sources/hourly_forecasts/01_19a_hko_ecmwf_single_run_hourly_forecasts.csv,source_target_date_decision_rule_issue_time,2026-05-13,12h_prior,,,2026-05-10 06:00:00+00:00,2026-05-10 06:00:00+00:00,1,1,1,0,2026-05-13 20:00:00+08:00,2026-05-13 20:00:00+08:00,,1500.0,REJECTED,local_hour_count_1
data/interim/notebook02_sources/hourly_forecasts/01_19a_hko_ecmwf_single_run_hourly_forecasts.csv,source_target_date_decision_rule_issue_time,2026-05-14,6h_prior,,,2026-05-10 06:00:00+00:00,2026-05-10 06:00:00+00:00,1,1,1,0,2026-05-14 14:00:00+08:00,2026-05-14 14:00:00+08:00,,1500.0,REJECTED,local_hour_count_1
data/interim/notebook02_sources/hourly_forecasts/01_19a_hko_ecmwf_single_run_hourly_forecasts.csv,source_target_date_decision_rule_issue_time,2026-05-14,12h_prior,,,2026-05-10 06:00:00+00:00,2026-05-10 06:00:00+00:00,1,1,1,0,2026-05-14 20:00:00+08:00,2026-05-14 20:00:00+08:00,,1500.0,REJECTED,local_hour_count_1
data/interim/notebook02_sources/hourly_forecasts/01_19a_hko_ecmwf_single_run_hourly_forecasts.csv,source_target_date_decision_rule_issue_time,2026-05-15,6h_prior,,,2026-05-10 06:00:00+00:00,2026-05-10 06:00:00+00:00,1,1,1,0,2026-05-15 14:00:00+08:00,2026-05-15 14:00:00+08:00,,1500.0,REJECTED,local_hour_count_1
data/interim/notebook02_sources/hourly_forecasts/01_19a_hko_ecmwf_single_run_hourly_forecasts.csv,source_target_date_decision_rule_issue_time,2026-05-15,12h_prior,,,2026-05-10 06:00:00+00:00,2026-05-10 06:00:00+00:00,1,1,1,0,2026-05-15 20:00:00+08:00,2026-05-15 20:00:00+08:00,,1500.0,REJECTED,local_hour_count_1
data/interim/notebook02_sources/hourly_forecasts/01_19a_hko_ecmwf_single_run_hourly_forecasts.csv,source_target_date_decision_rule_issue_time,2026-05-16,6h_prior,,,2026-05-10 06:00:00+00:00,2026-05-10 06:00:00+00:00,1,1,1,0,2026-05-16 14:00:00+08:00,2026-05-16 14:00:00+08:00,,1500.0,REJECTED,local_hour_count_1
data/interim/notebook02_sources/hourly_forecasts/01_19a_hko_ecmwf_single_run_hourly_forecasts.csv,source_target_date_decision_rule_issue_time,2026-05-16,12h_prior,,,2026-05-10 06:00:00+00:00,2026-05-10 06:00:00+00:00,1,1,1,0,2026-05-16 20:00:00+08:00,2026-05-16 20:00:00+08:00,,1500.0,REJECTED,local_hour_count_1
data/interim/notebook02_sources/hourly_forecasts/01_19a_hko_ecmwf_single_run_hourly_forecasts.csv,source_target_date_decision_rule_issue_time,2026-05-11,6h_prior,,,2026-05-10 18:00:00+00:00,2026-05-10 18:00:00+00:00,1,1,1,0,2026-05-11 14:00:00+08:00,2026-05-11 14:00:00+08:00,,1500.0,REJECTED,local_hour_count_1
data/interim/notebook02_sources/hourly_forecasts/01_19a_hko_ecmwf_single_run_hourly_forecasts.csv,source_target_date_decision_rule_issue_time,2026-05-11,12h_prior,,,2026-05-10 18:00:00+00:00,2026-05-10 18:00:00+00:00,1,1,1,0,2026-05-11 20:00:00+08:00,2026-05-11 20:00:00+08:00,,1500.0,REJECTED,local_hour_count_1
data/interim/notebook02_sources/hourly_forecasts/01_19a_hko_ecmwf_single_run_hourly_forecasts.csv,source_target_date_decision_rule_issue_time,2026-05-12,6h_prior,,,2026-05-10 18:00:00+00:00,2026-05-10 18:00:00+00:00,1,1,1,0,2026-05-12 14:00:00+08:00,2026-05-12 14:00:00+08:00,,1500.0,REJECTED,local_hour_count_1
data/interim/notebook02_sources/hourly_forecasts/01_19a_hko_ecmwf_single_run_hourly_forecasts.csv,source_target_date_decision_rule_issue_time,2026-05-12,12h_prior,,,2026-05-10 18:00:00+00:00,2026-05-10 18:00:00+00:00,1,1,1,0,2026-05-12 20:00:00+08:00,2026-05-12 20:00:00+08:00,,1500.0,REJECTED,local_hour_count_1
data/interim/notebook02_sources/hourly_forecasts/01_19a_hko_ecmwf_single_run_hourly_forecasts.csv,source_target_date_decision_rule_issue_time,2026-05-13,6h_prior,,,2026-05-10 18:00:00+00:00,2026-05-10 18:00:00+00:00,1,1,1,0,2026-05-13 14:00:00+08:00,2026-05-13 14:00:00+08:00,,1500.0,REJECTED,local_hour_count_1
data/interim/notebook02_sources/hourly_forecasts/01_19a_hko_ecmwf_single_run_hourly_forecasts.csv,source_target_date_decision_rule_issue_time,2026-05-13,12h_prior,,,2026-05-10 18:00:00+00:00,2026-05-10 18:00:00+00:00,1,1,1,0,2026-05-13 20:00:00+08:00,2026-05-13 20:00:00+08:00,,1500.0,REJECTED,local_hour_count_1
data/interim/notebook02_sources/hourly_forecasts/01_19a_hko_ecmwf_single_run_hourly_forecasts.csv,source_target_date_decision_rule_issue_time,2026-05-14,6h_prior,,,2026-05-10 18:00:00+00:00,2026-05-10 18:00:00+00:00,1,1,1,0,2026-05-14 14:00:00+08:00,2026-05-14 14:00:00+08:00,,1500.0,REJECTED,local_hour_count_1
data/interim/notebook02_sources/hourly_forecasts/01_19a_hko_ecmwf_single_run_hourly_forecasts.csv,source_target_date_decision_rule_issue_time,2026-05-14,12h_prior,,,2026-05-10 18:00:00+00:00,2026-05-10 18:00:00+00:00,1,1,1,0,2026-05-14 20:00:00+08:00,2026-05-14 20:00:00+08:00,,1500.0,REJECTED,local_hour_count_1
data/interim/notebook02_sources/hourly_forecasts/01_19a_hko_ecmwf_single_run_hourly_forecasts.csv,source_target_date_decision_rule_issue_time,2026-05-15,6h_prior,,,2026-05-10 18:00:00+00:00,2026-05-10 18:00:00+00:00,1,1,1,0,2026-05-15 14:00:00+08:00,2026-05-15 14:00:00+08:00,,1500.0,REJECTED,local_hour_count_1
data/interim/notebook02_sources/hourly_forecasts/01_19a_hko_ecmwf_single_run_hourly_forecasts.csv,source_target_date_decision_rule_issue_time,2026-05-15,12h_prior,,,2026-05-10 18:00:00+00:00,2026-05-10 18:00:00+00:00,1,1,1,0,2026-05-15 20:00:00+08:00,2026-05-15 20:00:00+08:00,,1500.0,REJECTED,local_hour_count_1
data/interim/notebook02_sources/hourly_forecasts/01_19a_hko_ecmwf_single_run_hourly_forecasts.csv,source_target_date_decision_rule_issue_time,2026-05-16,6h_prior,,,2026-05-10 18:00:00+00:00,2026-05-10 18:00:00+00:00,1,1,1,0,2026-05-16 14:00:00+08:00,2026-05-16 14:00:00+08:00,,1500.0,REJECTED,local_hour_count_1
data/interim/notebook02_sources/hourly_forecasts/01_19a_hko_ecmwf_single_run_hourly_forecasts.csv,source_target_date_decision_rule_issue_time,2026-05-16,12h_prior,,,2026-05-10 18:00:00+00:00,2026-05-10 18:00:00+00:00,1,1,1,0,2026-05-16 20:00:00+08:00,2026-05-16 20:00:00+08:00,,1500.0,REJECTED,local_hour_count_1
data/interim/notebook02_sources/hourly_forecasts/01_19a_hko_ecmwf_single_run_hourly_forecasts.csv,source_target_date_decision_rule_issue_time,2026-05-11,12h_prior,,,2026-05-11 00:00:00+00:00,2026-05-11 00:00:00+00:00,1,1,1,0,2026-05-11 20:00:00+08:00,2026-05-11 20:00:00+08:00,,1500.0,REJECTED,local_hour_count_1
data/interim/notebook02_sources/hourly_forecasts/01_19a_hko_ecmwf_single_run_hourly_forecasts.csv,source_target_date_decision_rule_issue_time,2026-05-12,6h_prior,,,2026-05-11 00:00:00+00:00,2026-05-11 00:00:00+00:00,1,1,1,0,2026-05-12 14:00:00+08:00,2026-05-12 14:00:00+08:00,,1500.0,REJECTED,local_hour_count_1
data/interim/notebook02_sources/hourly_forecasts/01_19a_hko_ecmwf_single_run_hourly_forecasts.csv,source_target_date_decision_rule_issue_time,2026-05-12,12h_prior,,,2026-05-11 00:00:00+00:00,2026-05-11 00:00:00+00:00,1,1,1,0,2026-05-12 20:00:00+08:00,2026-05-12 20:00:00+08:00,,1500.0,REJECTED,local_hour_count_1
data/interim/notebook02_sources/hourly_forecasts/01_19a_hko_ecmwf_single_run_hourly_forecasts.csv,source_target_date_decision_rule_issue_time,2026-05-13,6h_prior,,,2026-05-11 00:00:00+00:00,2026-05-11 00:00:00+00:00,1,1,1,0,2026-05-13 14:00:00+08:00,2026-05-13 14:00:00+08:00,,1500.0,REJECTED,local_hour_count_1
data/interim/notebook02_sources/hourly_forecasts/01_19a_hko_ecmwf_single_run_hourly_forecasts.csv,source_target_date_decision_rule_issue_time,2026-05-13,12h_prior,,,2026-05-11 00:00:00+00:00,2026-05-11 00:00:00+00:00,1,1,1,0,2026-05-13 20:00:00+08:00,2026-05-13 20:00:00+08:00,,1500.0,REJECTED,local_hour_count_1
data/interim/notebook02_sources/hourly_forecasts/01_19a_hko_ecmwf_single_run_hourly_forecasts.csv,source_target_date_decision_rule_issue_time,2026-05-14,6h_prior,,,2026-05-11 00:00:00+00:00,2026-05-11 00:00:00+00:00,1,1,1,0,2026-05-14 14:00:00+08:00,2026-05-14 14:00:00+08:00,,1500.0,REJECTED,local_hour_count_1
data/interim/notebook02_sources/hourly_forecasts/01_19a_hko_ecmwf_single_run_hourly_forecasts.csv,source_target_date_decision_rule_issue_time,2026-05-14,12h_prior,,,2026-05-11 00:00:00+00:00,2026-05-11 00:00:00+00:00,1,1,1,0,2026-05-14 20:00:00+08:00,2026-05-14 20:00:00+08:00,,1500.0,REJECTED,local_hour_count_1
data/interim/notebook02_sources/hourly_forecasts/01_19a_hko_ecmwf_single_run_hourly_forecasts.csv,source_target_date_decision_rule_issue_time,2026-05-15,6h_prior,,,2026-05-11 00:00:00+00:00,2026-05-11 00:00:00+00:00,1,1,1,0,2026-05-15 14:00:00+08:00,2026-05-15 14:00:00+08:00,,1500.0,REJECTED,local_hour_count_1
data/interim/notebook02_sources/hourly_forecasts/01_19a_hko_ecmwf_single_run_hourly_forecasts.csv,source_target_date_decision_rule_issue_time,2026-05-15,12h_prior,,,2026-05-11 00:00:00+00:00,2026-05-11 00:00:00+00:00,1,1,1,0,2026-05-15 20:00:00+08:00,2026-05-15 20:00:00+08:00,,1500.0,REJECTED,local_hour_count_1
data/interim/notebook02_sources/hourly_forecasts/01_19a_hko_ecmwf_single_run_hourly_forecasts.csv,source_target_date_decision_rule_issue_time,2026-05-16,6h_prior,,,2026-05-11 00:00:00+00:00,2026-05-11 00:00:00+00:00,1,1,1,0,2026-05-16 14:00:00+08:00,2026-05-16 14:00:00+08:00,,1500.0,REJECTED,local_hour_count_1
data/interim/notebook02_sources/hourly_forecasts/01_19a_hko_ecmwf_single_run_hourly_forecasts.csv,source_target_date_decision_rule_issue_time,2026-05-16,12h_prior,,,2026-05-11 00:00:00+00:00,2026-05-11 00:00:00+00:00,1,1,1,0,2026-05-16 20:00:00+08:00,2026-05-16 20:00:00+08:00,,1500.0,REJECTED,local_hour_count_1
data/interim/notebook02_sources/hourly_forecasts/01_19a_hko_ecmwf_single_run_hourly_forecasts.csv,source_target_date_decision_rule_issue_time,2026-05-17,6h_prior,,,2026-05-11 00:00:00+00:00,2026-05-11 00:00:00+00:00,1,1,1,0,2026-05-17 14:00:00+08:00,2026-05-17 14:00:00+08:00,,1500.0,REJECTED,local_hour_count_1
data/interim/notebook02_sources/hourly_forecasts/01_19a_hko_ecmwf_single_run_hourly_forecasts.csv,source_target_date_decision_rule_issue_time,2026-05-17,12h_prior,,,2026-05-11 00:00:00+00:00,2026-05-11 00:00:00+00:00,1,1,1,0,2026-05-17 20:00:00+08:00,2026-05-17 20:00:00+08:00,,1500.0,REJECTED,local_hour_count_1
data/interim/notebook02_sources/hourly_forecasts/01_19a_hko_ecmwf_single_run_hourly_forecasts.csv,source_target_date_decision_rule_issue_time,2026-05-18,6h_prior,,,2026-05-11 00:00:00+00:00,2026-05-11 00:00:00+00:00,1,1,1,0,2026-05-18 14:00:00+08:00,2026-05-18 14:00:00+08:00,,1500.0,REJECTED,local_hour_count_1
data/interim/notebook02_sources/hourly_forecasts/01_19a_hko_ecmwf_single_run_hourly_forecasts.csv,source_target_date_decision_rule_issue_time,2026-05-18,12h_prior,,,2026-05-11 00:00:00+00:00,2026-05-11 00:00:00+00:00,1,1,1,0,2026-05-18 20:00:00+08:00,2026-05-18 20:00:00+08:00,,1500.0,REJECTED,local_hour_count_1
data/interim/notebook02_sources/hourly_forecasts/01_19a_hko_ecmwf_single_run_hourly_forecasts.csv,source_target_date_decision_rule_issue_time,2026-05-19,6h_prior,,,2026-05-11 00:00:00+00:00,2026-05-11 00:00:00+00:00,1,1,1,0,2026-05-19 14:00:00+08:00,2026-05-19 14:00:00+08:00,,1500.0,REJECTED,local_hour_count_1
data/interim/notebook02_sources/hourly_forecasts/01_19a_hko_ecmwf_single_run_hourly_forecasts.csv,source_target_date_decision_rule_issue_time,2026-05-19,12h_prior,,,2026-05-11 00:00:00+00:00,2026-05-11 00:00:00+00:00,1,1,1,0,2026-05-19 20:00:00+08:00,2026-05-19 20:00:00+08:00,,1500.0,REJECTED,local_hour_count_1
data/interim/notebook02_sources/hourly_forecasts/01_19a_hko_ecmwf_single_run_hourly_forecasts.csv,source_target_date_decision_rule_issue_time,2026-05-20,6h_prior,,,2026-05-11 00:00:00+00:00,2026-05-11 00:00:00+00:00,1,1,1,0,2026-05-20 14:00:00+08:00,2026-05-20 14:00:00+08:00,,1500.0,REJECTED,local_hour_count_1
data/interim/notebook02_sources/hourly_forecasts/01_19a_hko_ecmwf_single_run_hourly_forecasts.csv,source_target_date_decision_rule_issue_time,2026-05-20,12h_prior,,,2026-05-11 00:00:00+00:00,2026-05-11 00:00:00+00:00,1,1,1,0,2026-05-20 20:00:00+08:00,2026-05-20 20:00:00+08:00,,1500.0,REJECTED,local_hour_count_1
data/interim/notebook02_sources/hourly_forecasts/01_19a_hko_ecmwf_single_run_hourly_forecasts.csv,source_target_date_decision_rule_issue_time,2026-05-21,6h_prior,,,2026-05-11 00:00:00+00:00,2026-05-11 00:00:00+00:00,1,1,1,0,2026-05-21 14:00:00+08:00,2026-05-21 14:00:00+08:00,,1500.0,REJECTED,local_hour_count_1
data/interim/notebook02_sources/hourly_forecasts/01_19a_hko_ecmwf_single_run_hourly_forecasts.csv,source_target_date_decision_rule_issue_time,2026-05-12,6h_prior,,,2026-05-11 06:00:00+00:00,2026-05-11 06:00:00+00:00,1,1,1,0,2026-05-12 14:00:00+08:00,2026-05-12 14:00:00+08:00,,1500.0,REJECTED,local_hour_count_1
data/interim/notebook02_sources/hourly_forecasts/01_19a_hko_ecmwf_single_run_hourly_forecasts.csv,source_target_date_decision_rule_issue_time,2026-05-12,12h_prior,,,2026-05-11 06:00:00+00:00,2026-05-11 06:00:00+00:00,1,1,1,0,2026-05-12 20:00:00+08:00,2026-05-12 20:00:00+08:00,,1500.0,REJECTED,local_hour_count_1
data/interim/notebook02_sources/hourly_forecasts/01_19a_hko_ecmwf_single_run_hourly_forecasts.csv,source_target_date_decision_rule_issue_time,2026-05-13,6h_prior,,,2026-05-11 06:00:00+00:00,2026-05-11 06:00:00+00:00,1,1,1,0,2026-05-13 14:00:00+08:00,2026-05-13 14:00:00+08:00,,1500.0,REJECTED,local_hour_count_1
data/interim/notebook02_sources/hourly_forecasts/01_19a_hko_ecmwf_single_run_hourly_forecasts.csv,source_target_date_decision_rule_issue_time,2026-05-13,12h_prior,,,2026-05-11 06:00:00+00:00,2026-05-11 06:00:00+00:00,1,1,1,0,2026-05-13 20:00:00+08:00,2026-05-13 20:00:00+08:00,,1500.0,REJECTED,local_hour_count_1
data/interim/notebook02_sources/hourly_forecasts/01_19a_hko_ecmwf_single_run_hourly_forecasts.csv,source_target_date_decision_rule_issue_time,2026-05-14,6h_prior,,,2026-05-11 06:00:00+00:00,2026-05-11 06:00:00+00:00,1,1,1,0,2026-05-14 14:00:00+08:00,2026-05-14 14:00:00+08:00,,1500.0,REJECTED,local_hour_count_1
data/interim/notebook02_sources/hourly_forecasts/01_19a_hko_ecmwf_single_run_hourly_forecasts.csv,source_target_date_decision_rule_issue_time,2026-05-14,12h_prior,,,2026-05-11 06:00:00+00:00,2026-05-11 06:00:00+00:00,1,1,1,0,2026-05-14 20:00:00+08:00,2026-05-14 20:00:00+08:00,,1500.0,REJECTED,local_hour_count_1
data/interim/notebook02_sources/hourly_forecasts/01_19a_hko_ecmwf_single_run_hourly_forecasts.csv,source_target_date_decision_rule_issue_time,2026-05-15,6h_prior,,,2026-05-11 06:00:00+00:00,2026-05-11 06:00:00+00:00,1,1,1,0,2026-05-15 14:00:00+08:00,2026-05-15 14:00:00+08:00,,1500.0,REJECTED,local_hour_count_1
data/interim/notebook02_sources/hourly_forecasts/01_19a_hko_ecmwf_single_run_hourly_forecasts.csv,source_target_date_decision_rule_issue_time,2026-05-15,12h_prior,,,2026-05-11 06:00:00+00:00,2026-05-11 06:00:00+00:00,1,1,1,0,2026-05-15 20:00:00+08:00,2026-05-15 20:00:00+08:00,,1500.0,REJECTED,local_hour_count_1
data/interim/notebook02_sources/hourly_forecasts/01_19a_hko_ecmwf_single_run_hourly_forecasts.csv,source_target_date_decision_rule_issue_time,2026-05-16,6h_prior,,,2026-05-11 06:00:00+00:00,2026-05-11 06:00:00+00:00,1,1,1,0,2026-05-16 14:00:00+08:00,2026-05-16 14:00:00+08:00,,1500.0,REJECTED,local_hour_count_1
data/interim/notebook02_sources/hourly_forecasts/01_19a_hko_ecmwf_single_run_hourly_forecasts.csv,source_target_date_decision_rule_issue_time,2026-05-16,12h_prior,,,2026-05-11 06:00:00+00:00,2026-05-11 06:00:00+00:00,1,1,1,0,2026-05-16 20:00:00+08:00,2026-05-16 20:00:00+08:00,,1500.0,REJECTED,local_hour_count_1
data/interim/notebook02_sources/hourly_forecasts/01_19a_hko_ecmwf_single_run_hourly_forecasts.csv,source_target_date_decision_rule_issue_time,2026-05-17,6h_prior,,,2026-05-11 06:00:00+00:00,2026-05-11 06:00:00+00:00,1,1,1,0,2026-05-17 14:00:00+08:00,2026-05-17 14:00:00+08:00,,1500.0,REJECTED,local_hour_count_1
data/interim/notebook02_sources/hourly_forecasts/01_19a_hko_ecmwf_single_run_hourly_forecasts.csv,source_target_date_decision_rule_issue_time,2026-05-17,12h_prior,,,2026-05-11 06:00:00+00:00,2026-05-11 06:00:00+00:00,1,1,1,0,2026-05-17 20:00:00+08:00,2026-05-17 20:00:00+08:00,,1500.0,REJECTED,local_hour_count_1
data/interim/notebook02_sources/hourly_forecasts/01_19a_hko_ecmwf_single_run_hourly_forecasts.csv,source_target_date_decision_rule_issue_time,2026-05-12,6h_prior,,,2026-05-11 18:00:00+00:00,2026-05-11 18:00:00+00:00,1,1,1,0,2026-05-12 14:00:00+08:00,2026-05-12 14:00:00+08:00,,1500.0,REJECTED,local_hour_count_1
data/interim/notebook02_sources/hourly_forecasts/01_19a_hko_ecmwf_single_run_hourly_forecasts.csv,source_target_date_decision_rule_issue_time,2026-05-12,12h_prior,,,2026-05-11 18:00:00+00:00,2026-05-11 18:00:00+00:00,1,1,1,0,2026-05-12 20:00:00+08:00,2026-05-12 20:00:00+08:00,,1500.0,REJECTED,local_hour_count_1
data/interim/notebook02_sources/hourly_forecasts/01_19a_hko_ecmwf_single_run_hourly_forecasts.csv,source_target_date_decision_rule_issue_time,2026-05-13,6h_prior,,,2026-05-11 18:00:00+00:00,2026-05-11 18:00:00+00:00,1,1,1,0,2026-05-13 14:00:00+08:00,2026-05-13 14:00:00+08:00,,1500.0,REJECTED,local_hour_count_1
data/interim/notebook02_sources/hourly_forecasts/01_19a_hko_ecmwf_single_run_hourly_forecasts.csv,source_target_date_decision_rule_issue_time,2026-05-13,12h_prior,,,2026-05-11 18:00:00+00:00,2026-05-11 18:00:00+00:00,1,1,1,0,2026-05-13 20:00:00+08:00,2026-05-13 20:00:00+08:00,,1500.0,REJECTED,local_hour_count_1
data/interim/notebook02_sources/hourly_forecasts/01_19a_hko_ecmwf_single_run_hourly_forecasts.csv,source_target_date_decision_rule_issue_time,2026-05-14,6h_prior,,,2026-05-11 18:00:00+00:00,2026-05-11 18:00:00+00:00,1,1,1,0,2026-05-14 14:00:00+08:00,2026-05-14 14:00:00+08:00,,1500.0,REJECTED,local_hour_count_1
data/interim/notebook02_sources/hourly_forecasts/01_19a_hko_ecmwf_single_run_hourly_forecasts.csv,source_target_date_decision_rule_issue_time,2026-05-14,12h_prior,,,2026-05-11 18:00:00+00:00,2026-05-11 18:00:00+00:00,1,1,1,0,2026-05-14 20:00:00+08:00,2026-05-14 20:00:00+08:00,,1500.0,REJECTED,local_hour_count_1
data/interim/notebook02_sources/hourly_forecasts/01_19a_hko_ecmwf_single_run_hourly_forecasts.csv,source_target_date_decision_rule_issue_time,2026-05-15,6h_prior,,,2026-05-11 18:00:00+00:00,2026-05-11 18:00:00+00:00,1,1,1,0,2026-05-15 14:00:00+08:00,2026-05-15 14:00:00+08:00,,1500.0,REJECTED,local_hour_count_1
data/interim/notebook02_sources/hourly_forecasts/01_19a_hko_ecmwf_single_run_hourly_forecasts.csv,source_target_date_decision_rule_issue_time,2026-05-15,12h_prior,,,2026-05-11 18:00:00+00:00,2026-05-11 18:00:00+00:00,1,1,1,0,2026-05-15 20:00:00+08:00,2026-05-15 20:00:00+08:00,,1500.0,REJECTED,local_hour_count_1
data/interim/notebook02_sources/hourly_forecasts/01_19a_hko_ecmwf_single_run_hourly_forecasts.csv,source_target_date_decision_rule_issue_time,2026-05-16,6h_prior,,,2026-05-11 18:00:00+00:00,2026-05-11 18:00:00+00:00,1,1,1,0,2026-05-16 14:00:00+08:00,2026-05-16 14:00:00+08:00,,1500.0,REJECTED,local_hour_count_1
data/interim/notebook02_sources/hourly_forecasts/01_19a_hko_ecmwf_single_run_hourly_forecasts.csv,source_target_date_decision_rule_issue_time,2026-05-16,12h_prior,,,2026-05-11 18:00:00+00:00,2026-05-11 18:00:00+00:00,1,1,1,0,2026-05-16 20:00:00+08:00,2026-05-16 20:00:00+08:00,,1500.0,REJECTED,local_hour_count_1
data/interim/notebook02_sources/hourly_forecasts/01_19a_hko_ecmwf_single_run_hourly_forecasts.csv,source_target_date_decision_rule_issue_time,2026-05-17,6h_prior,,,2026-05-11 18:00:00+00:00,2026-05-11 18:00:00+00:00,1,1,1,0,2026-05-17 14:00:00+08:00,2026-05-17 14:00:00+08:00,,1500.0,REJECTED,local_hour_count_1
data/interim/notebook02_sources/hourly_forecasts/01_19a_hko_ecmwf_single_run_hourly_forecasts.csv,source_target_date_decision_rule_issue_time,2026-05-17,12h_prior,,,2026-05-11 18:00:00+00:00,2026-05-11 18:00:00+00:00,1,1,1,0,2026-05-17 20:00:00+08:00,2026-05-17 20:00:00+08:00,,1500.0,REJECTED,local_hour_count_1
data/interim/notebook02_sources/hourly_forecasts/01_19a_hko_ecmwf_single_run_hourly_forecasts.csv,source_target_date_decision_rule_issue_time,2026-05-12,12h_prior,,,2026-05-12 00:00:00+00:00,2026-05-12 00:00:00+00:00,1,1,1,0,2026-05-12 20:00:00+08:00,2026-05-12 20:00:00+08:00,,1500.0,REJECTED,local_hour_count_1
data/interim/notebook02_sources/hourly_forecasts/01_19a_hko_ecmwf_single_run_hourly_forecasts.csv,source_target_date_decision_rule_issue_time,2026-05-13,6h_prior,,,2026-05-12 00:00:00+00:00,2026-05-12 00:00:00+00:00,1,1,1,0,2026-05-13 14:00:00+08:00,2026-05-13 14:00:00+08:00,,1500.0,REJECTED,local_hour_count_1
data/interim/notebook02_sources/hourly_forecasts/01_19a_hko_ecmwf_single_run_hourly_forecasts.csv,source_target_date_decision_rule_issue_time,2026-05-13,12h_prior,,,2026-05-12 00:00:00+00:00,2026-05-12 00:00:00+00:00,1,1,1,0,2026-05-13 20:00:00+08:00,2026-05-13 20:00:00+08:00,,1500.0,REJECTED,local_hour_count_1
data/interim/notebook02_sources/hourly_forecasts/01_19a_hko_ecmwf_single_run_hourly_forecasts.csv,source_target_date_decision_rule_issue_time,2026-05-14,6h_prior,,,2026-05-12 00:00:00+00:00,2026-05-12 00:00:00+00:00,1,1,1,0,2026-05-14 14:00:00+08:00,2026-05-14 14:00:00+08:00,,1500.0,REJECTED,local_hour_count_1
data/interim/notebook02_sources/hourly_forecasts/01_19a_hko_ecmwf_single_run_hourly_forecasts.csv,source_target_date_decision_rule_issue_time,2026-05-14,12h_prior,,,2026-05-12 00:00:00+00:00,2026-05-12 00:00:00+00:00,1,1,1,0,2026-05-14 20:00:00+08:00,2026-05-14 20:00:00+08:00,,1500.0,REJECTED,local_hour_count_1
data/interim/notebook02_sources/hourly_forecasts/01_19a_hko_ecmwf_single_run_hourly_forecasts.csv,source_target_date_decision_rule_issue_time,2026-05-15,6h_prior,,,2026-05-12 00:00:00+00:00,2026-05-12 00:00:00+00:00,1,1,1,0,2026-05-15 14:00:00+08:00,2026-05-15 14:00:00+08:00,,1500.0,REJECTED,local_hour_count_1
data/interim/notebook02_sources/hourly_forecasts/01_19a_hko_ecmwf_single_run_hourly_forecasts.csv,source_target_date_decision_rule_issue_time,2026-05-15,12h_prior,,,2026-05-12 00:00:00+00:00,2026-05-12 00:00:00+00:00,1,1,1,0,2026-05-15 20:00:00+08:00,2026-05-15 20:00:00+08:00,,1500.0,REJECTED,local_hour_count_1
data/interim/notebook02_sources/hourly_forecasts/01_19a_hko_ecmwf_single_run_hourly_forecasts.csv,source_target_date_decision_rule_issue_time,2026-05-16,6h_prior,,,2026-05-12 00:00:00+00:00,2026-05-12 00:00:00+00:00,1,1,1,0,2026-05-16 14:00:00+08:00,2026-05-16 14:00:00+08:00,,1500.0,REJECTED,local_hour_count_1
data/interim/notebook02_sources/hourly_forecasts/01_19a_hko_ecmwf_single_run_hourly_forecasts.csv,source_target_date_decision_rule_issue_time,2026-05-16,12h_prior,,,2026-05-12 00:00:00+00:00,2026-05-12 00:00:00+00:00,1,1,1,0,2026-05-16 20:00:00+08:00,2026-05-16 20:00:00+08:00,,1500.0,REJECTED,local_hour_count_1
data/interim/notebook02_sources/hourly_forecasts/01_19a_hko_ecmwf_single_run_hourly_forecasts.csv,source_target_date_decision_rule_issue_time,2026-05-17,6h_prior,,,2026-05-12 00:00:00+00:00,2026-05-12 00:00:00+00:00,1,1,1,0,2026-05-17 14:00:00+08:00,2026-05-17 14:00:00+08:00,,1500.0,REJECTED,local_hour_count_1
data/interim/notebook02_sources/hourly_forecasts/01_19a_hko_ecmwf_single_run_hourly_forecasts.csv,source_target_date_decision_rule_issue_time,2026-05-17,12h_prior,,,2026-05-12 00:00:00+00:00,2026-05-12 00:00:00+00:00,1,1,1,0,2026-05-17 20:00:00+08:00,2026-05-17 20:00:00+08:00,,1500.0,REJECTED,local_hour_count_1
data/interim/notebook02_sources/hourly_forecasts/01_19a_hko_ecmwf_single_run_hourly_forecasts.csv,source_target_date_decision_rule_issue_time,2026-05-18,6h_prior,,,2026-05-12 00:00:00+00:00,2026-05-12 00:00:00+00:00,1,1,1,0,2026-05-18 14:00:00+08:00,2026-05-18 14:00:00+08:00,,1500.0,REJECTED,local_hour_count_1
data/interim/notebook02_sources/hourly_forecasts/01_19a_hko_ecmwf_single_run_hourly_forecasts.csv,source_target_date_decision_rule_issue_time,2026-05-18,12h_prior,,,2026-05-12 00:00:00+00:00,2026-05-12 00:00:00+00:00,1,1,1,0,2026-05-18 20:00:00+08:00,2026-05-18 20:00:00+08:00,,1500.0,REJECTED,local_hour_count_1
data/interim/notebook02_sources/hourly_forecasts/01_19a_hko_ecmwf_single_run_hourly_forecasts.csv,source_target_date_decision_rule_issue_time,2026-05-19,6h_prior,,,2026-05-12 00:00:00+00:00,2026-05-12 00:00:00+00:00,1,1,1,0,2026-05-19 14:00:00+08:00,2026-05-19 14:00:00+08:00,,1500.0,REJECTED,local_hour_count_1
data/interim/notebook02_sources/hourly_forecasts/01_19a_hko_ecmwf_single_run_hourly_forecasts.csv,source_target_date_decision_rule_issue_time,2026-05-19,12h_prior,,,2026-05-12 00:00:00+00:00,2026-05-12 00:00:00+00:00,1,1,1,0,2026-05-19 20:00:00+08:00,2026-05-19 20:00:00+08:00,,1500.0,REJECTED,local_hour_count_1
data/interim/notebook02_sources/hourly_forecasts/01_19a_hko_ecmwf_single_run_hourly_forecasts.csv,source_target_date_decision_rule_issue_time,2026-05-20,6h_prior,,,2026-05-12 00:00:00+00:00,2026-05-12 00:00:00+00:00,1,1,1,0,2026-05-20 14:00:00+08:00,2026-05-20 14:00:00+08:00,,1500.0,REJECTED,local_hour_count_1
data/interim/notebook02_sources/hourly_forecasts/01_19a_hko_ecmwf_single_run_hourly_forecasts.csv,source_target_date_decision_rule_issue_time,2026-05-20,12h_prior,,,2026-05-12 00:00:00+00:00,2026-05-12 00:00:00+00:00,1,1,1,0,2026-05-20 20:00:00+08:00,2026-05-20 20:00:00+08:00,,1500.0,REJECTED,local_hour_count_1
data/interim/notebook02_sources/hourly_forecasts/01_19a_hko_ecmwf_single_run_hourly_forecasts.csv,source_target_date_decision_rule_issue_time,2026-05-21,6h_prior,,,2026-05-12 00:00:00+00:00,2026-05-12 00:00:00+00:00,1,1,1,0,2026-05-21 14:00:00+08:00,2026-05-21 14:00:00+08:00,,1500.0,REJECTED,local_hour_count_1
data/interim/notebook02_sources/hourly_forecasts/01_19a_hko_ecmwf_single_run_hourly_forecasts.csv,source_target_date_decision_rule_issue_time,2026-05-21,12h_prior,,,2026-05-12 00:00:00+00:00,2026-05-12 00:00:00+00:00,1,1,1,0,2026-05-21 20:00:00+08:00,2026-05-21 20:00:00+08:00,,1500.0,REJECTED,local_hour_count_1
data/interim/notebook02_sources/hourly_forecasts/01_19a_hko_ecmwf_single_run_hourly_forecasts.csv,source_target_date_decision_rule_issue_time,2026-05-22,6h_prior,,,2026-05-12 00:00:00+00:00,2026-05-12 00:00:00+00:00,1,1,1,0,2026-05-22 14:00:00+08:00,2026-05-22 14:00:00+08:00,,1500.0,REJECTED,local_hour_count_1
data/interim/notebook02_sources/hourly_forecasts/01_19a_hko_ecmwf_single_run_hourly_forecasts.csv,source_target_date_decision_rule_issue_time,2026-05-13,6h_prior,,,2026-05-12 06:00:00+00:00,2026-05-12 06:00:00+00:00,1,1,1,0,2026-05-13 14:00:00+08:00,2026-05-13 14:00:00+08:00,,1500.0,REJECTED,local_hour_count_1
data/interim/notebook02_sources/hourly_forecasts/01_19a_hko_ecmwf_single_run_hourly_forecasts.csv,source_target_date_decision_rule_issue_time,2026-05-13,12h_prior,,,2026-05-12 06:00:00+00:00,2026-05-12 06:00:00+00:00,1,1,1,0,2026-05-13 20:00:00+08:00,2026-05-13 20:00:00+08:00,,1500.0,REJECTED,local_hour_count_1
data/interim/notebook02_sources/hourly_forecasts/01_19a_hko_ecmwf_single_run_hourly_forecasts.csv,source_target_date_decision_rule_issue_time,2026-05-14,6h_prior,,,2026-05-12 06:00:00+00:00,2026-05-12 06:00:00+00:00,1,1,1,0,2026-05-14 14:00:00+08:00,2026-05-14 14:00:00+08:00,,1500.0,REJECTED,local_hour_count_1
data/interim/notebook02_sources/hourly_forecasts/01_19a_hko_ecmwf_single_run_hourly_forecasts.csv,source_target_date_decision_rule_issue_time,2026-05-14,12h_prior,,,2026-05-12 06:00:00+00:00,2026-05-12 06:00:00+00:00,1,1,1,0,2026-05-14 20:00:00+08:00,2026-05-14 20:00:00+08:00,,1500.0,REJECTED,local_hour_count_1
data/interim/notebook02_sources/hourly_forecasts/01_19a_hko_ecmwf_single_run_hourly_forecasts.csv,source_target_date_decision_rule_issue_time,2026-05-15,6h_prior,,,2026-05-12 06:00:00+00:00,2026-05-12 06:00:00+00:00,1,1,1,0,2026-05-15 14:00:00+08:00,2026-05-15 14:00:00+08:00,,1500.0,REJECTED,local_hour_count_1
data/interim/notebook02_sources/hourly_forecasts/01_19a_hko_ecmwf_single_run_hourly_forecasts.csv,source_target_date_decision_rule_issue_time,2026-05-15,12h_prior,,,2026-05-12 06:00:00+00:00,2026-05-12 06:00:00+00:00,1,1,1,0,2026-05-15 20:00:00+08:00,2026-05-15 20:00:00+08:00,,1500.0,REJECTED,local_hour_count_1
data/interim/notebook02_sources/hourly_forecasts/01_19a_hko_ecmwf_single_run_hourly_forecasts.csv,source_target_date_decision_rule_issue_time,2026-05-16,6h_prior,,,2026-05-12 06:00:00+00:00,2026-05-12 06:00:00+00:00,1,1,1,0,2026-05-16 14:00:00+08:00,2026-05-16 14:00:00+08:00,,1500.0,REJECTED,local_hour_count_1
data/interim/notebook02_sources/hourly_forecasts/01_19a_hko_ecmwf_single_run_hourly_forecasts.csv,source_target_date_decision_rule_issue_time,2026-05-16,12h_prior,,,2026-05-12 06:00:00+00:00,2026-05-12 06:00:00+00:00,1,1,1,0,2026-05-16 20:00:00+08:00,2026-05-16 20:00:00+08:00,,1500.0,REJECTED,local_hour_count_1
data/interim/notebook02_sources/hourly_forecasts/01_19a_hko_ecmwf_single_run_hourly_forecasts.csv,source_target_date_decision_rule_issue_time,2026-05-17,6h_prior,,,2026-05-12 06:00:00+00:00,2026-05-12 06:00:00+00:00,1,1,1,0,2026-05-17 14:00:00+08:00,2026-05-17 14:00:00+08:00,,1500.0,REJECTED,local_hour_count_1
data/interim/notebook02_sources/hourly_forecasts/01_19a_hko_ecmwf_single_run_hourly_forecasts.csv,source_target_date_decision_rule_issue_time,2026-05-17,12h_prior,,,2026-05-12 06:00:00+00:00,2026-05-12 06:00:00+00:00,1,1,1,0,2026-05-17 20:00:00+08:00,2026-05-17 20:00:00+08:00,,1500.0,REJECTED,local_hour_count_1
data/interim/notebook02_sources/hourly_forecasts/01_19a_hko_ecmwf_single_run_hourly_forecasts.csv,source_target_date_decision_rule_issue_time,2026-05-18,6h_prior,,,2026-05-12 06:00:00+00:00,2026-05-12 06:00:00+00:00,1,1,1,0,2026-05-18 14:00:00+08:00,2026-05-18 14:00:00+08:00,,1500.0,REJECTED,local_hour_count_1
data/interim/notebook02_sources/hourly_forecasts/01_19a_hko_ecmwf_single_run_hourly_forecasts.csv,source_target_date_decision_rule_issue_time,2026-05-18,12h_prior,,,2026-05-12 06:00:00+00:00,2026-05-12 06:00:00+00:00,1,1,1,0,2026-05-18 20:00:00+08:00,2026-05-18 20:00:00+08:00,,1500.0,REJECTED,local_hour_count_1
data/interim/notebook02_sources/hourly_forecasts/01_19a_hko_ecmwf_single_run_hourly_forecasts.csv,source_target_date_decision_rule_issue_time,2026-05-13,6h_prior,,,2026-05-12 18:00:00+00:00,2026-05-12 18:00:00+00:00,1,1,1,0,2026-05-13 14:00:00+08:00,2026-05-13 14:00:00+08:00,,1500.0,REJECTED,local_hour_count_1
data/interim/notebook02_sources/hourly_forecasts/01_19a_hko_ecmwf_single_run_hourly_forecasts.csv,source_target_date_decision_rule_issue_time,2026-05-13,12h_prior,,,2026-05-12 18:00:00+00:00,2026-05-12 18:00:00+00:00,1,1,1,0,2026-05-13 20:00:00+08:00,2026-05-13 20:00:00+08:00,,1500.0,REJECTED,local_hour_count_1
data/interim/notebook02_sources/hourly_forecasts/01_19a_hko_ecmwf_single_run_hourly_forecasts.csv,source_target_date_decision_rule_issue_time,2026-05-14,6h_prior,,,2026-05-12 18:00:00+00:00,2026-05-12 18:00:00+00:00,1,1,1,0,2026-05-14 14:00:00+08:00,2026-05-14 14:00:00+08:00,,1500.0,REJECTED,local_hour_count_1
data/interim/notebook02_sources/hourly_forecasts/01_19a_hko_ecmwf_single_run_hourly_forecasts.csv,source_target_date_decision_rule_issue_time,2026-05-14,12h_prior,,,2026-05-12 18:00:00+00:00,2026-05-12 18:00:00+00:00,1,1,1,0,2026-05-14 20:00:00+08:00,2026-05-14 20:00:00+08:00,,1500.0,REJECTED,local_hour_count_1
data/interim/notebook02_sources/hourly_forecasts/01_19a_hko_ecmwf_single_run_hourly_forecasts.csv,source_target_date_decision_rule_issue_time,2026-05-15,6h_prior,,,2026-05-12 18:00:00+00:00,2026-05-12 18:00:00+00:00,1,1,1,0,2026-05-15 14:00:00+08:00,2026-05-15 14:00:00+08:00,,1500.0,REJECTED,local_hour_count_1
data/interim/notebook02_sources/hourly_forecasts/01_19a_hko_ecmwf_single_run_hourly_forecasts.csv,source_target_date_decision_rule_issue_time,2026-05-15,12h_prior,,,2026-05-12 18:00:00+00:00,2026-05-12 18:00:00+00:00,1,1,1,0,2026-05-15 20:00:00+08:00,2026-05-15 20:00:00+08:00,,1500.0,REJECTED,local_hour_count_1
data/interim/notebook02_sources/hourly_forecasts/01_19a_hko_ecmwf_single_run_hourly_forecasts.csv,source_target_date_decision_rule_issue_time,2026-05-16,6h_prior,,,2026-05-12 18:00:00+00:00,2026-05-12 18:00:00+00:00,1,1,1,0,2026-05-16 14:00:00+08:00,2026-05-16 14:00:00+08:00,,1500.0,REJECTED,local_hour_count_1
data/interim/notebook02_sources/hourly_forecasts/01_19a_hko_ecmwf_single_run_hourly_forecasts.csv,source_target_date_decision_rule_issue_time,2026-05-16,12h_prior,,,2026-05-12 18:00:00+00:00,2026-05-12 18:00:00+00:00,1,1,1,0,2026-05-16 20:00:00+08:00,2026-05-16 20:00:00+08:00,,1500.0,REJECTED,local_hour_count_1
data/interim/notebook02_sources/hourly_forecasts/01_19a_hko_ecmwf_single_run_hourly_forecasts.csv,source_target_date_decision_rule_issue_time,2026-05-17,6h_prior,,,2026-05-12 18:00:00+00:00,2026-05-12 18:00:00+00:00,1,1,1,0,2026-05-17 14:00:00+08:00,2026-05-17 14:00:00+08:00,,1500.0,REJECTED,local_hour_count_1
data/interim/notebook02_sources/hourly_forecasts/01_19a_hko_ecmwf_single_run_hourly_forecasts.csv,source_target_date_decision_rule_issue_time,2026-05-17,12h_prior,,,2026-05-12 18:00:00+00:00,2026-05-12 18:00:00+00:00,1,1,1,0,2026-05-17 20:00:00+08:00,2026-05-17 20:00:00+08:00,,1500.0,REJECTED,local_hour_count_1
data/interim/notebook02_sources/hourly_forecasts/01_19a_hko_ecmwf_single_run_hourly_forecasts.csv,source_target_date_decision_rule_issue_time,2026-05-18,6h_prior,,,2026-05-12 18:00:00+00:00,2026-05-12 18:00:00+00:00,1,1,1,0,2026-05-18 14:00:00+08:00,2026-05-18 14:00:00+08:00,,1500.0,REJECTED,local_hour_count_1
data/interim/notebook02_sources/hourly_forecasts/01_19a_hko_ecmwf_single_run_hourly_forecasts.csv,source_target_date_decision_rule_issue_time,2026-05-18,12h_prior,,,2026-05-12 18:00:00+00:00,2026-05-12 18:00:00+00:00,1,1,1,0,2026-05-18 20:00:00+08:00,2026-05-18 20:00:00+08:00,,1500.0,REJECTED,local_hour_count_1
data/interim/notebook02_sources/hourly_forecasts/01_19a_hko_ecmwf_single_run_hourly_forecasts.csv,source_target_date_decision_rule_issue_time,2026-05-13,12h_prior,,,2026-05-13 00:00:00+00:00,2026-05-13 00:00:00+00:00,1,1,1,0,2026-05-13 20:00:00+08:00,2026-05-13 20:00:00+08:00,,1500.0,REJECTED,local_hour_count_1
data/interim/notebook02_sources/hourly_forecasts/01_19a_hko_ecmwf_single_run_hourly_forecasts.csv,source_target_date_decision_rule_issue_time,2026-05-14,6h_prior,,,2026-05-13 00:00:00+00:00,2026-05-13 00:00:00+00:00,1,1,1,0,2026-05-14 14:00:00+08:00,2026-05-14 14:00:00+08:00,,1500.0,REJECTED,local_hour_count_1
data/interim/notebook02_sources/hourly_forecasts/01_19a_hko_ecmwf_single_run_hourly_forecasts.csv,source_target_date_decision_rule_issue_time,2026-05-14,12h_prior,,,2026-05-13 00:00:00+00:00,2026-05-13 00:00:00+00:00,1,1,1,0,2026-05-14 20:00:00+08:00,2026-05-14 20:00:00+08:00,,1500.0,REJECTED,local_hour_count_1
data/interim/notebook02_sources/hourly_forecasts/01_19a_hko_ecmwf_single_run_hourly_forecasts.csv,source_target_date_decision_rule_issue_time,2026-05-15,6h_prior,,,2026-05-13 00:00:00+00:00,2026-05-13 00:00:00+00:00,1,1,1,0,2026-05-15 14:00:00+08:00,2026-05-15 14:00:00+08:00,,1500.0,REJECTED,local_hour_count_1
data/interim/notebook02_sources/hourly_forecasts/01_19a_hko_ecmwf_single_run_hourly_forecasts.csv,source_target_date_decision_rule_issue_time,2026-05-15,12h_prior,,,2026-05-13 00:00:00+00:00,2026-05-13 00:00:00+00:00,1,1,1,0,2026-05-15 20:00:00+08:00,2026-05-15 20:00:00+08:00,,1500.0,REJECTED,local_hour_count_1
data/interim/notebook02_sources/hourly_forecasts/01_19a_hko_ecmwf_single_run_hourly_forecasts.csv,source_target_date_decision_rule_issue_time,2026-05-16,6h_prior,,,2026-05-13 00:00:00+00:00,2026-05-13 00:00:00+00:00,1,1,1,0,2026-05-16 14:00:00+08:00,2026-05-16 14:00:00+08:00,,1500.0,REJECTED,local_hour_count_1
data/interim/notebook02_sources/hourly_forecasts/01_19a_hko_ecmwf_single_run_hourly_forecasts.csv,source_target_date_decision_rule_issue_time,2026-05-16,12h_prior,,,2026-05-13 00:00:00+00:00,2026-05-13 00:00:00+00:00,1,1,1,0,2026-05-16 20:00:00+08:00,2026-05-16 20:00:00+08:00,,1500.0,REJECTED,local_hour_count_1
data/interim/notebook02_sources/hourly_forecasts/01_19a_hko_ecmwf_single_run_hourly_forecasts.csv,source_target_date_decision_rule_issue_time,2026-05-17,6h_prior,,,2026-05-13 00:00:00+00:00,2026-05-13 00:00:00+00:00,1,1,1,0,2026-05-17 14:00:00+08:00,2026-05-17 14:00:00+08:00,,1500.0,REJECTED,local_hour_count_1
data/interim/notebook02_sources/hourly_forecasts/01_19a_hko_ecmwf_single_run_hourly_forecasts.csv,source_target_date_decision_rule_issue_time,2026-05-17,12h_prior,,,2026-05-13 00:00:00+00:00,2026-05-13 00:00:00+00:00,1,1,1,0,2026-05-17 20:00:00+08:00,2026-05-17 20:00:00+08:00,,1500.0,REJECTED,local_hour_count_1
data/interim/notebook02_sources/hourly_forecasts/01_19a_hko_ecmwf_single_run_hourly_forecasts.csv,source_target_date_decision_rule_issue_time,2026-05-18,6h_prior,,,2026-05-13 00:00:00+00:00,2026-05-13 00:00:00+00:00,1,1,1,0,2026-05-18 14:00:00+08:00,2026-05-18 14:00:00+08:00,,1500.0,REJECTED,local_hour_count_1
data/interim/notebook02_sources/hourly_forecasts/01_19a_hko_ecmwf_single_run_hourly_forecasts.csv,source_target_date_decision_rule_issue_time,2026-05-18,12h_prior,,,2026-05-13 00:00:00+00:00,2026-05-13 00:00:00+00:00,1,1,1,0,2026-05-18 20:00:00+08:00,2026-05-18 20:00:00+08:00,,1500.0,REJECTED,local_hour_count_1
data/interim/notebook02_sources/hourly_forecasts/01_19a_hko_ecmwf_single_run_hourly_forecasts.csv,source_target_date_decision_rule_issue_time,2026-05-19,6h_prior,,,2026-05-13 00:00:00+00:00,2026-05-13 00:00:00+00:00,1,1,1,0,2026-05-19 14:00:00+08:00,2026-05-19 14:00:00+08:00,,1500.0,REJECTED,local_hour_count_1
data/interim/notebook02_sources/hourly_forecasts/01_19a_hko_ecmwf_single_run_hourly_forecasts.csv,source_target_date_decision_rule_issue_time,2026-05-19,12h_prior,,,2026-05-13 00:00:00+00:00,2026-05-13 00:00:00+00:00,1,1,1,0,2026-05-19 20:00:00+08:00,2026-05-19 20:00:00+08:00,,1500.0,REJECTED,local_hour_count_1
data/interim/notebook02_sources/hourly_forecasts/01_19a_hko_ecmwf_single_run_hourly_forecasts.csv,source_target_date_decision_rule_issue_time,2026-05-20,6h_prior,,,2026-05-13 00:00:00+00:00,2026-05-13 00:00:00+00:00,1,1,1,0,2026-05-20 14:00:00+08:00,2026-05-20 14:00:00+08:00,,1500.0,REJECTED,local_hour_count_1
data/interim/notebook02_sources/hourly_forecasts/01_19a_hko_ecmwf_single_run_hourly_forecasts.csv,source_target_date_decision_rule_issue_time,2026-05-20,12h_prior,,,2026-05-13 00:00:00+00:00,2026-05-13 00:00:00+00:00,1,1,1,0,2026-05-20 20:00:00+08:00,2026-05-20 20:00:00+08:00,,1500.0,REJECTED,local_hour_count_1
data/interim/notebook02_sources/hourly_forecasts/01_19a_hko_ecmwf_single_run_hourly_forecasts.csv,source_target_date_decision_rule_issue_time,2026-05-21,6h_prior,,,2026-05-13 00:00:00+00:00,2026-05-13 00:00:00+00:00,1,1,1,0,2026-05-21 14:00:00+08:00,2026-05-21 14:00:00+08:00,,1500.0,REJECTED,local_hour_count_1
data/interim/notebook02_sources/hourly_forecasts/01_19a_hko_ecmwf_single_run_hourly_forecasts.csv,source_target_date_decision_rule_issue_time,2026-05-21,12h_prior,,,2026-05-13 00:00:00+00:00,2026-05-13 00:00:00+00:00,1,1,1,0,2026-05-21 20:00:00+08:00,2026-05-21 20:00:00+08:00,,1500.0,REJECTED,local_hour_count_1
data/interim/notebook02_sources/hourly_forecasts/01_19a_hko_ecmwf_single_run_hourly_forecasts.csv,source_target_date_decision_rule_issue_time,2026-05-22,6h_prior,,,2026-05-13 00:00:00+00:00,2026-05-13 00:00:00+00:00,1,1,1,0,2026-05-22 14:00:00+08:00,2026-05-22 14:00:00+08:00,,1500.0,REJECTED,local_hour_count_1
data/interim/notebook02_sources/hourly_forecasts/01_19a_hko_ecmwf_single_run_hourly_forecasts.csv,source_target_date_decision_rule_issue_time,2026-05-22,12h_prior,,,2026-05-13 00:00:00+00:00,2026-05-13 00:00:00+00:00,1,1,1,0,2026-05-22 20:00:00+08:00,2026-05-22 20:00:00+08:00,,1500.0,REJECTED,local_hour_count_1
data/interim/notebook02_sources/hourly_forecasts/01_19a_hko_ecmwf_single_run_hourly_forecasts.csv,source_target_date_decision_rule_issue_time,2026-05-23,6h_prior,,,2026-05-13 00:00:00+00:00,2026-05-13 00:00:00+00:00,1,1,1,0,2026-05-23 14:00:00+08:00,2026-05-23 14:00:00+08:00,,1500.0,REJECTED,local_hour_count_1
data/interim/notebook02_sources/hourly_forecasts/01_19a_hko_ecmwf_single_run_hourly_forecasts.csv,source_target_date_decision_rule_issue_time,2026-05-14,6h_prior,,,2026-05-13 06:00:00+00:00,2026-05-13 06:00:00+00:00,1,1,1,0,2026-05-14 14:00:00+08:00,2026-05-14 14:00:00+08:00,,1500.0,REJECTED,local_hour_count_1
data/interim/notebook02_sources/hourly_forecasts/01_19a_hko_ecmwf_single_run_hourly_forecasts.csv,source_target_date_decision_rule_issue_time,2026-05-14,12h_prior,,,2026-05-13 06:00:00+00:00,2026-05-13 06:00:00+00:00,1,1,1,0,2026-05-14 20:00:00+08:00,2026-05-14 20:00:00+08:00,,1500.0,REJECTED,local_hour_count_1
data/interim/notebook02_sources/hourly_forecasts/01_19a_hko_ecmwf_single_run_hourly_forecasts.csv,source_target_date_decision_rule_issue_time,2026-05-15,6h_prior,,,2026-05-13 06:00:00+00:00,2026-05-13 06:00:00+00:00,1,1,1,0,2026-05-15 14:00:00+08:00,2026-05-15 14:00:00+08:00,,1500.0,REJECTED,local_hour_count_1
data/interim/notebook02_sources/hourly_forecasts/01_19a_hko_ecmwf_single_run_hourly_forecasts.csv,source_target_date_decision_rule_issue_time,2026-05-15,12h_prior,,,2026-05-13 06:00:00+00:00,2026-05-13 06:00:00+00:00,1,1,1,0,2026-05-15 20:00:00+08:00,2026-05-15 20:00:00+08:00,,1500.0,REJECTED,local_hour_count_1
data/interim/notebook02_sources/hourly_forecasts/01_19a_hko_ecmwf_single_run_hourly_forecasts.csv,source_target_date_decision_rule_issue_time,2026-05-16,6h_prior,,,2026-05-13 06:00:00+00:00,2026-05-13 06:00:00+00:00,1,1,1,0,2026-05-16 14:00:00+08:00,2026-05-16 14:00:00+08:00,,1500.0,REJECTED,local_hour_count_1
data/interim/notebook02_sources/hourly_forecasts/01_19a_hko_ecmwf_single_run_hourly_forecasts.csv,source_target_date_decision_rule_issue_time,2026-05-16,12h_prior,,,2026-05-13 06:00:00+00:00,2026-05-13 06:00:00+00:00,1,1,1,0,2026-05-16 20:00:00+08:00,2026-05-16 20:00:00+08:00,,1500.0,REJECTED,local_hour_count_1
data/interim/notebook02_sources/hourly_forecasts/01_19a_hko_ecmwf_single_run_hourly_forecasts.csv,source_target_date_decision_rule_issue_time,2026-05-17,6h_prior,,,2026-05-13 06:00:00+00:00,2026-05-13 06:00:00+00:00,1,1,1,0,2026-05-17 14:00:00+08:00,2026-05-17 14:00:00+08:00,,1500.0,REJECTED,local_hour_count_1
data/interim/notebook02_sources/hourly_forecasts/01_19a_hko_ecmwf_single_run_hourly_forecasts.csv,source_target_date_decision_rule_issue_time,2026-05-17,12h_prior,,,2026-05-13 06:00:00+00:00,2026-05-13 06:00:00+00:00,1,1,1,0,2026-05-17 20:00:00+08:00,2026-05-17 20:00:00+08:00,,1500.0,REJECTED,local_hour_count_1
data/interim/notebook02_sources/hourly_forecasts/01_19a_hko_ecmwf_single_run_hourly_forecasts.csv,source_target_date_decision_rule_issue_time,2026-05-18,6h_prior,,,2026-05-13 06:00:00+00:00,2026-05-13 06:00:00+00:00,1,1,1,0,2026-05-18 14:00:00+08:00,2026-05-18 14:00:00+08:00,,1500.0,REJECTED,local_hour_count_1
data/interim/notebook02_sources/hourly_forecasts/01_19a_hko_ecmwf_single_run_hourly_forecasts.csv,source_target_date_decision_rule_issue_time,2026-05-18,12h_prior,,,2026-05-13 06:00:00+00:00,2026-05-13 06:00:00+00:00,1,1,1,0,2026-05-18 20:00:00+08:00,2026-05-18 20:00:00+08:00,,1500.0,REJECTED,local_hour_count_1
data/interim/notebook02_sources/hourly_forecasts/01_19a_hko_ecmwf_single_run_hourly_forecasts.csv,source_target_date_decision_rule_issue_time,2026-05-19,6h_prior,,,2026-05-13 06:00:00+00:00,2026-05-13 06:00:00+00:00,1,1,1,0,2026-05-19 14:00:00+08:00,2026-05-19 14:00:00+08:00,,1500.0,REJECTED,local_hour_count_1
data/interim/notebook02_sources/hourly_forecasts/01_19a_hko_ecmwf_single_run_hourly_forecasts.csv,source_target_date_decision_rule_issue_time,2026-05-19,12h_prior,,,2026-05-13 06:00:00+00:00,2026-05-13 06:00:00+00:00,1,1,1,0,2026-05-19 20:00:00+08:00,2026-05-19 20:00:00+08:00,,1500.0,REJECTED,local_hour_count_1
data/interim/notebook02_sources/hourly_forecasts/01_19a_hko_ecmwf_single_run_hourly_forecasts.csv,source_target_date_decision_rule_issue_time,2026-05-14,6h_prior,,,2026-05-13 18:00:00+00:00,2026-05-13 18:00:00+00:00,1,1,1,0,2026-05-14 14:00:00+08:00,2026-05-14 14:00:00+08:00,,1500.0,REJECTED,local_hour_count_1
data/interim/notebook02_sources/hourly_forecasts/01_19a_hko_ecmwf_single_run_hourly_forecasts.csv,source_target_date_decision_rule_issue_time,2026-05-14,12h_prior,,,2026-05-13 18:00:00+00:00,2026-05-13 18:00:00+00:00,1,1,1,0,2026-05-14 20:00:00+08:00,2026-05-14 20:00:00+08:00,,1500.0,REJECTED,local_hour_count_1
data/interim/notebook02_sources/hourly_forecasts/01_19a_hko_ecmwf_single_run_hourly_forecasts.csv,source_target_date_decision_rule_issue_time,2026-05-15,6h_prior,,,2026-05-13 18:00:00+00:00,2026-05-13 18:00:00+00:00,1,1,1,0,2026-05-15 14:00:00+08:00,2026-05-15 14:00:00+08:00,,1500.0,REJECTED,local_hour_count_1
data/interim/notebook02_sources/hourly_forecasts/01_19a_hko_ecmwf_single_run_hourly_forecasts.csv,source_target_date_decision_rule_issue_time,2026-05-15,12h_prior,,,2026-05-13 18:00:00+00:00,2026-05-13 18:00:00+00:00,1,1,1,0,2026-05-15 20:00:00+08:00,2026-05-15 20:00:00+08:00,,1500.0,REJECTED,local_hour_count_1
data/interim/notebook02_sources/hourly_forecasts/01_19a_hko_ecmwf_single_run_hourly_forecasts.csv,source_target_date_decision_rule_issue_time,2026-05-16,6h_prior,,,2026-05-13 18:00:00+00:00,2026-05-13 18:00:00+00:00,1,1,1,0,2026-05-16 14:00:00+08:00,2026-05-16 14:00:00+08:00,,1500.0,REJECTED,local_hour_count_1
data/interim/notebook02_sources/hourly_forecasts/01_19a_hko_ecmwf_single_run_hourly_forecasts.csv,source_target_date_decision_rule_issue_time,2026-05-16,12h_prior,,,2026-05-13 18:00:00+00:00,2026-05-13 18:00:00+00:00,1,1,1,0,2026-05-16 20:00:00+08:00,2026-05-16 20:00:00+08:00,,1500.0,REJECTED,local_hour_count_1
data/interim/notebook02_sources/hourly_forecasts/01_19a_hko_ecmwf_single_run_hourly_forecasts.csv,source_target_date_decision_rule_issue_time,2026-05-17,6h_prior,,,2026-05-13 18:00:00+00:00,2026-05-13 18:00:00+00:00,1,1,1,0,2026-05-17 14:00:00+08:00,2026-05-17 14:00:00+08:00,,1500.0,REJECTED,local_hour_count_1
data/interim/notebook02_sources/hourly_forecasts/01_19a_hko_ecmwf_single_run_hourly_forecasts.csv,source_target_date_decision_rule_issue_time,2026-05-17,12h_prior,,,2026-05-13 18:00:00+00:00,2026-05-13 18:00:00+00:00,1,1,1,0,2026-05-17 20:00:00+08:00,2026-05-17 20:00:00+08:00,,1500.0,REJECTED,local_hour_count_1
data/interim/notebook02_sources/hourly_forecasts/01_19a_hko_ecmwf_single_run_hourly_forecasts.csv,source_target_date_decision_rule_issue_time,2026-05-18,6h_prior,,,2026-05-13 18:00:00+00:00,2026-05-13 18:00:00+00:00,1,1,1,0,2026-05-18 14:00:00+08:00,2026-05-18 14:00:00+08:00,,1500.0,REJECTED,local_hour_count_1
data/interim/notebook02_sources/hourly_forecasts/01_19a_hko_ecmwf_single_run_hourly_forecasts.csv,source_target_date_decision_rule_issue_time,2026-05-18,12h_prior,,,2026-05-13 18:00:00+00:00,2026-05-13 18:00:00+00:00,1,1,1,0,2026-05-18 20:00:00+08:00,2026-05-18 20:00:00+08:00,,1500.0,REJECTED,local_hour_count_1
data/interim/notebook02_sources/hourly_forecasts/01_19a_hko_ecmwf_single_run_hourly_forecasts.csv,source_target_date_decision_rule_issue_time,2026-05-19,6h_prior,,,2026-05-13 18:00:00+00:00,2026-05-13 18:00:00+00:00,1,1,1,0,2026-05-19 14:00:00+08:00,2026-05-19 14:00:00+08:00,,1500.0,REJECTED,local_hour_count_1
data/interim/notebook02_sources/hourly_forecasts/01_19a_hko_ecmwf_single_run_hourly_forecasts.csv,source_target_date_decision_rule_issue_time,2026-05-19,12h_prior,,,2026-05-13 18:00:00+00:00,2026-05-13 18:00:00+00:00,1,1,1,0,2026-05-19 20:00:00+08:00,2026-05-19 20:00:00+08:00,,1500.0,REJECTED,local_hour_count_1
data/interim/notebook02_sources/hourly_forecasts/01_19a_hko_ecmwf_single_run_hourly_forecasts.csv,source_target_date_decision_rule_issue_time,2026-05-14,12h_prior,,,2026-05-14 00:00:00+00:00,2026-05-14 00:00:00+00:00,1,1,1,0,2026-05-14 20:00:00+08:00,2026-05-14 20:00:00+08:00,,1500.0,REJECTED,local_hour_count_1
data/interim/notebook02_sources/hourly_forecasts/01_19a_hko_ecmwf_single_run_hourly_forecasts.csv,source_target_date_decision_rule_issue_time,2026-05-15,6h_prior,,,2026-05-14 00:00:00+00:00,2026-05-14 00:00:00+00:00,1,1,1,0,2026-05-15 14:00:00+08:00,2026-05-15 14:00:00+08:00,,1500.0,REJECTED,local_hour_count_1
data/interim/notebook02_sources/hourly_forecasts/01_19a_hko_ecmwf_single_run_hourly_forecasts.csv,source_target_date_decision_rule_issue_time,2026-05-15,12h_prior,,,2026-05-14 00:00:00+00:00,2026-05-14 00:00:00+00:00,1,1,1,0,2026-05-15 20:00:00+08:00,2026-05-15 20:00:00+08:00,,1500.0,REJECTED,local_hour_count_1
data/interim/notebook02_sources/hourly_forecasts/01_19a_hko_ecmwf_single_run_hourly_forecasts.csv,source_target_date_decision_rule_issue_time,2026-05-16,6h_prior,,,2026-05-14 00:00:00+00:00,2026-05-14 00:00:00+00:00,1,1,1,0,2026-05-16 14:00:00+08:00,2026-05-16 14:00:00+08:00,,1500.0,REJECTED,local_hour_count_1
data/interim/notebook02_sources/hourly_forecasts/01_19a_hko_ecmwf_single_run_hourly_forecasts.csv,source_target_date_decision_rule_issue_time,2026-05-16,12h_prior,,,2026-05-14 00:00:00+00:00,2026-05-14 00:00:00+00:00,1,1,1,0,2026-05-16 20:00:00+08:00,2026-05-16 20:00:00+08:00,,1500.0,REJECTED,local_hour_count_1
data/interim/notebook02_sources/hourly_forecasts/01_19a_hko_ecmwf_single_run_hourly_forecasts.csv,source_target_date_decision_rule_issue_time,2026-05-17,6h_prior,,,2026-05-14 00:00:00+00:00,2026-05-14 00:00:00+00:00,1,1,1,0,2026-05-17 14:00:00+08:00,2026-05-17 14:00:00+08:00,,1500.0,REJECTED,local_hour_count_1
data/interim/notebook02_sources/hourly_forecasts/01_19a_hko_ecmwf_single_run_hourly_forecasts.csv,source_target_date_decision_rule_issue_time,2026-05-17,12h_prior,,,2026-05-14 00:00:00+00:00,2026-05-14 00:00:00+00:00,1,1,1,0,2026-05-17 20:00:00+08:00,2026-05-17 20:00:00+08:00,,1500.0,REJECTED,local_hour_count_1
data/interim/notebook02_sources/hourly_forecasts/01_19a_hko_ecmwf_single_run_hourly_forecasts.csv,source_target_date_decision_rule_issue_time,2026-05-18,6h_prior,,,2026-05-14 00:00:00+00:00,2026-05-14 00:00:00+00:00,1,1,1,0,2026-05-18 14:00:00+08:00,2026-05-18 14:00:00+08:00,,1500.0,REJECTED,local_hour_count_1
data/interim/notebook02_sources/hourly_forecasts/01_19a_hko_ecmwf_single_run_hourly_forecasts.csv,source_target_date_decision_rule_issue_time,2026-05-18,12h_prior,,,2026-05-14 00:00:00+00:00,2026-05-14 00:00:00+00:00,1,1,1,0,2026-05-18 20:00:00+08:00,2026-05-18 20:00:00+08:00,,1500.0,REJECTED,local_hour_count_1
data/interim/notebook02_sources/hourly_forecasts/01_19a_hko_ecmwf_single_run_hourly_forecasts.csv,source_target_date_decision_rule_issue_time,2026-05-19,6h_prior,,,2026-05-14 00:00:00+00:00,2026-05-14 00:00:00+00:00,1,1,1,0,2026-05-19 14:00:00+08:00,2026-05-19 14:00:00+08:00,,1500.0,REJECTED,local_hour_count_1
data/interim/notebook02_sources/hourly_forecasts/01_19a_hko_ecmwf_single_run_hourly_forecasts.csv,source_target_date_decision_rule_issue_time,2026-05-19,12h_prior,,,2026-05-14 00:00:00+00:00,2026-05-14 00:00:00+00:00,1,1,1,0,2026-05-19 20:00:00+08:00,2026-05-19 20:00:00+08:00,,1500.0,REJECTED,local_hour_count_1
data/interim/notebook02_sources/hourly_forecasts/01_19a_hko_ecmwf_single_run_hourly_forecasts.csv,source_target_date_decision_rule_issue_time,2026-05-20,6h_prior,,,2026-05-14 00:00:00+00:00,2026-05-14 00:00:00+00:00,1,1,1,0,2026-05-20 14:00:00+08:00,2026-05-20 14:00:00+08:00,,1500.0,REJECTED,local_hour_count_1
data/interim/notebook02_sources/hourly_forecasts/01_19a_hko_ecmwf_single_run_hourly_forecasts.csv,source_target_date_decision_rule_issue_time,2026-05-20,12h_prior,,,2026-05-14 00:00:00+00:00,2026-05-14 00:00:00+00:00,1,1,1,0,2026-05-20 20:00:00+08:00,2026-05-20 20:00:00+08:00,,1500.0,REJECTED,local_hour_count_1
data/interim/notebook02_sources/hourly_forecasts/01_19a_hko_ecmwf_single_run_hourly_forecasts.csv,source_target_date_decision_rule_issue_time,2026-05-21,6h_prior,,,2026-05-14 00:00:00+00:00,2026-05-14 00:00:00+00:00,1,1,1,0,2026-05-21 14:00:00+08:00,2026-05-21 14:00:00+08:00,,1500.0,REJECTED,local_hour_count_1
data/interim/notebook02_sources/hourly_forecasts/01_19a_hko_ecmwf_single_run_hourly_forecasts.csv,source_target_date_decision_rule_issue_time,2026-05-21,12h_prior,,,2026-05-14 00:00:00+00:00,2026-05-14 00:00:00+00:00,1,1,1,0,2026-05-21 20:00:00+08:00,2026-05-21 20:00:00+08:00,,1500.0,REJECTED,local_hour_count_1
data/interim/notebook02_sources/hourly_forecasts/01_19a_hko_ecmwf_single_run_hourly_forecasts.csv,source_target_date_decision_rule_issue_time,2026-05-22,6h_prior,,,2026-05-14 00:00:00+00:00,2026-05-14 00:00:00+00:00,1,1,1,0,2026-05-22 14:00:00+08:00,2026-05-22 14:00:00+08:00,,1500.0,REJECTED,local_hour_count_1
data/interim/notebook02_sources/hourly_forecasts/01_19a_hko_ecmwf_single_run_hourly_forecasts.csv,source_target_date_decision_rule_issue_time,2026-05-22,12h_prior,,,2026-05-14 00:00:00+00:00,2026-05-14 00:00:00+00:00,1,1,1,0,2026-05-22 20:00:00+08:00,2026-05-22 20:00:00+08:00,,1500.0,REJECTED,local_hour_count_1
data/interim/notebook02_sources/hourly_forecasts/01_19a_hko_ecmwf_single_run_hourly_forecasts.csv,source_target_date_decision_rule_issue_time,2026-05-23,6h_prior,,,2026-05-14 00:00:00+00:00,2026-05-14 00:00:00+00:00,1,1,1,0,2026-05-23 14:00:00+08:00,2026-05-23 14:00:00+08:00,,1500.0,REJECTED,local_hour_count_1
data/interim/notebook02_sources/hourly_forecasts/01_19a_hko_ecmwf_single_run_hourly_forecasts.csv,source_target_date_decision_rule_issue_time,2026-05-23,12h_prior,,,2026-05-14 00:00:00+00:00,2026-05-14 00:00:00+00:00,1,1,1,0,2026-05-23 20:00:00+08:00,2026-05-23 20:00:00+08:00,,1500.0,REJECTED,local_hour_count_1
data/interim/notebook02_sources/hourly_forecasts/01_19a_hko_ecmwf_single_run_hourly_forecasts.csv,source_target_date_decision_rule_issue_time,2026-05-24,6h_prior,,,2026-05-14 00:00:00+00:00,2026-05-14 00:00:00+00:00,1,1,1,0,2026-05-24 14:00:00+08:00,2026-05-24 14:00:00+08:00,,1500.0,REJECTED,local_hour_count_1
data/interim/notebook02_sources/hourly_forecasts/01_19a_hko_ecmwf_single_run_hourly_forecasts.csv,source_target_date_decision_rule_issue_time,2026-05-15,6h_prior,,,2026-05-14 06:00:00+00:00,2026-05-14 06:00:00+00:00,1,1,1,0,2026-05-15 14:00:00+08:00,2026-05-15 14:00:00+08:00,,1500.0,REJECTED,local_hour_count_1
data/interim/notebook02_sources/hourly_forecasts/01_19a_hko_ecmwf_single_run_hourly_forecasts.csv,source_target_date_decision_rule_issue_time,2026-05-15,12h_prior,,,2026-05-14 06:00:00+00:00,2026-05-14 06:00:00+00:00,1,1,1,0,2026-05-15 20:00:00+08:00,2026-05-15 20:00:00+08:00,,1500.0,REJECTED,local_hour_count_1
data/interim/notebook02_sources/hourly_forecasts/01_19a_hko_ecmwf_single_run_hourly_forecasts.csv,source_target_date_decision_rule_issue_time,2026-05-16,6h_prior,,,2026-05-14 06:00:00+00:00,2026-05-14 06:00:00+00:00,1,1,1,0,2026-05-16 14:00:00+08:00,2026-05-16 14:00:00+08:00,,1500.0,REJECTED,local_hour_count_1
data/interim/notebook02_sources/hourly_forecasts/01_19a_hko_ecmwf_single_run_hourly_forecasts.csv,source_target_date_decision_rule_issue_time,2026-05-16,12h_prior,,,2026-05-14 06:00:00+00:00,2026-05-14 06:00:00+00:00,1,1,1,0,2026-05-16 20:00:00+08:00,2026-05-16 20:00:00+08:00,,1500.0,REJECTED,local_hour_count_1
data/interim/notebook02_sources/hourly_forecasts/01_19a_hko_ecmwf_single_run_hourly_forecasts.csv,source_target_date_decision_rule_issue_time,2026-05-17,6h_prior,,,2026-05-14 06:00:00+00:00,2026-05-14 06:00:00+00:00,1,1,1,0,2026-05-17 14:00:00+08:00,2026-05-17 14:00:00+08:00,,1500.0,REJECTED,local_hour_count_1
data/interim/notebook02_sources/hourly_forecasts/01_19a_hko_ecmwf_single_run_hourly_forecasts.csv,source_target_date_decision_rule_issue_time,2026-05-17,12h_prior,,,2026-05-14 06:00:00+00:00,2026-05-14 06:00:00+00:00,1,1,1,0,2026-05-17 20:00:00+08:00,2026-05-17 20:00:00+08:00,,1500.0,REJECTED,local_hour_count_1
data/interim/notebook02_sources/hourly_forecasts/01_19a_hko_ecmwf_single_run_hourly_forecasts.csv,source_target_date_decision_rule_issue_time,2026-05-18,6h_prior,,,2026-05-14 06:00:00+00:00,2026-05-14 06:00:00+00:00,1,1,1,0,2026-05-18 14:00:00+08:00,2026-05-18 14:00:00+08:00,,1500.0,REJECTED,local_hour_count_1
data/interim/notebook02_sources/hourly_forecasts/01_19a_hko_ecmwf_single_run_hourly_forecasts.csv,source_target_date_decision_rule_issue_time,2026-05-18,12h_prior,,,2026-05-14 06:00:00+00:00,2026-05-14 06:00:00+00:00,1,1,1,0,2026-05-18 20:00:00+08:00,2026-05-18 20:00:00+08:00,,1500.0,REJECTED,local_hour_count_1
data/interim/notebook02_sources/hourly_forecasts/01_19a_hko_ecmwf_single_run_hourly_forecasts.csv,source_target_date_decision_rule_issue_time,2026-05-19,6h_prior,,,2026-05-14 06:00:00+00:00,2026-05-14 06:00:00+00:00,1,1,1,0,2026-05-19 14:00:00+08:00,2026-05-19 14:00:00+08:00,,1500.0,REJECTED,local_hour_count_1
data/interim/notebook02_sources/hourly_forecasts/01_19a_hko_ecmwf_single_run_hourly_forecasts.csv,source_target_date_decision_rule_issue_time,2026-05-19,12h_prior,,,2026-05-14 06:00:00+00:00,2026-05-14 06:00:00+00:00,1,1,1,0,2026-05-19 20:00:00+08:00,2026-05-19 20:00:00+08:00,,1500.0,REJECTED,local_hour_count_1
data/interim/notebook02_sources/hourly_forecasts/01_19a_hko_ecmwf_single_run_hourly_forecasts.csv,source_target_date_decision_rule_issue_time,2026-05-20,6h_prior,,,2026-05-14 06:00:00+00:00,2026-05-14 06:00:00+00:00,1,1,1,0,2026-05-20 14:00:00+08:00,2026-05-20 14:00:00+08:00,,1500.0,REJECTED,local_hour_count_1
data/interim/notebook02_sources/hourly_forecasts/01_19a_hko_ecmwf_single_run_hourly_forecasts.csv,source_target_date_decision_rule_issue_time,2026-05-20,12h_prior,,,2026-05-14 06:00:00+00:00,2026-05-14 06:00:00+00:00,1,1,1,0,2026-05-20 20:00:00+08:00,2026-05-20 20:00:00+08:00,,1500.0,REJECTED,local_hour_count_1
data/interim/notebook02_sources/hourly_forecasts/01_19a_hko_ecmwf_single_run_hourly_forecasts.csv,source_target_date_decision_rule_issue_time,2026-05-15,6h_prior,,,2026-05-14 18:00:00+00:00,2026-05-14 18:00:00+00:00,1,1,1,0,2026-05-15 14:00:00+08:00,2026-05-15 14:00:00+08:00,,1500.0,REJECTED,local_hour_count_1
data/interim/notebook02_sources/hourly_forecasts/01_19a_hko_ecmwf_single_run_hourly_forecasts.csv,source_target_date_decision_rule_issue_time,2026-05-15,12h_prior,,,2026-05-14 18:00:00+00:00,2026-05-14 18:00:00+00:00,1,1,1,0,2026-05-15 20:00:00+08:00,2026-05-15 20:00:00+08:00,,1500.0,REJECTED,local_hour_count_1
data/interim/notebook02_sources/hourly_forecasts/01_19a_hko_ecmwf_single_run_hourly_forecasts.csv,source_target_date_decision_rule_issue_time,2026-05-16,6h_prior,,,2026-05-14 18:00:00+00:00,2026-05-14 18:00:00+00:00,1,1,1,0,2026-05-16 14:00:00+08:00,2026-05-16 14:00:00+08:00,,1500.0,REJECTED,local_hour_count_1
data/interim/notebook02_sources/hourly_forecasts/01_19a_hko_ecmwf_single_run_hourly_forecasts.csv,source_target_date_decision_rule_issue_time,2026-05-16,12h_prior,,,2026-05-14 18:00:00+00:00,2026-05-14 18:00:00+00:00,1,1,1,0,2026-05-16 20:00:00+08:00,2026-05-16 20:00:00+08:00,,1500.0,REJECTED,local_hour_count_1
data/interim/notebook02_sources/hourly_forecasts/01_19a_hko_ecmwf_single_run_hourly_forecasts.csv,source_target_date_decision_rule_issue_time,2026-05-17,6h_prior,,,2026-05-14 18:00:00+00:00,2026-05-14 18:00:00+00:00,1,1,1,0,2026-05-17 14:00:00+08:00,2026-05-17 14:00:00+08:00,,1500.0,REJECTED,local_hour_count_1
data/interim/notebook02_sources/hourly_forecasts/01_19a_hko_ecmwf_single_run_hourly_forecasts.csv,source_target_date_decision_rule_issue_time,2026-05-17,12h_prior,,,2026-05-14 18:00:00+00:00,2026-05-14 18:00:00+00:00,1,1,1,0,2026-05-17 20:00:00+08:00,2026-05-17 20:00:00+08:00,,1500.0,REJECTED,local_hour_count_1
data/interim/notebook02_sources/hourly_forecasts/01_19a_hko_ecmwf_single_run_hourly_forecasts.csv,source_target_date_decision_rule_issue_time,2026-05-18,6h_prior,,,2026-05-14 18:00:00+00:00,2026-05-14 18:00:00+00:00,1,1,1,0,2026-05-18 14:00:00+08:00,2026-05-18 14:00:00+08:00,,1500.0,REJECTED,local_hour_count_1
data/interim/notebook02_sources/hourly_forecasts/01_19a_hko_ecmwf_single_run_hourly_forecasts.csv,source_target_date_decision_rule_issue_time,2026-05-18,12h_prior,,,2026-05-14 18:00:00+00:00,2026-05-14 18:00:00+00:00,1,1,1,0,2026-05-18 20:00:00+08:00,2026-05-18 20:00:00+08:00,,1500.0,REJECTED,local_hour_count_1
data/interim/notebook02_sources/hourly_forecasts/01_19a_hko_ecmwf_single_run_hourly_forecasts.csv,source_target_date_decision_rule_issue_time,2026-05-19,6h_prior,,,2026-05-14 18:00:00+00:00,2026-05-14 18:00:00+00:00,1,1,1,0,2026-05-19 14:00:00+08:00,2026-05-19 14:00:00+08:00,,1500.0,REJECTED,local_hour_count_1
data/interim/notebook02_sources/hourly_forecasts/01_19a_hko_ecmwf_single_run_hourly_forecasts.csv,source_target_date_decision_rule_issue_time,2026-05-19,12h_prior,,,2026-05-14 18:00:00+00:00,2026-05-14 18:00:00+00:00,1,1,1,0,2026-05-19 20:00:00+08:00,2026-05-19 20:00:00+08:00,,1500.0,REJECTED,local_hour_count_1
data/interim/notebook02_sources/hourly_forecasts/01_19a_hko_ecmwf_single_run_hourly_forecasts.csv,source_target_date_decision_rule_issue_time,2026-05-20,6h_prior,,,2026-05-14 18:00:00+00:00,2026-05-14 18:00:00+00:00,1,1,1,0,2026-05-20 14:00:00+08:00,2026-05-20 14:00:00+08:00,,1500.0,REJECTED,local_hour_count_1
data/interim/notebook02_sources/hourly_forecasts/01_19a_hko_ecmwf_single_run_hourly_forecasts.csv,source_target_date_decision_rule_issue_time,2026-05-20,12h_prior,,,2026-05-14 18:00:00+00:00,2026-05-14 18:00:00+00:00,1,1,1,0,2026-05-20 20:00:00+08:00,2026-05-20 20:00:00+08:00,,1500.0,REJECTED,local_hour_count_1
data/interim/notebook02_sources/hourly_forecasts/01_19a_hko_ecmwf_single_run_hourly_forecasts.csv,source_target_date_decision_rule_issue_time,2026-05-15,12h_prior,,,2026-05-15 00:00:00+00:00,2026-05-15 00:00:00+00:00,1,1,1,0,2026-05-15 20:00:00+08:00,2026-05-15 20:00:00+08:00,,1500.0,REJECTED,local_hour_count_1
data/interim/notebook02_sources/hourly_forecasts/01_19a_hko_ecmwf_single_run_hourly_forecasts.csv,source_target_date_decision_rule_issue_time,2026-05-16,6h_prior,,,2026-05-15 00:00:00+00:00,2026-05-15 00:00:00+00:00,1,1,1,0,2026-05-16 14:00:00+08:00,2026-05-16 14:00:00+08:00,,1500.0,REJECTED,local_hour_count_1
data/interim/notebook02_sources/hourly_forecasts/01_19a_hko_ecmwf_single_run_hourly_forecasts.csv,source_target_date_decision_rule_issue_time,2026-05-16,12h_prior,,,2026-05-15 00:00:00+00:00,2026-05-15 00:00:00+00:00,1,1,1,0,2026-05-16 20:00:00+08:00,2026-05-16 20:00:00+08:00,,1500.0,REJECTED,local_hour_count_1
data/interim/notebook02_sources/hourly_forecasts/01_19a_hko_ecmwf_single_run_hourly_forecasts.csv,source_target_date_decision_rule_issue_time,2026-05-17,6h_prior,,,2026-05-15 00:00:00+00:00,2026-05-15 00:00:00+00:00,1,1,1,0,2026-05-17 14:00:00+08:00,2026-05-17 14:00:00+08:00,,1500.0,REJECTED,local_hour_count_1
data/interim/notebook02_sources/hourly_forecasts/01_19a_hko_ecmwf_single_run_hourly_forecasts.csv,source_target_date_decision_rule_issue_time,2026-05-17,12h_prior,,,2026-05-15 00:00:00+00:00,2026-05-15 00:00:00+00:00,1,1,1,0,2026-05-17 20:00:00+08:00,2026-05-17 20:00:00+08:00,,1500.0,REJECTED,local_hour_count_1
data/interim/notebook02_sources/hourly_forecasts/01_19a_hko_ecmwf_single_run_hourly_forecasts.csv,source_target_date_decision_rule_issue_time,2026-05-18,6h_prior,,,2026-05-15 00:00:00+00:00,2026-05-15 00:00:00+00:00,1,1,1,0,2026-05-18 14:00:00+08:00,2026-05-18 14:00:00+08:00,,1500.0,REJECTED,local_hour_count_1
data/interim/notebook02_sources/hourly_forecasts/01_19a_hko_ecmwf_single_run_hourly_forecasts.csv,source_target_date_decision_rule_issue_time,2026-05-18,12h_prior,,,2026-05-15 00:00:00+00:00,2026-05-15 00:00:00+00:00,1,1,1,0,2026-05-18 20:00:00+08:00,2026-05-18 20:00:00+08:00,,1500.0,REJECTED,local_hour_count_1
data/interim/notebook02_sources/hourly_forecasts/01_19a_hko_ecmwf_single_run_hourly_forecasts.csv,source_target_date_decision_rule_issue_time,2026-05-19,6h_prior,,,2026-05-15 00:00:00+00:00,2026-05-15 00:00:00+00:00,1,1,1,0,2026-05-19 14:00:00+08:00,2026-05-19 14:00:00+08:00,,1500.0,REJECTED,local_hour_count_1
data/interim/notebook02_sources/hourly_forecasts/01_19a_hko_ecmwf_single_run_hourly_forecasts.csv,source_target_date_decision_rule_issue_time,2026-05-19,12h_prior,,,2026-05-15 00:00:00+00:00,2026-05-15 00:00:00+00:00,1,1,1,0,2026-05-19 20:00:00+08:00,2026-05-19 20:00:00+08:00,,1500.0,REJECTED,local_hour_count_1
data/interim/notebook02_sources/hourly_forecasts/01_19a_hko_ecmwf_single_run_hourly_forecasts.csv,source_target_date_decision_rule_issue_time,2026-05-20,6h_prior,,,2026-05-15 00:00:00+00:00,2026-05-15 00:00:00+00:00,1,1,1,0,2026-05-20 14:00:00+08:00,2026-05-20 14:00:00+08:00,,1500.0,REJECTED,local_hour_count_1
data/interim/notebook02_sources/hourly_forecasts/01_19a_hko_ecmwf_single_run_hourly_forecasts.csv,source_target_date_decision_rule_issue_time,2026-05-20,12h_prior,,,2026-05-15 00:00:00+00:00,2026-05-15 00:00:00+00:00,1,1,1,0,2026-05-20 20:00:00+08:00,2026-05-20 20:00:00+08:00,,1500.0,REJECTED,local_hour_count_1
data/interim/notebook02_sources/hourly_forecasts/01_19a_hko_ecmwf_single_run_hourly_forecasts.csv,source_target_date_decision_rule_issue_time,2026-05-21,6h_prior,,,2026-05-15 00:00:00+00:00,2026-05-15 00:00:00+00:00,1,1,1,0,2026-05-21 14:00:00+08:00,2026-05-21 14:00:00+08:00,,1500.0,REJECTED,local_hour_count_1
data/interim/notebook02_sources/hourly_forecasts/01_19a_hko_ecmwf_single_run_hourly_forecasts.csv,source_target_date_decision_rule_issue_time,2026-05-21,12h_prior,,,2026-05-15 00:00:00+00:00,2026-05-15 00:00:00+00:00,1,1,1,0,2026-05-21 20:00:00+08:00,2026-05-21 20:00:00+08:00,,1500.0,REJECTED,local_hour_count_1
data/interim/notebook02_sources/hourly_forecasts/01_19a_hko_ecmwf_single_run_hourly_forecasts.csv,source_target_date_decision_rule_issue_time,2026-05-22,6h_prior,,,2026-05-15 00:00:00+00:00,2026-05-15 00:00:00+00:00,1,1,1,0,2026-05-22 14:00:00+08:00,2026-05-22 14:00:00+08:00,,1500.0,REJECTED,local_hour_count_1
data/interim/notebook02_sources/hourly_forecasts/01_19a_hko_ecmwf_single_run_hourly_forecasts.csv,source_target_date_decision_rule_issue_time,2026-05-22,12h_prior,,,2026-05-15 00:00:00+00:00,2026-05-15 00:00:00+00:00,1,1,1,0,2026-05-22 20:00:00+08:00,2026-05-22 20:00:00+08:00,,1500.0,REJECTED,local_hour_count_1
data/interim/notebook02_sources/hourly_forecasts/01_19a_hko_ecmwf_single_run_hourly_forecasts.csv,source_target_date_decision_rule_issue_time,2026-05-23,6h_prior,,,2026-05-15 00:00:00+00:00,2026-05-15 00:00:00+00:00,1,1,1,0,2026-05-23 14:00:00+08:00,2026-05-23 14:00:00+08:00,,1500.0,REJECTED,local_hour_count_1
data/interim/notebook02_sources/hourly_forecasts/01_19a_hko_ecmwf_single_run_hourly_forecasts.csv,source_target_date_decision_rule_issue_time,2026-05-23,12h_prior,,,2026-05-15 00:00:00+00:00,2026-05-15 00:00:00+00:00,1,1,1,0,2026-05-23 20:00:00+08:00,2026-05-23 20:00:00+08:00,,1500.0,REJECTED,local_hour_count_1
data/interim/notebook02_sources/hourly_forecasts/01_19a_hko_ecmwf_single_run_hourly_forecasts.csv,source_target_date_decision_rule_issue_time,2026-05-24,6h_prior,,,2026-05-15 00:00:00+00:00,2026-05-15 00:00:00+00:00,1,1,1,0,2026-05-24 14:00:00+08:00,2026-05-24 14:00:00+08:00,,1500.0,REJECTED,local_hour_count_1
data/interim/notebook02_sources/hourly_forecasts/01_19a_hko_ecmwf_single_run_hourly_forecasts.csv,source_target_date_decision_rule_issue_time,2026-05-24,12h_prior,,,2026-05-15 00:00:00+00:00,2026-05-15 00:00:00+00:00,1,1,1,0,2026-05-24 20:00:00+08:00,2026-05-24 20:00:00+08:00,,1500.0,REJECTED,local_hour_count_1
data/interim/notebook02_sources/hourly_forecasts/01_19a_hko_ecmwf_single_run_hourly_forecasts.csv,source_target_date_decision_rule_issue_time,2026-05-25,6h_prior,,,2026-05-15 00:00:00+00:00,2026-05-15 00:00:00+00:00,1,1,1,0,2026-05-25 14:00:00+08:00,2026-05-25 14:00:00+08:00,,1500.0,REJECTED,local_hour_count_1
data/interim/notebook02_sources/hourly_forecasts/01_19a_hko_ecmwf_single_run_hourly_forecasts.csv,source_target_date_decision_rule_issue_time,2026-05-16,6h_prior,,,2026-05-15 06:00:00+00:00,2026-05-15 06:00:00+00:00,1,1,1,0,2026-05-16 14:00:00+08:00,2026-05-16 14:00:00+08:00,,1500.0,REJECTED,local_hour_count_1
data/interim/notebook02_sources/hourly_forecasts/01_19a_hko_ecmwf_single_run_hourly_forecasts.csv,source_target_date_decision_rule_issue_time,2026-05-16,12h_prior,,,2026-05-15 06:00:00+00:00,2026-05-15 06:00:00+00:00,1,1,1,0,2026-05-16 20:00:00+08:00,2026-05-16 20:00:00+08:00,,1500.0,REJECTED,local_hour_count_1
data/interim/notebook02_sources/hourly_forecasts/01_19a_hko_ecmwf_single_run_hourly_forecasts.csv,source_target_date_decision_rule_issue_time,2026-05-17,6h_prior,,,2026-05-15 06:00:00+00:00,2026-05-15 06:00:00+00:00,1,1,1,0,2026-05-17 14:00:00+08:00,2026-05-17 14:00:00+08:00,,1500.0,REJECTED,local_hour_count_1
data/interim/notebook02_sources/hourly_forecasts/01_19a_hko_ecmwf_single_run_hourly_forecasts.csv,source_target_date_decision_rule_issue_time,2026-05-17,12h_prior,,,2026-05-15 06:00:00+00:00,2026-05-15 06:00:00+00:00,1,1,1,0,2026-05-17 20:00:00+08:00,2026-05-17 20:00:00+08:00,,1500.0,REJECTED,local_hour_count_1
data/interim/notebook02_sources/hourly_forecasts/01_19a_hko_ecmwf_single_run_hourly_forecasts.csv,source_target_date_decision_rule_issue_time,2026-05-18,6h_prior,,,2026-05-15 06:00:00+00:00,2026-05-15 06:00:00+00:00,1,1,1,0,2026-05-18 14:00:00+08:00,2026-05-18 14:00:00+08:00,,1500.0,REJECTED,local_hour_count_1
data/interim/notebook02_sources/hourly_forecasts/01_19a_hko_ecmwf_single_run_hourly_forecasts.csv,source_target_date_decision_rule_issue_time,2026-05-18,12h_prior,,,2026-05-15 06:00:00+00:00,2026-05-15 06:00:00+00:00,1,1,1,0,2026-05-18 20:00:00+08:00,2026-05-18 20:00:00+08:00,,1500.0,REJECTED,local_hour_count_1
data/interim/notebook02_sources/hourly_forecasts/01_19a_hko_ecmwf_single_run_hourly_forecasts.csv,source_target_date_decision_rule_issue_time,2026-05-19,6h_prior,,,2026-05-15 06:00:00+00:00,2026-05-15 06:00:00+00:00,1,1,1,0,2026-05-19 14:00:00+08:00,2026-05-19 14:00:00+08:00,,1500.0,REJECTED,local_hour_count_1
data/interim/notebook02_sources/hourly_forecasts/01_19a_hko_ecmwf_single_run_hourly_forecasts.csv,source_target_date_decision_rule_issue_time,2026-05-19,12h_prior,,,2026-05-15 06:00:00+00:00,2026-05-15 06:00:00+00:00,1,1,1,0,2026-05-19 20:00:00+08:00,2026-05-19 20:00:00+08:00,,1500.0,REJECTED,local_hour_count_1
data/interim/notebook02_sources/hourly_forecasts/01_19a_hko_ecmwf_single_run_hourly_forecasts.csv,source_target_date_decision_rule_issue_time,2026-05-20,6h_prior,,,2026-05-15 06:00:00+00:00,2026-05-15 06:00:00+00:00,1,1,1,0,2026-05-20 14:00:00+08:00,2026-05-20 14:00:00+08:00,,1500.0,REJECTED,local_hour_count_1
data/interim/notebook02_sources/hourly_forecasts/01_19a_hko_ecmwf_single_run_hourly_forecasts.csv,source_target_date_decision_rule_issue_time,2026-05-20,12h_prior,,,2026-05-15 06:00:00+00:00,2026-05-15 06:00:00+00:00,1,1,1,0,2026-05-20 20:00:00+08:00,2026-05-20 20:00:00+08:00,,1500.0,REJECTED,local_hour_count_1
data/interim/notebook02_sources/hourly_forecasts/01_19a_hko_ecmwf_single_run_hourly_forecasts.csv,source_target_date_decision_rule_issue_time,2026-05-21,6h_prior,,,2026-05-15 06:00:00+00:00,2026-05-15 06:00:00+00:00,1,1,1,0,2026-05-21 14:00:00+08:00,2026-05-21 14:00:00+08:00,,1500.0,REJECTED,local_hour_count_1
data/interim/notebook02_sources/hourly_forecasts/01_19a_hko_ecmwf_single_run_hourly_forecasts.csv,source_target_date_decision_rule_issue_time,2026-05-21,12h_prior,,,2026-05-15 06:00:00+00:00,2026-05-15 06:00:00+00:00,1,1,1,0,2026-05-21 20:00:00+08:00,2026-05-21 20:00:00+08:00,,1500.0,REJECTED,local_hour_count_1
data/interim/notebook02_sources/hourly_forecasts/01_19a_hko_ecmwf_single_run_hourly_forecasts.csv,source_target_date_decision_rule_issue_time,2026-05-18,6h_prior,,,2026-05-17 06:00:00+00:00,2026-05-17 06:00:00+00:00,1,1,1,0,2026-05-18 14:00:00+08:00,2026-05-18 14:00:00+08:00,,1500.0,REJECTED,local_hour_count_1
data/interim/notebook02_sources/hourly_forecasts/01_19a_hko_ecmwf_single_run_hourly_forecasts.csv,source_target_date_decision_rule_issue_time,2026-05-18,12h_prior,,,2026-05-17 06:00:00+00:00,2026-05-17 06:00:00+00:00,1,1,1,0,2026-05-18 20:00:00+08:00,2026-05-18 20:00:00+08:00,,1500.0,REJECTED,local_hour_count_1
data/interim/notebook02_sources/hourly_forecasts/01_19a_hko_ecmwf_single_run_hourly_forecasts.csv,source_target_date_decision_rule_issue_time,2026-05-19,6h_prior,,,2026-05-17 06:00:00+00:00,2026-05-17 06:00:00+00:00,1,1,1,0,2026-05-19 14:00:00+08:00,2026-05-19 14:00:00+08:00,,1500.0,REJECTED,local_hour_count_1
data/interim/notebook02_sources/hourly_forecasts/01_19a_hko_ecmwf_single_run_hourly_forecasts.csv,source_target_date_decision_rule_issue_time,2026-05-19,12h_prior,,,2026-05-17 06:00:00+00:00,2026-05-17 06:00:00+00:00,1,1,1,0,2026-05-19 20:00:00+08:00,2026-05-19 20:00:00+08:00,,1500.0,REJECTED,local_hour_count_1
data/interim/notebook02_sources/hourly_forecasts/01_19a_hko_ecmwf_single_run_hourly_forecasts.csv,source_target_date_decision_rule_issue_time,2026-05-20,6h_prior,,,2026-05-17 06:00:00+00:00,2026-05-17 06:00:00+00:00,1,1,1,0,2026-05-20 14:00:00+08:00,2026-05-20 14:00:00+08:00,,1500.0,REJECTED,local_hour_count_1
data/interim/notebook02_sources/hourly_forecasts/01_19a_hko_ecmwf_single_run_hourly_forecasts.csv,source_target_date_decision_rule_issue_time,2026-05-20,12h_prior,,,2026-05-17 06:00:00+00:00,2026-05-17 06:00:00+00:00,1,1,1,0,2026-05-20 20:00:00+08:00,2026-05-20 20:00:00+08:00,,1500.0,REJECTED,local_hour_count_1
data/interim/notebook02_sources/hourly_forecasts/01_19a_hko_ecmwf_single_run_hourly_forecasts.csv,source_target_date_decision_rule_issue_time,2026-05-21,6h_prior,,,2026-05-17 06:00:00+00:00,2026-05-17 06:00:00+00:00,1,1,1,0,2026-05-21 14:00:00+08:00,2026-05-21 14:00:00+08:00,,1500.0,REJECTED,local_hour_count_1
data/interim/notebook02_sources/hourly_forecasts/01_19a_hko_ecmwf_single_run_hourly_forecasts.csv,source_target_date_decision_rule_issue_time,2026-05-21,12h_prior,,,2026-05-17 06:00:00+00:00,2026-05-17 06:00:00+00:00,1,1,1,0,2026-05-21 20:00:00+08:00,2026-05-21 20:00:00+08:00,,1500.0,REJECTED,local_hour_count_1
data/interim/notebook02_sources/hourly_forecasts/01_19a_hko_ecmwf_single_run_hourly_forecasts.csv,source_target_date_decision_rule_issue_time,2026-05-22,6h_prior,,,2026-05-17 06:00:00+00:00,2026-05-17 06:00:00+00:00,1,1,1,0,2026-05-22 14:00:00+08:00,2026-05-22 14:00:00+08:00,,1500.0,REJECTED,local_hour_count_1
data/interim/notebook02_sources/hourly_forecasts/01_19a_hko_ecmwf_single_run_hourly_forecasts.csv,source_target_date_decision_rule_issue_time,2026-05-22,12h_prior,,,2026-05-17 06:00:00+00:00,2026-05-17 06:00:00+00:00,1,1,1,0,2026-05-22 20:00:00+08:00,2026-05-22 20:00:00+08:00,,1500.0,REJECTED,local_hour_count_1
data/interim/notebook02_sources/hourly_forecasts/01_19a_hko_ecmwf_single_run_hourly_forecasts.csv,source_target_date_decision_rule_issue_time,2026-05-23,6h_prior,,,2026-05-17 06:00:00+00:00,2026-05-17 06:00:00+00:00,1,1,1,0,2026-05-23 14:00:00+08:00,2026-05-23 14:00:00+08:00,,1500.0,REJECTED,local_hour_count_1
data/interim/notebook02_sources/hourly_forecasts/01_19a_hko_ecmwf_single_run_hourly_forecasts.csv,source_target_date_decision_rule_issue_time,2026-05-23,12h_prior,,,2026-05-17 06:00:00+00:00,2026-05-17 06:00:00+00:00,1,1,1,0,2026-05-23 20:00:00+08:00,2026-05-23 20:00:00+08:00,,1500.0,REJECTED,local_hour_count_1
data/interim/notebook02_sources/hourly_forecasts/01_19a_hko_ecmwf_single_run_hourly_forecasts.csv,source_target_date_decision_rule_issue_time,2026-05-18,6h_prior,,,2026-05-17 18:00:00+00:00,2026-05-17 18:00:00+00:00,1,1,1,0,2026-05-18 14:00:00+08:00,2026-05-18 14:00:00+08:00,,1500.0,REJECTED,local_hour_count_1
data/interim/notebook02_sources/hourly_forecasts/01_19a_hko_ecmwf_single_run_hourly_forecasts.csv,source_target_date_decision_rule_issue_time,2026-05-18,12h_prior,,,2026-05-17 18:00:00+00:00,2026-05-17 18:00:00+00:00,1,1,1,0,2026-05-18 20:00:00+08:00,2026-05-18 20:00:00+08:00,,1500.0,REJECTED,local_hour_count_1
data/interim/notebook02_sources/hourly_forecasts/01_19a_hko_ecmwf_single_run_hourly_forecasts.csv,source_target_date_decision_rule_issue_time,2026-05-19,6h_prior,,,2026-05-17 18:00:00+00:00,2026-05-17 18:00:00+00:00,1,1,1,0,2026-05-19 14:00:00+08:00,2026-05-19 14:00:00+08:00,,1500.0,REJECTED,local_hour_count_1
data/interim/notebook02_sources/hourly_forecasts/01_19a_hko_ecmwf_single_run_hourly_forecasts.csv,source_target_date_decision_rule_issue_time,2026-05-19,12h_prior,,,2026-05-17 18:00:00+00:00,2026-05-17 18:00:00+00:00,1,1,1,0,2026-05-19 20:00:00+08:00,2026-05-19 20:00:00+08:00,,1500.0,REJECTED,local_hour_count_1
data/interim/notebook02_sources/hourly_forecasts/01_19a_hko_ecmwf_single_run_hourly_forecasts.csv,source_target_date_decision_rule_issue_time,2026-05-20,6h_prior,,,2026-05-17 18:00:00+00:00,2026-05-17 18:00:00+00:00,1,1,1,0,2026-05-20 14:00:00+08:00,2026-05-20 14:00:00+08:00,,1500.0,REJECTED,local_hour_count_1
data/interim/notebook02_sources/hourly_forecasts/01_19a_hko_ecmwf_single_run_hourly_forecasts.csv,source_target_date_decision_rule_issue_time,2026-05-20,12h_prior,,,2026-05-17 18:00:00+00:00,2026-05-17 18:00:00+00:00,1,1,1,0,2026-05-20 20:00:00+08:00,2026-05-20 20:00:00+08:00,,1500.0,REJECTED,local_hour_count_1
data/interim/notebook02_sources/hourly_forecasts/01_19a_hko_ecmwf_single_run_hourly_forecasts.csv,source_target_date_decision_rule_issue_time,2026-05-21,6h_prior,,,2026-05-17 18:00:00+00:00,2026-05-17 18:00:00+00:00,1,1,1,0,2026-05-21 14:00:00+08:00,2026-05-21 14:00:00+08:00,,1500.0,REJECTED,local_hour_count_1
data/interim/notebook02_sources/hourly_forecasts/01_19a_hko_ecmwf_single_run_hourly_forecasts.csv,source_target_date_decision_rule_issue_time,2026-05-21,12h_prior,,,2026-05-17 18:00:00+00:00,2026-05-17 18:00:00+00:00,1,1,1,0,2026-05-21 20:00:00+08:00,2026-05-21 20:00:00+08:00,,1500.0,REJECTED,local_hour_count_1
data/interim/notebook02_sources/hourly_forecasts/01_19a_hko_ecmwf_single_run_hourly_forecasts.csv,source_target_date_decision_rule_issue_time,2026-05-22,6h_prior,,,2026-05-17 18:00:00+00:00,2026-05-17 18:00:00+00:00,1,1,1,0,2026-05-22 14:00:00+08:00,2026-05-22 14:00:00+08:00,,1500.0,REJECTED,local_hour_count_1
data/interim/notebook02_sources/hourly_forecasts/01_19a_hko_ecmwf_single_run_hourly_forecasts.csv,source_target_date_decision_rule_issue_time,2026-05-22,12h_prior,,,2026-05-17 18:00:00+00:00,2026-05-17 18:00:00+00:00,1,1,1,0,2026-05-22 20:00:00+08:00,2026-05-22 20:00:00+08:00,,1500.0,REJECTED,local_hour_count_1
data/interim/notebook02_sources/hourly_forecasts/01_19a_hko_ecmwf_single_run_hourly_forecasts.csv,source_target_date_decision_rule_issue_time,2026-05-23,6h_prior,,,2026-05-17 18:00:00+00:00,2026-05-17 18:00:00+00:00,1,1,1,0,2026-05-23 14:00:00+08:00,2026-05-23 14:00:00+08:00,,1500.0,REJECTED,local_hour_count_1
data/interim/notebook02_sources/hourly_forecasts/01_19a_hko_ecmwf_single_run_hourly_forecasts.csv,source_target_date_decision_rule_issue_time,2026-05-23,12h_prior,,,2026-05-17 18:00:00+00:00,2026-05-17 18:00:00+00:00,1,1,1,0,2026-05-23 20:00:00+08:00,2026-05-23 20:00:00+08:00,,1500.0,REJECTED,local_hour_count_1
data/interim/notebook02_sources/hourly_forecasts/01_19a_hko_ecmwf_single_run_hourly_forecasts.csv,source_target_date_decision_rule_issue_time,2026-05-18,12h_prior,,,2026-05-18 00:00:00+00:00,2026-05-18 00:00:00+00:00,1,1,1,0,2026-05-18 20:00:00+08:00,2026-05-18 20:00:00+08:00,,1500.0,REJECTED,local_hour_count_1
data/interim/notebook02_sources/hourly_forecasts/01_19a_hko_ecmwf_single_run_hourly_forecasts.csv,source_target_date_decision_rule_issue_time,2026-05-19,6h_prior,,,2026-05-18 00:00:00+00:00,2026-05-18 00:00:00+00:00,1,1,1,0,2026-05-19 14:00:00+08:00,2026-05-19 14:00:00+08:00,,1500.0,REJECTED,local_hour_count_1
data/interim/notebook02_sources/hourly_forecasts/01_19a_hko_ecmwf_single_run_hourly_forecasts.csv,source_target_date_decision_rule_issue_time,2026-05-19,12h_prior,,,2026-05-18 00:00:00+00:00,2026-05-18 00:00:00+00:00,1,1,1,0,2026-05-19 20:00:00+08:00,2026-05-19 20:00:00+08:00,,1500.0,REJECTED,local_hour_count_1
data/interim/notebook02_sources/hourly_forecasts/01_19a_hko_ecmwf_single_run_hourly_forecasts.csv,source_target_date_decision_rule_issue_time,2026-05-20,6h_prior,,,2026-05-18 00:00:00+00:00,2026-05-18 00:00:00+00:00,1,1,1,0,2026-05-20 14:00:00+08:00,2026-05-20 14:00:00+08:00,,1500.0,REJECTED,local_hour_count_1
data/interim/notebook02_sources/hourly_forecasts/01_19a_hko_ecmwf_single_run_hourly_forecasts.csv,source_target_date_decision_rule_issue_time,2026-05-20,12h_prior,,,2026-05-18 00:00:00+00:00,2026-05-18 00:00:00+00:00,1,1,1,0,2026-05-20 20:00:00+08:00,2026-05-20 20:00:00+08:00,,1500.0,REJECTED,local_hour_count_1
data/interim/notebook02_sources/hourly_forecasts/01_19a_hko_ecmwf_single_run_hourly_forecasts.csv,source_target_date_decision_rule_issue_time,2026-05-21,6h_prior,,,2026-05-18 00:00:00+00:00,2026-05-18 00:00:00+00:00,1,1,1,0,2026-05-21 14:00:00+08:00,2026-05-21 14:00:00+08:00,,1500.0,REJECTED,local_hour_count_1
data/interim/notebook02_sources/hourly_forecasts/01_19a_hko_ecmwf_single_run_hourly_forecasts.csv,source_target_date_decision_rule_issue_time,2026-05-21,12h_prior,,,2026-05-18 00:00:00+00:00,2026-05-18 00:00:00+00:00,1,1,1,0,2026-05-21 20:00:00+08:00,2026-05-21 20:00:00+08:00,,1500.0,REJECTED,local_hour_count_1
data/interim/notebook02_sources/hourly_forecasts/01_19a_hko_ecmwf_single_run_hourly_forecasts.csv,source_target_date_decision_rule_issue_time,2026-05-22,6h_prior,,,2026-05-18 00:00:00+00:00,2026-05-18 00:00:00+00:00,1,1,1,0,2026-05-22 14:00:00+08:00,2026-05-22 14:00:00+08:00,,1500.0,REJECTED,local_hour_count_1
data/interim/notebook02_sources/hourly_forecasts/01_19a_hko_ecmwf_single_run_hourly_forecasts.csv,source_target_date_decision_rule_issue_time,2026-05-22,12h_prior,,,2026-05-18 00:00:00+00:00,2026-05-18 00:00:00+00:00,1,1,1,0,2026-05-22 20:00:00+08:00,2026-05-22 20:00:00+08:00,,1500.0,REJECTED,local_hour_count_1
data/interim/notebook02_sources/hourly_forecasts/01_19a_hko_ecmwf_single_run_hourly_forecasts.csv,source_target_date_decision_rule_issue_time,2026-05-23,6h_prior,,,2026-05-18 00:00:00+00:00,2026-05-18 00:00:00+00:00,1,1,1,0,2026-05-23 14:00:00+08:00,2026-05-23 14:00:00+08:00,,1500.0,REJECTED,local_hour_count_1
data/interim/notebook02_sources/hourly_forecasts/01_19a_hko_ecmwf_single_run_hourly_forecasts.csv,source_target_date_decision_rule_issue_time,2026-05-23,12h_prior,,,2026-05-18 00:00:00+00:00,2026-05-18 00:00:00+00:00,1,1,1,0,2026-05-23 20:00:00+08:00,2026-05-23 20:00:00+08:00,,1500.0,REJECTED,local_hour_count_1
data/interim/notebook02_sources/hourly_forecasts/01_19a_hko_ecmwf_single_run_hourly_forecasts.csv,source_target_date_decision_rule_issue_time,2026-05-24,6h_prior,,,2026-05-18 00:00:00+00:00,2026-05-18 00:00:00+00:00,1,1,1,0,2026-05-24 14:00:00+08:00,2026-05-24 14:00:00+08:00,,1500.0,REJECTED,local_hour_count_1
data/interim/notebook02_sources/hourly_forecasts/01_19a_hko_ecmwf_single_run_hourly_forecasts.csv,source_target_date_decision_rule_issue_time,2026-05-24,12h_prior,,,2026-05-18 00:00:00+00:00,2026-05-18 00:00:00+00:00,1,1,1,0,2026-05-24 20:00:00+08:00,2026-05-24 20:00:00+08:00,,1500.0,REJECTED,local_hour_count_1
data/interim/notebook02_sources/hourly_forecasts/01_19a_hko_ecmwf_single_run_hourly_forecasts.csv,source_target_date_decision_rule_issue_time,2026-05-25,6h_prior,,,2026-05-18 00:00:00+00:00,2026-05-18 00:00:00+00:00,1,1,1,0,2026-05-25 14:00:00+08:00,2026-05-25 14:00:00+08:00,,1500.0,REJECTED,local_hour_count_1
data/interim/notebook02_sources/hourly_forecasts/01_19a_hko_ecmwf_single_run_hourly_forecasts.csv,source_target_date_decision_rule_issue_time,2026-05-25,12h_prior,,,2026-05-18 00:00:00+00:00,2026-05-18 00:00:00+00:00,1,1,1,0,2026-05-25 20:00:00+08:00,2026-05-25 20:00:00+08:00,,1500.0,REJECTED,local_hour_count_1
data/interim/notebook02_sources/hourly_forecasts/01_19a_hko_ecmwf_single_run_hourly_forecasts.csv,source_target_date_decision_rule_issue_time,2026-05-26,6h_prior,,,2026-05-18 00:00:00+00:00,2026-05-18 00:00:00+00:00,1,1,1,0,2026-05-26 14:00:00+08:00,2026-05-26 14:00:00+08:00,,1500.0,REJECTED,local_hour_count_1
data/interim/notebook02_sources/hourly_forecasts/01_19a_hko_ecmwf_single_run_hourly_forecasts.csv,source_target_date_decision_rule_issue_time,2026-05-26,12h_prior,,,2026-05-18 00:00:00+00:00,2026-05-18 00:00:00+00:00,1,1,1,0,2026-05-26 20:00:00+08:00,2026-05-26 20:00:00+08:00,,1500.0,REJECTED,local_hour_count_1
data/interim/notebook02_sources/hourly_forecasts/01_19a_hko_ecmwf_single_run_hourly_forecasts.csv,source_target_date_decision_rule_issue_time,2026-05-27,6h_prior,,,2026-05-18 00:00:00+00:00,2026-05-18 00:00:00+00:00,1,1,1,0,2026-05-27 14:00:00+08:00,2026-05-27 14:00:00+08:00,,1500.0,REJECTED,local_hour_count_1
data/interim/notebook02_sources/hourly_forecasts/01_19a_hko_ecmwf_single_run_hourly_forecasts.csv,source_target_date_decision_rule_issue_time,2026-05-27,12h_prior,,,2026-05-18 00:00:00+00:00,2026-05-18 00:00:00+00:00,1,1,1,0,2026-05-27 20:00:00+08:00,2026-05-27 20:00:00+08:00,,1500.0,REJECTED,local_hour_count_1
data/interim/notebook02_sources/hourly_forecasts/01_19a_hko_ecmwf_single_run_hourly_forecasts.csv,source_target_date_decision_rule_issue_time,2026-05-28,6h_prior,,,2026-05-18 00:00:00+00:00,2026-05-18 00:00:00+00:00,1,1,1,0,2026-05-28 14:00:00+08:00,2026-05-28 14:00:00+08:00,,1500.0,REJECTED,local_hour_count_1
data/interim/notebook02_sources/hourly_forecasts/01_19a_hko_ecmwf_single_run_hourly_forecasts.csv,source_target_date_decision_rule_issue_time,2026-05-19,6h_prior,,,2026-05-18 06:00:00+00:00,2026-05-18 06:00:00+00:00,1,1,1,0,2026-05-19 14:00:00+08:00,2026-05-19 14:00:00+08:00,,1500.0,REJECTED,local_hour_count_1
data/interim/notebook02_sources/hourly_forecasts/01_19a_hko_ecmwf_single_run_hourly_forecasts.csv,source_target_date_decision_rule_issue_time,2026-05-19,12h_prior,,,2026-05-18 06:00:00+00:00,2026-05-18 06:00:00+00:00,1,1,1,0,2026-05-19 20:00:00+08:00,2026-05-19 20:00:00+08:00,,1500.0,REJECTED,local_hour_count_1
data/interim/notebook02_sources/hourly_forecasts/01_19a_hko_ecmwf_single_run_hourly_forecasts.csv,source_target_date_decision_rule_issue_time,2026-05-20,6h_prior,,,2026-05-18 06:00:00+00:00,2026-05-18 06:00:00+00:00,1,1,1,0,2026-05-20 14:00:00+08:00,2026-05-20 14:00:00+08:00,,1500.0,REJECTED,local_hour_count_1
data/interim/notebook02_sources/hourly_forecasts/01_19a_hko_ecmwf_single_run_hourly_forecasts.csv,source_target_date_decision_rule_issue_time,2026-05-20,12h_prior,,,2026-05-18 06:00:00+00:00,2026-05-18 06:00:00+00:00,1,1,1,0,2026-05-20 20:00:00+08:00,2026-05-20 20:00:00+08:00,,1500.0,REJECTED,local_hour_count_1
data/interim/notebook02_sources/hourly_forecasts/01_19a_hko_ecmwf_single_run_hourly_forecasts.csv,source_target_date_decision_rule_issue_time,2026-05-21,6h_prior,,,2026-05-18 06:00:00+00:00,2026-05-18 06:00:00+00:00,1,1,1,0,2026-05-21 14:00:00+08:00,2026-05-21 14:00:00+08:00,,1500.0,REJECTED,local_hour_count_1
data/interim/notebook02_sources/hourly_forecasts/01_19a_hko_ecmwf_single_run_hourly_forecasts.csv,source_target_date_decision_rule_issue_time,2026-05-21,12h_prior,,,2026-05-18 06:00:00+00:00,2026-05-18 06:00:00+00:00,1,1,1,0,2026-05-21 20:00:00+08:00,2026-05-21 20:00:00+08:00,,1500.0,REJECTED,local_hour_count_1
data/interim/notebook02_sources/hourly_forecasts/01_19a_hko_ecmwf_single_run_hourly_forecasts.csv,source_target_date_decision_rule_issue_time,2026-05-22,6h_prior,,,2026-05-18 06:00:00+00:00,2026-05-18 06:00:00+00:00,1,1,1,0,2026-05-22 14:00:00+08:00,2026-05-22 14:00:00+08:00,,1500.0,REJECTED,local_hour_count_1
data/interim/notebook02_sources/hourly_forecasts/01_19a_hko_ecmwf_single_run_hourly_forecasts.csv,source_target_date_decision_rule_issue_time,2026-05-22,12h_prior,,,2026-05-18 06:00:00+00:00,2026-05-18 06:00:00+00:00,1,1,1,0,2026-05-22 20:00:00+08:00,2026-05-22 20:00:00+08:00,,1500.0,REJECTED,local_hour_count_1
data/interim/notebook02_sources/hourly_forecasts/01_19a_hko_ecmwf_single_run_hourly_forecasts.csv,source_target_date_decision_rule_issue_time,2026-05-23,6h_prior,,,2026-05-18 06:00:00+00:00,2026-05-18 06:00:00+00:00,1,1,1,0,2026-05-23 14:00:00+08:00,2026-05-23 14:00:00+08:00,,1500.0,REJECTED,local_hour_count_1
data/interim/notebook02_sources/hourly_forecasts/01_19a_hko_ecmwf_single_run_hourly_forecasts.csv,source_target_date_decision_rule_issue_time,2026-05-23,12h_prior,,,2026-05-18 06:00:00+00:00,2026-05-18 06:00:00+00:00,1,1,1,0,2026-05-23 20:00:00+08:00,2026-05-23 20:00:00+08:00,,1500.0,REJECTED,local_hour_count_1
data/interim/notebook02_sources/hourly_forecasts/01_19a_hko_ecmwf_single_run_hourly_forecasts.csv,source_target_date_decision_rule_issue_time,2026-05-24,6h_prior,,,2026-05-18 06:00:00+00:00,2026-05-18 06:00:00+00:00,1,1,1,0,2026-05-24 14:00:00+08:00,2026-05-24 14:00:00+08:00,,1500.0,REJECTED,local_hour_count_1
data/interim/notebook02_sources/hourly_forecasts/01_19a_hko_ecmwf_single_run_hourly_forecasts.csv,source_target_date_decision_rule_issue_time,2026-05-24,12h_prior,,,2026-05-18 06:00:00+00:00,2026-05-18 06:00:00+00:00,1,1,1,0,2026-05-24 20:00:00+08:00,2026-05-24 20:00:00+08:00,,1500.0,REJECTED,local_hour_count_1
data/interim/notebook02_sources/hourly_forecasts/01_19a_hko_ecmwf_single_run_hourly_forecasts.csv,source_target_date_decision_rule_issue_time,2026-05-19,6h_prior,,,2026-05-18 18:00:00+00:00,2026-05-18 18:00:00+00:00,1,1,1,0,2026-05-19 14:00:00+08:00,2026-05-19 14:00:00+08:00,,1500.0,REJECTED,local_hour_count_1
data/interim/notebook02_sources/hourly_forecasts/01_19a_hko_ecmwf_single_run_hourly_forecasts.csv,source_target_date_decision_rule_issue_time,2026-05-19,12h_prior,,,2026-05-18 18:00:00+00:00,2026-05-18 18:00:00+00:00,1,1,1,0,2026-05-19 20:00:00+08:00,2026-05-19 20:00:00+08:00,,1500.0,REJECTED,local_hour_count_1
data/interim/notebook02_sources/hourly_forecasts/01_19a_hko_ecmwf_single_run_hourly_forecasts.csv,source_target_date_decision_rule_issue_time,2026-05-20,6h_prior,,,2026-05-18 18:00:00+00:00,2026-05-18 18:00:00+00:00,1,1,1,0,2026-05-20 14:00:00+08:00,2026-05-20 14:00:00+08:00,,1500.0,REJECTED,local_hour_count_1
data/interim/notebook02_sources/hourly_forecasts/01_19a_hko_ecmwf_single_run_hourly_forecasts.csv,source_target_date_decision_rule_issue_time,2026-05-20,12h_prior,,,2026-05-18 18:00:00+00:00,2026-05-18 18:00:00+00:00,1,1,1,0,2026-05-20 20:00:00+08:00,2026-05-20 20:00:00+08:00,,1500.0,REJECTED,local_hour_count_1
data/interim/notebook02_sources/hourly_forecasts/01_19a_hko_ecmwf_single_run_hourly_forecasts.csv,source_target_date_decision_rule_issue_time,2026-05-21,6h_prior,,,2026-05-18 18:00:00+00:00,2026-05-18 18:00:00+00:00,1,1,1,0,2026-05-21 14:00:00+08:00,2026-05-21 14:00:00+08:00,,1500.0,REJECTED,local_hour_count_1
data/interim/notebook02_sources/hourly_forecasts/01_19a_hko_ecmwf_single_run_hourly_forecasts.csv,source_target_date_decision_rule_issue_time,2026-05-21,12h_prior,,,2026-05-18 18:00:00+00:00,2026-05-18 18:00:00+00:00,1,1,1,0,2026-05-21 20:00:00+08:00,2026-05-21 20:00:00+08:00,,1500.0,REJECTED,local_hour_count_1
data/interim/notebook02_sources/hourly_forecasts/01_19a_hko_ecmwf_single_run_hourly_forecasts.csv,source_target_date_decision_rule_issue_time,2026-05-22,6h_prior,,,2026-05-18 18:00:00+00:00,2026-05-18 18:00:00+00:00,1,1,1,0,2026-05-22 14:00:00+08:00,2026-05-22 14:00:00+08:00,,1500.0,REJECTED,local_hour_count_1
data/interim/notebook02_sources/hourly_forecasts/01_19a_hko_ecmwf_single_run_hourly_forecasts.csv,source_target_date_decision_rule_issue_time,2026-05-22,12h_prior,,,2026-05-18 18:00:00+00:00,2026-05-18 18:00:00+00:00,1,1,1,0,2026-05-22 20:00:00+08:00,2026-05-22 20:00:00+08:00,,1500.0,REJECTED,local_hour_count_1
data/interim/notebook02_sources/hourly_forecasts/01_19a_hko_ecmwf_single_run_hourly_forecasts.csv,source_target_date_decision_rule_issue_time,2026-05-23,6h_prior,,,2026-05-18 18:00:00+00:00,2026-05-18 18:00:00+00:00,1,1,1,0,2026-05-23 14:00:00+08:00,2026-05-23 14:00:00+08:00,,1500.0,REJECTED,local_hour_count_1
data/interim/notebook02_sources/hourly_forecasts/01_19a_hko_ecmwf_single_run_hourly_forecasts.csv,source_target_date_decision_rule_issue_time,2026-05-23,12h_prior,,,2026-05-18 18:00:00+00:00,2026-05-18 18:00:00+00:00,1,1,1,0,2026-05-23 20:00:00+08:00,2026-05-23 20:00:00+08:00,,1500.0,REJECTED,local_hour_count_1
data/interim/notebook02_sources/hourly_forecasts/01_19a_hko_ecmwf_single_run_hourly_forecasts.csv,source_target_date_decision_rule_issue_time,2026-05-24,6h_prior,,,2026-05-18 18:00:00+00:00,2026-05-18 18:00:00+00:00,1,1,1,0,2026-05-24 14:00:00+08:00,2026-05-24 14:00:00+08:00,,1500.0,REJECTED,local_hour_count_1
data/interim/notebook02_sources/hourly_forecasts/01_19a_hko_ecmwf_single_run_hourly_forecasts.csv,source_target_date_decision_rule_issue_time,2026-05-24,12h_prior,,,2026-05-18 18:00:00+00:00,2026-05-18 18:00:00+00:00,1,1,1,0,2026-05-24 20:00:00+08:00,2026-05-24 20:00:00+08:00,,1500.0,REJECTED,local_hour_count_1
data/interim/notebook02_sources/hourly_forecasts/01_19a_hko_ecmwf_single_run_hourly_forecasts.csv,source_target_date_decision_rule_issue_time,2026-05-19,12h_prior,,,2026-05-19 00:00:00+00:00,2026-05-19 00:00:00+00:00,1,1,1,0,2026-05-19 20:00:00+08:00,2026-05-19 20:00:00+08:00,,1500.0,REJECTED,local_hour_count_1
data/interim/notebook02_sources/hourly_forecasts/01_19a_hko_ecmwf_single_run_hourly_forecasts.csv,source_target_date_decision_rule_issue_time,2026-05-20,6h_prior,,,2026-05-19 00:00:00+00:00,2026-05-19 00:00:00+00:00,1,1,1,0,2026-05-20 14:00:00+08:00,2026-05-20 14:00:00+08:00,,1500.0,REJECTED,local_hour_count_1
data/interim/notebook02_sources/hourly_forecasts/01_19a_hko_ecmwf_single_run_hourly_forecasts.csv,source_target_date_decision_rule_issue_time,2026-05-20,12h_prior,,,2026-05-19 00:00:00+00:00,2026-05-19 00:00:00+00:00,1,1,1,0,2026-05-20 20:00:00+08:00,2026-05-20 20:00:00+08:00,,1500.0,REJECTED,local_hour_count_1
data/interim/notebook02_sources/hourly_forecasts/01_19a_hko_ecmwf_single_run_hourly_forecasts.csv,source_target_date_decision_rule_issue_time,2026-05-21,6h_prior,,,2026-05-19 00:00:00+00:00,2026-05-19 00:00:00+00:00,1,1,1,0,2026-05-21 14:00:00+08:00,2026-05-21 14:00:00+08:00,,1500.0,REJECTED,local_hour_count_1
data/interim/notebook02_sources/hourly_forecasts/01_19a_hko_ecmwf_single_run_hourly_forecasts.csv,source_target_date_decision_rule_issue_time,2026-05-21,12h_prior,,,2026-05-19 00:00:00+00:00,2026-05-19 00:00:00+00:00,1,1,1,0,2026-05-21 20:00:00+08:00,2026-05-21 20:00:00+08:00,,1500.0,REJECTED,local_hour_count_1
data/interim/notebook02_sources/hourly_forecasts/01_19a_hko_ecmwf_single_run_hourly_forecasts.csv,source_target_date_decision_rule_issue_time,2026-05-22,6h_prior,,,2026-05-19 00:00:00+00:00,2026-05-19 00:00:00+00:00,1,1,1,0,2026-05-22 14:00:00+08:00,2026-05-22 14:00:00+08:00,,1500.0,REJECTED,local_hour_count_1
data/interim/notebook02_sources/hourly_forecasts/01_19a_hko_ecmwf_single_run_hourly_forecasts.csv,source_target_date_decision_rule_issue_time,2026-05-22,12h_prior,,,2026-05-19 00:00:00+00:00,2026-05-19 00:00:00+00:00,1,1,1,0,2026-05-22 20:00:00+08:00,2026-05-22 20:00:00+08:00,,1500.0,REJECTED,local_hour_count_1
data/interim/notebook02_sources/hourly_forecasts/01_19a_hko_ecmwf_single_run_hourly_forecasts.csv,source_target_date_decision_rule_issue_time,2026-05-23,6h_prior,,,2026-05-19 00:00:00+00:00,2026-05-19 00:00:00+00:00,1,1,1,0,2026-05-23 14:00:00+08:00,2026-05-23 14:00:00+08:00,,1500.0,REJECTED,local_hour_count_1
data/interim/notebook02_sources/hourly_forecasts/01_19a_hko_ecmwf_single_run_hourly_forecasts.csv,source_target_date_decision_rule_issue_time,2026-05-23,12h_prior,,,2026-05-19 00:00:00+00:00,2026-05-19 00:00:00+00:00,1,1,1,0,2026-05-23 20:00:00+08:00,2026-05-23 20:00:00+08:00,,1500.0,REJECTED,local_hour_count_1
data/interim/notebook02_sources/hourly_forecasts/01_19a_hko_ecmwf_single_run_hourly_forecasts.csv,source_target_date_decision_rule_issue_time,2026-05-24,6h_prior,,,2026-05-19 00:00:00+00:00,2026-05-19 00:00:00+00:00,1,1,1,0,2026-05-24 14:00:00+08:00,2026-05-24 14:00:00+08:00,,1500.0,REJECTED,local_hour_count_1
data/interim/notebook02_sources/hourly_forecasts/01_19a_hko_ecmwf_single_run_hourly_forecasts.csv,source_target_date_decision_rule_issue_time,2026-05-24,12h_prior,,,2026-05-19 00:00:00+00:00,2026-05-19 00:00:00+00:00,1,1,1,0,2026-05-24 20:00:00+08:00,2026-05-24 20:00:00+08:00,,1500.0,REJECTED,local_hour_count_1
data/interim/notebook02_sources/hourly_forecasts/01_19a_hko_ecmwf_single_run_hourly_forecasts.csv,source_target_date_decision_rule_issue_time,2026-05-25,6h_prior,,,2026-05-19 00:00:00+00:00,2026-05-19 00:00:00+00:00,1,1,1,0,2026-05-25 14:00:00+08:00,2026-05-25 14:00:00+08:00,,1500.0,REJECTED,local_hour_count_1
data/interim/notebook02_sources/hourly_forecasts/01_19a_hko_ecmwf_single_run_hourly_forecasts.csv,source_target_date_decision_rule_issue_time,2026-05-25,12h_prior,,,2026-05-19 00:00:00+00:00,2026-05-19 00:00:00+00:00,1,1,1,0,2026-05-25 20:00:00+08:00,2026-05-25 20:00:00+08:00,,1500.0,REJECTED,local_hour_count_1
data/interim/notebook02_sources/hourly_forecasts/01_19a_hko_ecmwf_single_run_hourly_forecasts.csv,source_target_date_decision_rule_issue_time,2026-05-26,6h_prior,,,2026-05-19 00:00:00+00:00,2026-05-19 00:00:00+00:00,1,1,1,0,2026-05-26 14:00:00+08:00,2026-05-26 14:00:00+08:00,,1500.0,REJECTED,local_hour_count_1
data/interim/notebook02_sources/hourly_forecasts/01_19a_hko_ecmwf_single_run_hourly_forecasts.csv,source_target_date_decision_rule_issue_time,2026-05-26,12h_prior,,,2026-05-19 00:00:00+00:00,2026-05-19 00:00:00+00:00,1,1,1,0,2026-05-26 20:00:00+08:00,2026-05-26 20:00:00+08:00,,1500.0,REJECTED,local_hour_count_1
data/interim/notebook02_sources/hourly_forecasts/01_19a_hko_ecmwf_single_run_hourly_forecasts.csv,source_target_date_decision_rule_issue_time,2026-05-27,6h_prior,,,2026-05-19 00:00:00+00:00,2026-05-19 00:00:00+00:00,1,1,1,0,2026-05-27 14:00:00+08:00,2026-05-27 14:00:00+08:00,,1500.0,REJECTED,local_hour_count_1
data/interim/notebook02_sources/hourly_forecasts/01_19a_hko_ecmwf_single_run_hourly_forecasts.csv,source_target_date_decision_rule_issue_time,2026-05-27,12h_prior,,,2026-05-19 00:00:00+00:00,2026-05-19 00:00:00+00:00,1,1,1,0,2026-05-27 20:00:00+08:00,2026-05-27 20:00:00+08:00,,1500.0,REJECTED,local_hour_count_1
data/interim/notebook02_sources/hourly_forecasts/01_19a_hko_ecmwf_single_run_hourly_forecasts.csv,source_target_date_decision_rule_issue_time,2026-05-28,6h_prior,,,2026-05-19 00:00:00+00:00,2026-05-19 00:00:00+00:00,1,1,1,0,2026-05-28 14:00:00+08:00,2026-05-28 14:00:00+08:00,,1500.0,REJECTED,local_hour_count_1
data/interim/notebook02_sources/hourly_forecasts/01_19a_hko_ecmwf_single_run_hourly_forecasts.csv,source_target_date_decision_rule_issue_time,2026-05-28,12h_prior,,,2026-05-19 00:00:00+00:00,2026-05-19 00:00:00+00:00,1,1,1,0,2026-05-28 20:00:00+08:00,2026-05-28 20:00:00+08:00,,1500.0,REJECTED,local_hour_count_1
data/interim/notebook02_sources/hourly_forecasts/01_19a_hko_ecmwf_single_run_hourly_forecasts.csv,source_target_date_decision_rule_issue_time,2026-05-29,6h_prior,,,2026-05-19 00:00:00+00:00,2026-05-19 00:00:00+00:00,1,1,1,0,2026-05-29 14:00:00+08:00,2026-05-29 14:00:00+08:00,,1500.0,REJECTED,local_hour_count_1
data/interim/notebook02_sources/hourly_forecasts/01_19a_hko_ecmwf_single_run_hourly_forecasts.csv,source_target_date_decision_rule_issue_time,2026-05-20,6h_prior,,,2026-05-19 06:00:00+00:00,2026-05-19 06:00:00+00:00,1,1,1,0,2026-05-20 14:00:00+08:00,2026-05-20 14:00:00+08:00,,1500.0,REJECTED,local_hour_count_1
data/interim/notebook02_sources/hourly_forecasts/01_19a_hko_ecmwf_single_run_hourly_forecasts.csv,source_target_date_decision_rule_issue_time,2026-05-20,12h_prior,,,2026-05-19 06:00:00+00:00,2026-05-19 06:00:00+00:00,1,1,1,0,2026-05-20 20:00:00+08:00,2026-05-20 20:00:00+08:00,,1500.0,REJECTED,local_hour_count_1
data/interim/notebook02_sources/hourly_forecasts/01_19a_hko_ecmwf_single_run_hourly_forecasts.csv,source_target_date_decision_rule_issue_time,2026-05-21,6h_prior,,,2026-05-19 06:00:00+00:00,2026-05-19 06:00:00+00:00,1,1,1,0,2026-05-21 14:00:00+08:00,2026-05-21 14:00:00+08:00,,1500.0,REJECTED,local_hour_count_1
data/interim/notebook02_sources/hourly_forecasts/01_19a_hko_ecmwf_single_run_hourly_forecasts.csv,source_target_date_decision_rule_issue_time,2026-05-21,12h_prior,,,2026-05-19 06:00:00+00:00,2026-05-19 06:00:00+00:00,1,1,1,0,2026-05-21 20:00:00+08:00,2026-05-21 20:00:00+08:00,,1500.0,REJECTED,local_hour_count_1
data/interim/notebook02_sources/hourly_forecasts/01_19a_hko_ecmwf_single_run_hourly_forecasts.csv,source_target_date_decision_rule_issue_time,2026-05-22,6h_prior,,,2026-05-19 06:00:00+00:00,2026-05-19 06:00:00+00:00,1,1,1,0,2026-05-22 14:00:00+08:00,2026-05-22 14:00:00+08:00,,1500.0,REJECTED,local_hour_count_1
data/interim/notebook02_sources/hourly_forecasts/01_19a_hko_ecmwf_single_run_hourly_forecasts.csv,source_target_date_decision_rule_issue_time,2026-05-22,12h_prior,,,2026-05-19 06:00:00+00:00,2026-05-19 06:00:00+00:00,1,1,1,0,2026-05-22 20:00:00+08:00,2026-05-22 20:00:00+08:00,,1500.0,REJECTED,local_hour_count_1
data/interim/notebook02_sources/hourly_forecasts/01_19a_hko_ecmwf_single_run_hourly_forecasts.csv,source_target_date_decision_rule_issue_time,2026-05-23,6h_prior,,,2026-05-19 06:00:00+00:00,2026-05-19 06:00:00+00:00,1,1,1,0,2026-05-23 14:00:00+08:00,2026-05-23 14:00:00+08:00,,1500.0,REJECTED,local_hour_count_1
data/interim/notebook02_sources/hourly_forecasts/01_19a_hko_ecmwf_single_run_hourly_forecasts.csv,source_target_date_decision_rule_issue_time,2026-05-23,12h_prior,,,2026-05-19 06:00:00+00:00,2026-05-19 06:00:00+00:00,1,1,1,0,2026-05-23 20:00:00+08:00,2026-05-23 20:00:00+08:00,,1500.0,REJECTED,local_hour_count_1
data/interim/notebook02_sources/hourly_forecasts/01_19a_hko_ecmwf_single_run_hourly_forecasts.csv,source_target_date_decision_rule_issue_time,2026-05-24,6h_prior,,,2026-05-19 06:00:00+00:00,2026-05-19 06:00:00+00:00,1,1,1,0,2026-05-24 14:00:00+08:00,2026-05-24 14:00:00+08:00,,1500.0,REJECTED,local_hour_count_1
data/interim/notebook02_sources/hourly_forecasts/01_19a_hko_ecmwf_single_run_hourly_forecasts.csv,source_target_date_decision_rule_issue_time,2026-05-24,12h_prior,,,2026-05-19 06:00:00+00:00,2026-05-19 06:00:00+00:00,1,1,1,0,2026-05-24 20:00:00+08:00,2026-05-24 20:00:00+08:00,,1500.0,REJECTED,local_hour_count_1
data/interim/notebook02_sources/hourly_forecasts/01_19a_hko_ecmwf_single_run_hourly_forecasts.csv,source_target_date_decision_rule_issue_time,2026-05-25,6h_prior,,,2026-05-19 06:00:00+00:00,2026-05-19 06:00:00+00:00,1,1,1,0,2026-05-25 14:00:00+08:00,2026-05-25 14:00:00+08:00,,1500.0,REJECTED,local_hour_count_1
data/interim/notebook02_sources/hourly_forecasts/01_19a_hko_ecmwf_single_run_hourly_forecasts.csv,source_target_date_decision_rule_issue_time,2026-05-25,12h_prior,,,2026-05-19 06:00:00+00:00,2026-05-19 06:00:00+00:00,1,1,1,0,2026-05-25 20:00:00+08:00,2026-05-25 20:00:00+08:00,,1500.0,REJECTED,local_hour_count_1
data/interim/notebook02_sources/hourly_forecasts/01_19a_hko_ecmwf_single_run_hourly_forecasts.csv,source_target_date_decision_rule_issue_time,2026-05-20,6h_prior,,,2026-05-19 18:00:00+00:00,2026-05-19 18:00:00+00:00,1,1,1,0,2026-05-20 14:00:00+08:00,2026-05-20 14:00:00+08:00,,1500.0,REJECTED,local_hour_count_1
data/interim/notebook02_sources/hourly_forecasts/01_19a_hko_ecmwf_single_run_hourly_forecasts.csv,source_target_date_decision_rule_issue_time,2026-05-20,12h_prior,,,2026-05-19 18:00:00+00:00,2026-05-19 18:00:00+00:00,1,1,1,0,2026-05-20 20:00:00+08:00,2026-05-20 20:00:00+08:00,,1500.0,REJECTED,local_hour_count_1
data/interim/notebook02_sources/hourly_forecasts/01_19a_hko_ecmwf_single_run_hourly_forecasts.csv,source_target_date_decision_rule_issue_time,2026-05-21,6h_prior,,,2026-05-19 18:00:00+00:00,2026-05-19 18:00:00+00:00,1,1,1,0,2026-05-21 14:00:00+08:00,2026-05-21 14:00:00+08:00,,1500.0,REJECTED,local_hour_count_1
data/interim/notebook02_sources/hourly_forecasts/01_19a_hko_ecmwf_single_run_hourly_forecasts.csv,source_target_date_decision_rule_issue_time,2026-05-21,12h_prior,,,2026-05-19 18:00:00+00:00,2026-05-19 18:00:00+00:00,1,1,1,0,2026-05-21 20:00:00+08:00,2026-05-21 20:00:00+08:00,,1500.0,REJECTED,local_hour_count_1
data/interim/notebook02_sources/hourly_forecasts/01_19a_hko_ecmwf_single_run_hourly_forecasts.csv,source_target_date_decision_rule_issue_time,2026-05-22,6h_prior,,,2026-05-19 18:00:00+00:00,2026-05-19 18:00:00+00:00,1,1,1,0,2026-05-22 14:00:00+08:00,2026-05-22 14:00:00+08:00,,1500.0,REJECTED,local_hour_count_1
data/interim/notebook02_sources/hourly_forecasts/01_19a_hko_ecmwf_single_run_hourly_forecasts.csv,source_target_date_decision_rule_issue_time,2026-05-22,12h_prior,,,2026-05-19 18:00:00+00:00,2026-05-19 18:00:00+00:00,1,1,1,0,2026-05-22 20:00:00+08:00,2026-05-22 20:00:00+08:00,,1500.0,REJECTED,local_hour_count_1
data/interim/notebook02_sources/hourly_forecasts/01_19a_hko_ecmwf_single_run_hourly_forecasts.csv,source_target_date_decision_rule_issue_time,2026-05-23,6h_prior,,,2026-05-19 18:00:00+00:00,2026-05-19 18:00:00+00:00,1,1,1,0,2026-05-23 14:00:00+08:00,2026-05-23 14:00:00+08:00,,1500.0,REJECTED,local_hour_count_1
data/interim/notebook02_sources/hourly_forecasts/01_19a_hko_ecmwf_single_run_hourly_forecasts.csv,source_target_date_decision_rule_issue_time,2026-05-23,12h_prior,,,2026-05-19 18:00:00+00:00,2026-05-19 18:00:00+00:00,1,1,1,0,2026-05-23 20:00:00+08:00,2026-05-23 20:00:00+08:00,,1500.0,REJECTED,local_hour_count_1
data/interim/notebook02_sources/hourly_forecasts/01_19a_hko_ecmwf_single_run_hourly_forecasts.csv,source_target_date_decision_rule_issue_time,2026-05-24,6h_prior,,,2026-05-19 18:00:00+00:00,2026-05-19 18:00:00+00:00,1,1,1,0,2026-05-24 14:00:00+08:00,2026-05-24 14:00:00+08:00,,1500.0,REJECTED,local_hour_count_1
data/interim/notebook02_sources/hourly_forecasts/01_19a_hko_ecmwf_single_run_hourly_forecasts.csv,source_target_date_decision_rule_issue_time,2026-05-24,12h_prior,,,2026-05-19 18:00:00+00:00,2026-05-19 18:00:00+00:00,1,1,1,0,2026-05-24 20:00:00+08:00,2026-05-24 20:00:00+08:00,,1500.0,REJECTED,local_hour_count_1
data/interim/notebook02_sources/hourly_forecasts/01_19a_hko_ecmwf_single_run_hourly_forecasts.csv,source_target_date_decision_rule_issue_time,2026-05-25,6h_prior,,,2026-05-19 18:00:00+00:00,2026-05-19 18:00:00+00:00,1,1,1,0,2026-05-25 14:00:00+08:00,2026-05-25 14:00:00+08:00,,1500.0,REJECTED,local_hour_count_1
data/interim/notebook02_sources/hourly_forecasts/01_19a_hko_ecmwf_single_run_hourly_forecasts.csv,source_target_date_decision_rule_issue_time,2026-05-25,12h_prior,,,2026-05-19 18:00:00+00:00,2026-05-19 18:00:00+00:00,1,1,1,0,2026-05-25 20:00:00+08:00,2026-05-25 20:00:00+08:00,,1500.0,REJECTED,local_hour_count_1
data/interim/notebook02_sources/hourly_forecasts/01_19a_hko_ecmwf_single_run_hourly_forecasts.csv,source_target_date_decision_rule_issue_time,2026-05-20,12h_prior,,,2026-05-20 00:00:00+00:00,2026-05-20 00:00:00+00:00,1,1,1,0,2026-05-20 20:00:00+08:00,2026-05-20 20:00:00+08:00,,1500.0,REJECTED,local_hour_count_1
data/interim/notebook02_sources/hourly_forecasts/01_19a_hko_ecmwf_single_run_hourly_forecasts.csv,source_target_date_decision_rule_issue_time,2026-05-21,6h_prior,,,2026-05-20 00:00:00+00:00,2026-05-20 00:00:00+00:00,1,1,1,0,2026-05-21 14:00:00+08:00,2026-05-21 14:00:00+08:00,,1500.0,REJECTED,local_hour_count_1
data/interim/notebook02_sources/hourly_forecasts/01_19a_hko_ecmwf_single_run_hourly_forecasts.csv,source_target_date_decision_rule_issue_time,2026-05-21,12h_prior,,,2026-05-20 00:00:00+00:00,2026-05-20 00:00:00+00:00,1,1,1,0,2026-05-21 20:00:00+08:00,2026-05-21 20:00:00+08:00,,1500.0,REJECTED,local_hour_count_1
data/interim/notebook02_sources/hourly_forecasts/01_19a_hko_ecmwf_single_run_hourly_forecasts.csv,source_target_date_decision_rule_issue_time,2026-05-22,6h_prior,,,2026-05-20 00:00:00+00:00,2026-05-20 00:00:00+00:00,1,1,1,0,2026-05-22 14:00:00+08:00,2026-05-22 14:00:00+08:00,,1500.0,REJECTED,local_hour_count_1
data/interim/notebook02_sources/hourly_forecasts/01_19a_hko_ecmwf_single_run_hourly_forecasts.csv,source_target_date_decision_rule_issue_time,2026-05-22,12h_prior,,,2026-05-20 00:00:00+00:00,2026-05-20 00:00:00+00:00,1,1,1,0,2026-05-22 20:00:00+08:00,2026-05-22 20:00:00+08:00,,1500.0,REJECTED,local_hour_count_1
data/interim/notebook02_sources/hourly_forecasts/01_19a_hko_ecmwf_single_run_hourly_forecasts.csv,source_target_date_decision_rule_issue_time,2026-05-23,6h_prior,,,2026-05-20 00:00:00+00:00,2026-05-20 00:00:00+00:00,1,1,1,0,2026-05-23 14:00:00+08:00,2026-05-23 14:00:00+08:00,,1500.0,REJECTED,local_hour_count_1
data/interim/notebook02_sources/hourly_forecasts/01_19a_hko_ecmwf_single_run_hourly_forecasts.csv,source_target_date_decision_rule_issue_time,2026-05-23,12h_prior,,,2026-05-20 00:00:00+00:00,2026-05-20 00:00:00+00:00,1,1,1,0,2026-05-23 20:00:00+08:00,2026-05-23 20:00:00+08:00,,1500.0,REJECTED,local_hour_count_1
data/interim/notebook02_sources/hourly_forecasts/01_19a_hko_ecmwf_single_run_hourly_forecasts.csv,source_target_date_decision_rule_issue_time,2026-05-24,6h_prior,,,2026-05-20 00:00:00+00:00,2026-05-20 00:00:00+00:00,1,1,1,0,2026-05-24 14:00:00+08:00,2026-05-24 14:00:00+08:00,,1500.0,REJECTED,local_hour_count_1
data/interim/notebook02_sources/hourly_forecasts/01_19a_hko_ecmwf_single_run_hourly_forecasts.csv,source_target_date_decision_rule_issue_time,2026-05-24,12h_prior,,,2026-05-20 00:00:00+00:00,2026-05-20 00:00:00+00:00,1,1,1,0,2026-05-24 20:00:00+08:00,2026-05-24 20:00:00+08:00,,1500.0,REJECTED,local_hour_count_1
data/interim/notebook02_sources/hourly_forecasts/01_19a_hko_ecmwf_single_run_hourly_forecasts.csv,source_target_date_decision_rule_issue_time,2026-05-25,6h_prior,,,2026-05-20 00:00:00+00:00,2026-05-20 00:00:00+00:00,1,1,1,0,2026-05-25 14:00:00+08:00,2026-05-25 14:00:00+08:00,,1500.0,REJECTED,local_hour_count_1
data/interim/notebook02_sources/hourly_forecasts/01_19a_hko_ecmwf_single_run_hourly_forecasts.csv,source_target_date_decision_rule_issue_time,2026-05-25,12h_prior,,,2026-05-20 00:00:00+00:00,2026-05-20 00:00:00+00:00,1,1,1,0,2026-05-25 20:00:00+08:00,2026-05-25 20:00:00+08:00,,1500.0,REJECTED,local_hour_count_1
data/interim/notebook02_sources/hourly_forecasts/01_19a_hko_ecmwf_single_run_hourly_forecasts.csv,source_target_date_decision_rule_issue_time,2026-05-26,6h_prior,,,2026-05-20 00:00:00+00:00,2026-05-20 00:00:00+00:00,1,1,1,0,2026-05-26 14:00:00+08:00,2026-05-26 14:00:00+08:00,,1500.0,REJECTED,local_hour_count_1
data/interim/notebook02_sources/hourly_forecasts/01_19a_hko_ecmwf_single_run_hourly_forecasts.csv,source_target_date_decision_rule_issue_time,2026-05-26,12h_prior,,,2026-05-20 00:00:00+00:00,2026-05-20 00:00:00+00:00,1,1,1,0,2026-05-26 20:00:00+08:00,2026-05-26 20:00:00+08:00,,1500.0,REJECTED,local_hour_count_1
data/interim/notebook02_sources/hourly_forecasts/01_19a_hko_ecmwf_single_run_hourly_forecasts.csv,source_target_date_decision_rule_issue_time,2026-05-27,6h_prior,,,2026-05-20 00:00:00+00:00,2026-05-20 00:00:00+00:00,1,1,1,0,2026-05-27 14:00:00+08:00,2026-05-27 14:00:00+08:00,,1500.0,REJECTED,local_hour_count_1
data/interim/notebook02_sources/hourly_forecasts/01_19a_hko_ecmwf_single_run_hourly_forecasts.csv,source_target_date_decision_rule_issue_time,2026-05-27,12h_prior,,,2026-05-20 00:00:00+00:00,2026-05-20 00:00:00+00:00,1,1,1,0,2026-05-27 20:00:00+08:00,2026-05-27 20:00:00+08:00,,1500.0,REJECTED,local_hour_count_1
data/interim/notebook02_sources/hourly_forecasts/01_19a_hko_ecmwf_single_run_hourly_forecasts.csv,source_target_date_decision_rule_issue_time,2026-05-28,6h_prior,,,2026-05-20 00:00:00+00:00,2026-05-20 00:00:00+00:00,1,1,1,0,2026-05-28 14:00:00+08:00,2026-05-28 14:00:00+08:00,,1500.0,REJECTED,local_hour_count_1
data/interim/notebook02_sources/hourly_forecasts/01_19a_hko_ecmwf_single_run_hourly_forecasts.csv,source_target_date_decision_rule_issue_time,2026-05-28,12h_prior,,,2026-05-20 00:00:00+00:00,2026-05-20 00:00:00+00:00,1,1,1,0,2026-05-28 20:00:00+08:00,2026-05-28 20:00:00+08:00,,1500.0,REJECTED,local_hour_count_1
data/interim/notebook02_sources/hourly_forecasts/01_19a_hko_ecmwf_single_run_hourly_forecasts.csv,source_target_date_decision_rule_issue_time,2026-05-29,6h_prior,,,2026-05-20 00:00:00+00:00,2026-05-20 00:00:00+00:00,1,1,1,0,2026-05-29 14:00:00+08:00,2026-05-29 14:00:00+08:00,,1500.0,REJECTED,local_hour_count_1
data/interim/notebook02_sources/hourly_forecasts/01_19a_hko_ecmwf_single_run_hourly_forecasts.csv,source_target_date_decision_rule_issue_time,2026-05-29,12h_prior,,,2026-05-20 00:00:00+00:00,2026-05-20 00:00:00+00:00,1,1,1,0,2026-05-29 20:00:00+08:00,2026-05-29 20:00:00+08:00,,1500.0,REJECTED,local_hour_count_1
data/interim/notebook02_sources/hourly_forecasts/01_19a_hko_ecmwf_single_run_hourly_forecasts.csv,source_target_date_decision_rule_issue_time,2026-05-30,6h_prior,,,2026-05-20 00:00:00+00:00,2026-05-20 00:00:00+00:00,1,1,1,0,2026-05-30 14:00:00+08:00,2026-05-30 14:00:00+08:00,,1500.0,REJECTED,local_hour_count_1
data/interim/notebook02_sources/hourly_forecasts/01_19a_hko_ecmwf_single_run_hourly_forecasts.csv,source_target_date_decision_rule_issue_time,2026-05-21,6h_prior,,,2026-05-20 06:00:00+00:00,2026-05-20 06:00:00+00:00,1,1,1,0,2026-05-21 14:00:00+08:00,2026-05-21 14:00:00+08:00,,1500.0,REJECTED,local_hour_count_1
data/interim/notebook02_sources/hourly_forecasts/01_19a_hko_ecmwf_single_run_hourly_forecasts.csv,source_target_date_decision_rule_issue_time,2026-05-21,12h_prior,,,2026-05-20 06:00:00+00:00,2026-05-20 06:00:00+00:00,1,1,1,0,2026-05-21 20:00:00+08:00,2026-05-21 20:00:00+08:00,,1500.0,REJECTED,local_hour_count_1
data/interim/notebook02_sources/hourly_forecasts/01_19a_hko_ecmwf_single_run_hourly_forecasts.csv,source_target_date_decision_rule_issue_time,2026-05-22,6h_prior,,,2026-05-20 06:00:00+00:00,2026-05-20 06:00:00+00:00,1,1,1,0,2026-05-22 14:00:00+08:00,2026-05-22 14:00:00+08:00,,1500.0,REJECTED,local_hour_count_1
data/interim/notebook02_sources/hourly_forecasts/01_19a_hko_ecmwf_single_run_hourly_forecasts.csv,source_target_date_decision_rule_issue_time,2026-05-22,12h_prior,,,2026-05-20 06:00:00+00:00,2026-05-20 06:00:00+00:00,1,1,1,0,2026-05-22 20:00:00+08:00,2026-05-22 20:00:00+08:00,,1500.0,REJECTED,local_hour_count_1
data/interim/notebook02_sources/hourly_forecasts/01_19a_hko_ecmwf_single_run_hourly_forecasts.csv,source_target_date_decision_rule_issue_time,2026-05-23,6h_prior,,,2026-05-20 06:00:00+00:00,2026-05-20 06:00:00+00:00,1,1,1,0,2026-05-23 14:00:00+08:00,2026-05-23 14:00:00+08:00,,1500.0,REJECTED,local_hour_count_1
data/interim/notebook02_sources/hourly_forecasts/01_19a_hko_ecmwf_single_run_hourly_forecasts.csv,source_target_date_decision_rule_issue_time,2026-05-23,12h_prior,,,2026-05-20 06:00:00+00:00,2026-05-20 06:00:00+00:00,1,1,1,0,2026-05-23 20:00:00+08:00,2026-05-23 20:00:00+08:00,,1500.0,REJECTED,local_hour_count_1
data/interim/notebook02_sources/hourly_forecasts/01_19a_hko_ecmwf_single_run_hourly_forecasts.csv,source_target_date_decision_rule_issue_time,2026-05-24,6h_prior,,,2026-05-20 06:00:00+00:00,2026-05-20 06:00:00+00:00,1,1,1,0,2026-05-24 14:00:00+08:00,2026-05-24 14:00:00+08:00,,1500.0,REJECTED,local_hour_count_1
data/interim/notebook02_sources/hourly_forecasts/01_19a_hko_ecmwf_single_run_hourly_forecasts.csv,source_target_date_decision_rule_issue_time,2026-05-24,12h_prior,,,2026-05-20 06:00:00+00:00,2026-05-20 06:00:00+00:00,1,1,1,0,2026-05-24 20:00:00+08:00,2026-05-24 20:00:00+08:00,,1500.0,REJECTED,local_hour_count_1
data/interim/notebook02_sources/hourly_forecasts/01_19a_hko_ecmwf_single_run_hourly_forecasts.csv,source_target_date_decision_rule_issue_time,2026-05-25,6h_prior,,,2026-05-20 06:00:00+00:00,2026-05-20 06:00:00+00:00,1,1,1,0,2026-05-25 14:00:00+08:00,2026-05-25 14:00:00+08:00,,1500.0,REJECTED,local_hour_count_1
data/interim/notebook02_sources/hourly_forecasts/01_19a_hko_ecmwf_single_run_hourly_forecasts.csv,source_target_date_decision_rule_issue_time,2026-05-25,12h_prior,,,2026-05-20 06:00:00+00:00,2026-05-20 06:00:00+00:00,1,1,1,0,2026-05-25 20:00:00+08:00,2026-05-25 20:00:00+08:00,,1500.0,REJECTED,local_hour_count_1
data/interim/notebook02_sources/hourly_forecasts/01_19a_hko_ecmwf_single_run_hourly_forecasts.csv,source_target_date_decision_rule_issue_time,2026-05-26,6h_prior,,,2026-05-20 06:00:00+00:00,2026-05-20 06:00:00+00:00,1,1,1,0,2026-05-26 14:00:00+08:00,2026-05-26 14:00:00+08:00,,1500.0,REJECTED,local_hour_count_1
data/interim/notebook02_sources/hourly_forecasts/01_19a_hko_ecmwf_single_run_hourly_forecasts.csv,source_target_date_decision_rule_issue_time,2026-05-26,12h_prior,,,2026-05-20 06:00:00+00:00,2026-05-20 06:00:00+00:00,1,1,1,0,2026-05-26 20:00:00+08:00,2026-05-26 20:00:00+08:00,,1500.0,REJECTED,local_hour_count_1
data/interim/notebook02_sources/hourly_forecasts/01_19a_hko_ecmwf_single_run_hourly_forecasts.csv,source_target_date_decision_rule_issue_time,2026-05-21,6h_prior,,,2026-05-20 18:00:00+00:00,2026-05-20 18:00:00+00:00,1,1,1,0,2026-05-21 14:00:00+08:00,2026-05-21 14:00:00+08:00,,1500.0,REJECTED,local_hour_count_1
data/interim/notebook02_sources/hourly_forecasts/01_19a_hko_ecmwf_single_run_hourly_forecasts.csv,source_target_date_decision_rule_issue_time,2026-05-21,12h_prior,,,2026-05-20 18:00:00+00:00,2026-05-20 18:00:00+00:00,1,1,1,0,2026-05-21 20:00:00+08:00,2026-05-21 20:00:00+08:00,,1500.0,REJECTED,local_hour_count_1
data/interim/notebook02_sources/hourly_forecasts/01_19a_hko_ecmwf_single_run_hourly_forecasts.csv,source_target_date_decision_rule_issue_time,2026-05-22,6h_prior,,,2026-05-20 18:00:00+00:00,2026-05-20 18:00:00+00:00,1,1,1,0,2026-05-22 14:00:00+08:00,2026-05-22 14:00:00+08:00,,1500.0,REJECTED,local_hour_count_1
data/interim/notebook02_sources/hourly_forecasts/01_19a_hko_ecmwf_single_run_hourly_forecasts.csv,source_target_date_decision_rule_issue_time,2026-05-22,12h_prior,,,2026-05-20 18:00:00+00:00,2026-05-20 18:00:00+00:00,1,1,1,0,2026-05-22 20:00:00+08:00,2026-05-22 20:00:00+08:00,,1500.0,REJECTED,local_hour_count_1
data/interim/notebook02_sources/hourly_forecasts/01_19a_hko_ecmwf_single_run_hourly_forecasts.csv,source_target_date_decision_rule_issue_time,2026-05-23,6h_prior,,,2026-05-20 18:00:00+00:00,2026-05-20 18:00:00+00:00,1,1,1,0,2026-05-23 14:00:00+08:00,2026-05-23 14:00:00+08:00,,1500.0,REJECTED,local_hour_count_1
data/interim/notebook02_sources/hourly_forecasts/01_19a_hko_ecmwf_single_run_hourly_forecasts.csv,source_target_date_decision_rule_issue_time,2026-05-23,12h_prior,,,2026-05-20 18:00:00+00:00,2026-05-20 18:00:00+00:00,1,1,1,0,2026-05-23 20:00:00+08:00,2026-05-23 20:00:00+08:00,,1500.0,REJECTED,local_hour_count_1
data/interim/notebook02_sources/hourly_forecasts/01_19a_hko_ecmwf_single_run_hourly_forecasts.csv,source_target_date_decision_rule_issue_time,2026-05-24,6h_prior,,,2026-05-20 18:00:00+00:00,2026-05-20 18:00:00+00:00,1,1,1,0,2026-05-24 14:00:00+08:00,2026-05-24 14:00:00+08:00,,1500.0,REJECTED,local_hour_count_1
data/interim/notebook02_sources/hourly_forecasts/01_19a_hko_ecmwf_single_run_hourly_forecasts.csv,source_target_date_decision_rule_issue_time,2026-05-24,12h_prior,,,2026-05-20 18:00:00+00:00,2026-05-20 18:00:00+00:00,1,1,1,0,2026-05-24 20:00:00+08:00,2026-05-24 20:00:00+08:00,,1500.0,REJECTED,local_hour_count_1
data/interim/notebook02_sources/hourly_forecasts/01_19a_hko_ecmwf_single_run_hourly_forecasts.csv,source_target_date_decision_rule_issue_time,2026-05-25,6h_prior,,,2026-05-20 18:00:00+00:00,2026-05-20 18:00:00+00:00,1,1,1,0,2026-05-25 14:00:00+08:00,2026-05-25 14:00:00+08:00,,1500.0,REJECTED,local_hour_count_1
data/interim/notebook02_sources/hourly_forecasts/01_19a_hko_ecmwf_single_run_hourly_forecasts.csv,source_target_date_decision_rule_issue_time,2026-05-25,12h_prior,,,2026-05-20 18:00:00+00:00,2026-05-20 18:00:00+00:00,1,1,1,0,2026-05-25 20:00:00+08:00,2026-05-25 20:00:00+08:00,,1500.0,REJECTED,local_hour_count_1
data/interim/notebook02_sources/hourly_forecasts/01_19a_hko_ecmwf_single_run_hourly_forecasts.csv,source_target_date_decision_rule_issue_time,2026-05-26,6h_prior,,,2026-05-20 18:00:00+00:00,2026-05-20 18:00:00+00:00,1,1,1,0,2026-05-26 14:00:00+08:00,2026-05-26 14:00:00+08:00,,1500.0,REJECTED,local_hour_count_1
data/interim/notebook02_sources/hourly_forecasts/01_19a_hko_ecmwf_single_run_hourly_forecasts.csv,source_target_date_decision_rule_issue_time,2026-05-26,12h_prior,,,2026-05-20 18:00:00+00:00,2026-05-20 18:00:00+00:00,1,1,1,0,2026-05-26 20:00:00+08:00,2026-05-26 20:00:00+08:00,,1500.0,REJECTED,local_hour_count_1
data/interim/notebook02_sources/hourly_forecasts/01_19a_hko_ecmwf_single_run_hourly_forecasts.csv,source_target_date_decision_rule_issue_time,2026-05-21,12h_prior,,,2026-05-21 00:00:00+00:00,2026-05-21 00:00:00+00:00,1,1,1,0,2026-05-21 20:00:00+08:00,2026-05-21 20:00:00+08:00,,1500.0,REJECTED,local_hour_count_1
data/interim/notebook02_sources/hourly_forecasts/01_19a_hko_ecmwf_single_run_hourly_forecasts.csv,source_target_date_decision_rule_issue_time,2026-05-22,6h_prior,,,2026-05-21 00:00:00+00:00,2026-05-21 00:00:00+00:00,1,1,1,0,2026-05-22 14:00:00+08:00,2026-05-22 14:00:00+08:00,,1500.0,REJECTED,local_hour_count_1
data/interim/notebook02_sources/hourly_forecasts/01_19a_hko_ecmwf_single_run_hourly_forecasts.csv,source_target_date_decision_rule_issue_time,2026-05-22,12h_prior,,,2026-05-21 00:00:00+00:00,2026-05-21 00:00:00+00:00,1,1,1,0,2026-05-22 20:00:00+08:00,2026-05-22 20:00:00+08:00,,1500.0,REJECTED,local_hour_count_1
data/interim/notebook02_sources/hourly_forecasts/01_19a_hko_ecmwf_single_run_hourly_forecasts.csv,source_target_date_decision_rule_issue_time,2026-05-23,6h_prior,,,2026-05-21 00:00:00+00:00,2026-05-21 00:00:00+00:00,1,1,1,0,2026-05-23 14:00:00+08:00,2026-05-23 14:00:00+08:00,,1500.0,REJECTED,local_hour_count_1
data/interim/notebook02_sources/hourly_forecasts/01_19a_hko_ecmwf_single_run_hourly_forecasts.csv,source_target_date_decision_rule_issue_time,2026-05-23,12h_prior,,,2026-05-21 00:00:00+00:00,2026-05-21 00:00:00+00:00,1,1,1,0,2026-05-23 20:00:00+08:00,2026-05-23 20:00:00+08:00,,1500.0,REJECTED,local_hour_count_1
data/interim/notebook02_sources/hourly_forecasts/01_19a_hko_ecmwf_single_run_hourly_forecasts.csv,source_target_date_decision_rule_issue_time,2026-05-24,6h_prior,,,2026-05-21 00:00:00+00:00,2026-05-21 00:00:00+00:00,1,1,1,0,2026-05-24 14:00:00+08:00,2026-05-24 14:00:00+08:00,,1500.0,REJECTED,local_hour_count_1
data/interim/notebook02_sources/hourly_forecasts/01_19a_hko_ecmwf_single_run_hourly_forecasts.csv,source_target_date_decision_rule_issue_time,2026-05-24,12h_prior,,,2026-05-21 00:00:00+00:00,2026-05-21 00:00:00+00:00,1,1,1,0,2026-05-24 20:00:00+08:00,2026-05-24 20:00:00+08:00,,1500.0,REJECTED,local_hour_count_1
data/interim/notebook02_sources/hourly_forecasts/01_19a_hko_ecmwf_single_run_hourly_forecasts.csv,source_target_date_decision_rule_issue_time,2026-05-25,6h_prior,,,2026-05-21 00:00:00+00:00,2026-05-21 00:00:00+00:00,1,1,1,0,2026-05-25 14:00:00+08:00,2026-05-25 14:00:00+08:00,,1500.0,REJECTED,local_hour_count_1
data/interim/notebook02_sources/hourly_forecasts/01_19a_hko_ecmwf_single_run_hourly_forecasts.csv,source_target_date_decision_rule_issue_time,2026-05-25,12h_prior,,,2026-05-21 00:00:00+00:00,2026-05-21 00:00:00+00:00,1,1,1,0,2026-05-25 20:00:00+08:00,2026-05-25 20:00:00+08:00,,1500.0,REJECTED,local_hour_count_1
data/interim/notebook02_sources/hourly_forecasts/01_19a_hko_ecmwf_single_run_hourly_forecasts.csv,source_target_date_decision_rule_issue_time,2026-05-26,6h_prior,,,2026-05-21 00:00:00+00:00,2026-05-21 00:00:00+00:00,1,1,1,0,2026-05-26 14:00:00+08:00,2026-05-26 14:00:00+08:00,,1500.0,REJECTED,local_hour_count_1
data/interim/notebook02_sources/hourly_forecasts/01_19a_hko_ecmwf_single_run_hourly_forecasts.csv,source_target_date_decision_rule_issue_time,2026-05-26,12h_prior,,,2026-05-21 00:00:00+00:00,2026-05-21 00:00:00+00:00,1,1,1,0,2026-05-26 20:00:00+08:00,2026-05-26 20:00:00+08:00,,1500.0,REJECTED,local_hour_count_1
data/interim/notebook02_sources/hourly_forecasts/01_19a_hko_ecmwf_single_run_hourly_forecasts.csv,source_target_date_decision_rule_issue_time,2026-05-27,6h_prior,,,2026-05-21 00:00:00+00:00,2026-05-21 00:00:00+00:00,1,1,1,0,2026-05-27 14:00:00+08:00,2026-05-27 14:00:00+08:00,,1500.0,REJECTED,local_hour_count_1
data/interim/notebook02_sources/hourly_forecasts/01_19a_hko_ecmwf_single_run_hourly_forecasts.csv,source_target_date_decision_rule_issue_time,2026-05-27,12h_prior,,,2026-05-21 00:00:00+00:00,2026-05-21 00:00:00+00:00,1,1,1,0,2026-05-27 20:00:00+08:00,2026-05-27 20:00:00+08:00,,1500.0,REJECTED,local_hour_count_1
data/interim/notebook02_sources/hourly_forecasts/01_19a_hko_ecmwf_single_run_hourly_forecasts.csv,source_target_date_decision_rule_issue_time,2026-05-28,6h_prior,,,2026-05-21 00:00:00+00:00,2026-05-21 00:00:00+00:00,1,1,1,0,2026-05-28 14:00:00+08:00,2026-05-28 14:00:00+08:00,,1500.0,REJECTED,local_hour_count_1
data/interim/notebook02_sources/hourly_forecasts/01_19a_hko_ecmwf_single_run_hourly_forecasts.csv,source_target_date_decision_rule_issue_time,2026-05-28,12h_prior,,,2026-05-21 00:00:00+00:00,2026-05-21 00:00:00+00:00,1,1,1,0,2026-05-28 20:00:00+08:00,2026-05-28 20:00:00+08:00,,1500.0,REJECTED,local_hour_count_1
data/interim/notebook02_sources/hourly_forecasts/01_19a_hko_ecmwf_single_run_hourly_forecasts.csv,source_target_date_decision_rule_issue_time,2026-05-29,6h_prior,,,2026-05-21 00:00:00+00:00,2026-05-21 00:00:00+00:00,1,1,1,0,2026-05-29 14:00:00+08:00,2026-05-29 14:00:00+08:00,,1500.0,REJECTED,local_hour_count_1
data/interim/notebook02_sources/hourly_forecasts/01_19a_hko_ecmwf_single_run_hourly_forecasts.csv,source_target_date_decision_rule_issue_time,2026-05-29,12h_prior,,,2026-05-21 00:00:00+00:00,2026-05-21 00:00:00+00:00,1,1,1,0,2026-05-29 20:00:00+08:00,2026-05-29 20:00:00+08:00,,1500.0,REJECTED,local_hour_count_1
data/interim/notebook02_sources/hourly_forecasts/01_19a_hko_ecmwf_single_run_hourly_forecasts.csv,source_target_date_decision_rule_issue_time,2026-05-30,6h_prior,,,2026-05-21 00:00:00+00:00,2026-05-21 00:00:00+00:00,1,1,1,0,2026-05-30 14:00:00+08:00,2026-05-30 14:00:00+08:00,,1500.0,REJECTED,local_hour_count_1
data/interim/notebook02_sources/hourly_forecasts/01_19a_hko_ecmwf_single_run_hourly_forecasts.csv,source_target_date_decision_rule_issue_time,2026-05-30,12h_prior,,,2026-05-21 00:00:00+00:00,2026-05-21 00:00:00+00:00,1,1,1,0,2026-05-30 20:00:00+08:00,2026-05-30 20:00:00+08:00,,1500.0,REJECTED,local_hour_count_1
data/interim/notebook02_sources/hourly_forecasts/01_19a_hko_ecmwf_single_run_hourly_forecasts.csv,source_target_date_decision_rule_issue_time,2026-05-31,6h_prior,,,2026-05-21 00:00:00+00:00,2026-05-21 00:00:00+00:00,1,1,1,0,2026-05-31 14:00:00+08:00,2026-05-31 14:00:00+08:00,,1500.0,REJECTED,local_hour_count_1
data/interim/notebook02_sources/hourly_forecasts/01_19a_hko_ecmwf_single_run_hourly_forecasts.csv,source_target_date_decision_rule_issue_time,2026-05-22,6h_prior,,,2026-05-21 06:00:00+00:00,2026-05-21 06:00:00+00:00,1,1,1,0,2026-05-22 14:00:00+08:00,2026-05-22 14:00:00+08:00,,1500.0,REJECTED,local_hour_count_1
data/interim/notebook02_sources/hourly_forecasts/01_19a_hko_ecmwf_single_run_hourly_forecasts.csv,source_target_date_decision_rule_issue_time,2026-05-22,12h_prior,,,2026-05-21 06:00:00+00:00,2026-05-21 06:00:00+00:00,1,1,1,0,2026-05-22 20:00:00+08:00,2026-05-22 20:00:00+08:00,,1500.0,REJECTED,local_hour_count_1
data/interim/notebook02_sources/hourly_forecasts/01_19a_hko_ecmwf_single_run_hourly_forecasts.csv,source_target_date_decision_rule_issue_time,2026-05-23,6h_prior,,,2026-05-21 06:00:00+00:00,2026-05-21 06:00:00+00:00,1,1,1,0,2026-05-23 14:00:00+08:00,2026-05-23 14:00:00+08:00,,1500.0,REJECTED,local_hour_count_1
data/interim/notebook02_sources/hourly_forecasts/01_19a_hko_ecmwf_single_run_hourly_forecasts.csv,source_target_date_decision_rule_issue_time,2026-05-23,12h_prior,,,2026-05-21 06:00:00+00:00,2026-05-21 06:00:00+00:00,1,1,1,0,2026-05-23 20:00:00+08:00,2026-05-23 20:00:00+08:00,,1500.0,REJECTED,local_hour_count_1
data/interim/notebook02_sources/hourly_forecasts/01_19a_hko_ecmwf_single_run_hourly_forecasts.csv,source_target_date_decision_rule_issue_time,2026-05-24,6h_prior,,,2026-05-21 06:00:00+00:00,2026-05-21 06:00:00+00:00,1,1,1,0,2026-05-24 14:00:00+08:00,2026-05-24 14:00:00+08:00,,1500.0,REJECTED,local_hour_count_1
data/interim/notebook02_sources/hourly_forecasts/01_19a_hko_ecmwf_single_run_hourly_forecasts.csv,source_target_date_decision_rule_issue_time,2026-05-24,12h_prior,,,2026-05-21 06:00:00+00:00,2026-05-21 06:00:00+00:00,1,1,1,0,2026-05-24 20:00:00+08:00,2026-05-24 20:00:00+08:00,,1500.0,REJECTED,local_hour_count_1
data/interim/notebook02_sources/hourly_forecasts/01_19a_hko_ecmwf_single_run_hourly_forecasts.csv,source_target_date_decision_rule_issue_time,2026-05-25,6h_prior,,,2026-05-21 06:00:00+00:00,2026-05-21 06:00:00+00:00,1,1,1,0,2026-05-25 14:00:00+08:00,2026-05-25 14:00:00+08:00,,1500.0,REJECTED,local_hour_count_1
data/interim/notebook02_sources/hourly_forecasts/01_19a_hko_ecmwf_single_run_hourly_forecasts.csv,source_target_date_decision_rule_issue_time,2026-05-25,12h_prior,,,2026-05-21 06:00:00+00:00,2026-05-21 06:00:00+00:00,1,1,1,0,2026-05-25 20:00:00+08:00,2026-05-25 20:00:00+08:00,,1500.0,REJECTED,local_hour_count_1
data/interim/notebook02_sources/hourly_forecasts/01_19a_hko_ecmwf_single_run_hourly_forecasts.csv,source_target_date_decision_rule_issue_time,2026-05-26,6h_prior,,,2026-05-21 06:00:00+00:00,2026-05-21 06:00:00+00:00,1,1,1,0,2026-05-26 14:00:00+08:00,2026-05-26 14:00:00+08:00,,1500.0,REJECTED,local_hour_count_1
data/interim/notebook02_sources/hourly_forecasts/01_19a_hko_ecmwf_single_run_hourly_forecasts.csv,source_target_date_decision_rule_issue_time,2026-05-26,12h_prior,,,2026-05-21 06:00:00+00:00,2026-05-21 06:00:00+00:00,1,1,1,0,2026-05-26 20:00:00+08:00,2026-05-26 20:00:00+08:00,,1500.0,REJECTED,local_hour_count_1
data/interim/notebook02_sources/hourly_forecasts/01_19a_hko_ecmwf_single_run_hourly_forecasts.csv,source_target_date_decision_rule_issue_time,2026-05-27,6h_prior,,,2026-05-21 06:00:00+00:00,2026-05-21 06:00:00+00:00,1,1,1,0,2026-05-27 14:00:00+08:00,2026-05-27 14:00:00+08:00,,1500.0,REJECTED,local_hour_count_1
data/interim/notebook02_sources/hourly_forecasts/01_19a_hko_ecmwf_single_run_hourly_forecasts.csv,source_target_date_decision_rule_issue_time,2026-05-27,12h_prior,,,2026-05-21 06:00:00+00:00,2026-05-21 06:00:00+00:00,1,1,1,0,2026-05-27 20:00:00+08:00,2026-05-27 20:00:00+08:00,,1500.0,REJECTED,local_hour_count_1
data/interim/notebook02_sources/hourly_forecasts/01_19a_hko_ecmwf_single_run_hourly_forecasts.csv,source_target_date_decision_rule_issue_time,2026-05-22,6h_prior,,,2026-05-21 18:00:00+00:00,2026-05-21 18:00:00+00:00,1,1,1,0,2026-05-22 14:00:00+08:00,2026-05-22 14:00:00+08:00,,1500.0,REJECTED,local_hour_count_1
data/interim/notebook02_sources/hourly_forecasts/01_19a_hko_ecmwf_single_run_hourly_forecasts.csv,source_target_date_decision_rule_issue_time,2026-05-22,12h_prior,,,2026-05-21 18:00:00+00:00,2026-05-21 18:00:00+00:00,1,1,1,0,2026-05-22 20:00:00+08:00,2026-05-22 20:00:00+08:00,,1500.0,REJECTED,local_hour_count_1
data/interim/notebook02_sources/hourly_forecasts/01_19a_hko_ecmwf_single_run_hourly_forecasts.csv,source_target_date_decision_rule_issue_time,2026-05-23,6h_prior,,,2026-05-21 18:00:00+00:00,2026-05-21 18:00:00+00:00,1,1,1,0,2026-05-23 14:00:00+08:00,2026-05-23 14:00:00+08:00,,1500.0,REJECTED,local_hour_count_1
data/interim/notebook02_sources/hourly_forecasts/01_19a_hko_ecmwf_single_run_hourly_forecasts.csv,source_target_date_decision_rule_issue_time,2026-05-23,12h_prior,,,2026-05-21 18:00:00+00:00,2026-05-21 18:00:00+00:00,1,1,1,0,2026-05-23 20:00:00+08:00,2026-05-23 20:00:00+08:00,,1500.0,REJECTED,local_hour_count_1
data/interim/notebook02_sources/hourly_forecasts/01_19a_hko_ecmwf_single_run_hourly_forecasts.csv,source_target_date_decision_rule_issue_time,2026-05-24,6h_prior,,,2026-05-21 18:00:00+00:00,2026-05-21 18:00:00+00:00,1,1,1,0,2026-05-24 14:00:00+08:00,2026-05-24 14:00:00+08:00,,1500.0,REJECTED,local_hour_count_1
data/interim/notebook02_sources/hourly_forecasts/01_19a_hko_ecmwf_single_run_hourly_forecasts.csv,source_target_date_decision_rule_issue_time,2026-05-24,12h_prior,,,2026-05-21 18:00:00+00:00,2026-05-21 18:00:00+00:00,1,1,1,0,2026-05-24 20:00:00+08:00,2026-05-24 20:00:00+08:00,,1500.0,REJECTED,local_hour_count_1
data/interim/notebook02_sources/hourly_forecasts/01_19a_hko_ecmwf_single_run_hourly_forecasts.csv,source_target_date_decision_rule_issue_time,2026-05-25,6h_prior,,,2026-05-21 18:00:00+00:00,2026-05-21 18:00:00+00:00,1,1,1,0,2026-05-25 14:00:00+08:00,2026-05-25 14:00:00+08:00,,1500.0,REJECTED,local_hour_count_1
data/interim/notebook02_sources/hourly_forecasts/01_19a_hko_ecmwf_single_run_hourly_forecasts.csv,source_target_date_decision_rule_issue_time,2026-05-25,12h_prior,,,2026-05-21 18:00:00+00:00,2026-05-21 18:00:00+00:00,1,1,1,0,2026-05-25 20:00:00+08:00,2026-05-25 20:00:00+08:00,,1500.0,REJECTED,local_hour_count_1
data/interim/notebook02_sources/hourly_forecasts/01_19a_hko_ecmwf_single_run_hourly_forecasts.csv,source_target_date_decision_rule_issue_time,2026-05-26,6h_prior,,,2026-05-21 18:00:00+00:00,2026-05-21 18:00:00+00:00,1,1,1,0,2026-05-26 14:00:00+08:00,2026-05-26 14:00:00+08:00,,1500.0,REJECTED,local_hour_count_1
data/interim/notebook02_sources/hourly_forecasts/01_19a_hko_ecmwf_single_run_hourly_forecasts.csv,source_target_date_decision_rule_issue_time,2026-05-26,12h_prior,,,2026-05-21 18:00:00+00:00,2026-05-21 18:00:00+00:00,1,1,1,0,2026-05-26 20:00:00+08:00,2026-05-26 20:00:00+08:00,,1500.0,REJECTED,local_hour_count_1
data/interim/notebook02_sources/hourly_forecasts/01_19a_hko_ecmwf_single_run_hourly_forecasts.csv,source_target_date_decision_rule_issue_time,2026-05-27,6h_prior,,,2026-05-21 18:00:00+00:00,2026-05-21 18:00:00+00:00,1,1,1,0,2026-05-27 14:00:00+08:00,2026-05-27 14:00:00+08:00,,1500.0,REJECTED,local_hour_count_1
data/interim/notebook02_sources/hourly_forecasts/01_19a_hko_ecmwf_single_run_hourly_forecasts.csv,source_target_date_decision_rule_issue_time,2026-05-27,12h_prior,,,2026-05-21 18:00:00+00:00,2026-05-21 18:00:00+00:00,1,1,1,0,2026-05-27 20:00:00+08:00,2026-05-27 20:00:00+08:00,,1500.0,REJECTED,local_hour_count_1
data/interim/notebook02_sources/hourly_forecasts/01_19a_hko_ecmwf_single_run_hourly_forecasts.csv,source_target_date_decision_rule_issue_time,2026-05-22,12h_prior,,,2026-05-22 00:00:00+00:00,2026-05-22 00:00:00+00:00,1,1,1,0,2026-05-22 20:00:00+08:00,2026-05-22 20:00:00+08:00,,1500.0,REJECTED,local_hour_count_1
data/interim/notebook02_sources/hourly_forecasts/01_19a_hko_ecmwf_single_run_hourly_forecasts.csv,source_target_date_decision_rule_issue_time,2026-05-23,6h_prior,,,2026-05-22 00:00:00+00:00,2026-05-22 00:00:00+00:00,1,1,1,0,2026-05-23 14:00:00+08:00,2026-05-23 14:00:00+08:00,,1500.0,REJECTED,local_hour_count_1
data/interim/notebook02_sources/hourly_forecasts/01_19a_hko_ecmwf_single_run_hourly_forecasts.csv,source_target_date_decision_rule_issue_time,2026-05-23,12h_prior,,,2026-05-22 00:00:00+00:00,2026-05-22 00:00:00+00:00,1,1,1,0,2026-05-23 20:00:00+08:00,2026-05-23 20:00:00+08:00,,1500.0,REJECTED,local_hour_count_1
data/interim/notebook02_sources/hourly_forecasts/01_19a_hko_ecmwf_single_run_hourly_forecasts.csv,source_target_date_decision_rule_issue_time,2026-05-24,6h_prior,,,2026-05-22 00:00:00+00:00,2026-05-22 00:00:00+00:00,1,1,1,0,2026-05-24 14:00:00+08:00,2026-05-24 14:00:00+08:00,,1500.0,REJECTED,local_hour_count_1
data/interim/notebook02_sources/hourly_forecasts/01_19a_hko_ecmwf_single_run_hourly_forecasts.csv,source_target_date_decision_rule_issue_time,2026-05-24,12h_prior,,,2026-05-22 00:00:00+00:00,2026-05-22 00:00:00+00:00,1,1,1,0,2026-05-24 20:00:00+08:00,2026-05-24 20:00:00+08:00,,1500.0,REJECTED,local_hour_count_1
data/interim/notebook02_sources/hourly_forecasts/01_19a_hko_ecmwf_single_run_hourly_forecasts.csv,source_target_date_decision_rule_issue_time,2026-05-25,6h_prior,,,2026-05-22 00:00:00+00:00,2026-05-22 00:00:00+00:00,1,1,1,0,2026-05-25 14:00:00+08:00,2026-05-25 14:00:00+08:00,,1500.0,REJECTED,local_hour_count_1
data/interim/notebook02_sources/hourly_forecasts/01_19a_hko_ecmwf_single_run_hourly_forecasts.csv,source_target_date_decision_rule_issue_time,2026-05-25,12h_prior,,,2026-05-22 00:00:00+00:00,2026-05-22 00:00:00+00:00,1,1,1,0,2026-05-25 20:00:00+08:00,2026-05-25 20:00:00+08:00,,1500.0,REJECTED,local_hour_count_1
data/interim/notebook02_sources/hourly_forecasts/01_19a_hko_ecmwf_single_run_hourly_forecasts.csv,source_target_date_decision_rule_issue_time,2026-05-26,6h_prior,,,2026-05-22 00:00:00+00:00,2026-05-22 00:00:00+00:00,1,1,1,0,2026-05-26 14:00:00+08:00,2026-05-26 14:00:00+08:00,,1500.0,REJECTED,local_hour_count_1
data/interim/notebook02_sources/hourly_forecasts/01_19a_hko_ecmwf_single_run_hourly_forecasts.csv,source_target_date_decision_rule_issue_time,2026-05-26,12h_prior,,,2026-05-22 00:00:00+00:00,2026-05-22 00:00:00+00:00,1,1,1,0,2026-05-26 20:00:00+08:00,2026-05-26 20:00:00+08:00,,1500.0,REJECTED,local_hour_count_1
data/interim/notebook02_sources/hourly_forecasts/01_19a_hko_ecmwf_single_run_hourly_forecasts.csv,source_target_date_decision_rule_issue_time,2026-05-27,6h_prior,,,2026-05-22 00:00:00+00:00,2026-05-22 00:00:00+00:00,1,1,1,0,2026-05-27 14:00:00+08:00,2026-05-27 14:00:00+08:00,,1500.0,REJECTED,local_hour_count_1
data/interim/notebook02_sources/hourly_forecasts/01_19a_hko_ecmwf_single_run_hourly_forecasts.csv,source_target_date_decision_rule_issue_time,2026-05-27,12h_prior,,,2026-05-22 00:00:00+00:00,2026-05-22 00:00:00+00:00,1,1,1,0,2026-05-27 20:00:00+08:00,2026-05-27 20:00:00+08:00,,1500.0,REJECTED,local_hour_count_1
data/interim/notebook02_sources/hourly_forecasts/01_19a_hko_ecmwf_single_run_hourly_forecasts.csv,source_target_date_decision_rule_issue_time,2026-05-28,6h_prior,,,2026-05-22 00:00:00+00:00,2026-05-22 00:00:00+00:00,1,1,1,0,2026-05-28 14:00:00+08:00,2026-05-28 14:00:00+08:00,,1500.0,REJECTED,local_hour_count_1
data/interim/notebook02_sources/hourly_forecasts/01_19a_hko_ecmwf_single_run_hourly_forecasts.csv,source_target_date_decision_rule_issue_time,2026-05-28,12h_prior,,,2026-05-22 00:00:00+00:00,2026-05-22 00:00:00+00:00,1,1,1,0,2026-05-28 20:00:00+08:00,2026-05-28 20:00:00+08:00,,1500.0,REJECTED,local_hour_count_1
data/interim/notebook02_sources/hourly_forecasts/01_19a_hko_ecmwf_single_run_hourly_forecasts.csv,source_target_date_decision_rule_issue_time,2026-05-29,6h_prior,,,2026-05-22 00:00:00+00:00,2026-05-22 00:00:00+00:00,1,1,1,0,2026-05-29 14:00:00+08:00,2026-05-29 14:00:00+08:00,,1500.0,REJECTED,local_hour_count_1
data/interim/notebook02_sources/hourly_forecasts/01_19a_hko_ecmwf_single_run_hourly_forecasts.csv,source_target_date_decision_rule_issue_time,2026-05-29,12h_prior,,,2026-05-22 00:00:00+00:00,2026-05-22 00:00:00+00:00,1,1,1,0,2026-05-29 20:00:00+08:00,2026-05-29 20:00:00+08:00,,1500.0,REJECTED,local_hour_count_1
data/interim/notebook02_sources/hourly_forecasts/01_19a_hko_ecmwf_single_run_hourly_forecasts.csv,source_target_date_decision_rule_issue_time,2026-05-30,6h_prior,,,2026-05-22 00:00:00+00:00,2026-05-22 00:00:00+00:00,1,1,1,0,2026-05-30 14:00:00+08:00,2026-05-30 14:00:00+08:00,,1500.0,REJECTED,local_hour_count_1
data/interim/notebook02_sources/hourly_forecasts/01_19a_hko_ecmwf_single_run_hourly_forecasts.csv,source_target_date_decision_rule_issue_time,2026-05-30,12h_prior,,,2026-05-22 00:00:00+00:00,2026-05-22 00:00:00+00:00,1,1,1,0,2026-05-30 20:00:00+08:00,2026-05-30 20:00:00+08:00,,1500.0,REJECTED,local_hour_count_1
data/interim/notebook02_sources/hourly_forecasts/01_19a_hko_ecmwf_single_run_hourly_forecasts.csv,source_target_date_decision_rule_issue_time,2026-05-31,6h_prior,,,2026-05-22 00:00:00+00:00,2026-05-22 00:00:00+00:00,1,1,1,0,2026-05-31 14:00:00+08:00,2026-05-31 14:00:00+08:00,,1500.0,REJECTED,local_hour_count_1
data/interim/notebook02_sources/hourly_forecasts/01_19a_hko_ecmwf_single_run_hourly_forecasts.csv,source_target_date_decision_rule_issue_time,2026-05-31,12h_prior,,,2026-05-22 00:00:00+00:00,2026-05-22 00:00:00+00:00,1,1,1,0,2026-05-31 20:00:00+08:00,2026-05-31 20:00:00+08:00,,1500.0,REJECTED,local_hour_count_1
data/interim/notebook02_sources/hourly_forecasts/01_19a_hko_ecmwf_single_run_hourly_forecasts.csv,source_target_date_decision_rule_issue_time,2026-06-01,6h_prior,,,2026-05-22 00:00:00+00:00,2026-05-22 00:00:00+00:00,1,1,1,0,2026-06-01 14:00:00+08:00,2026-06-01 14:00:00+08:00,,1500.0,REJECTED,local_hour_count_1
data/interim/notebook02_sources/hourly_forecasts/01_19a_hko_ecmwf_single_run_hourly_forecasts.csv,source_target_date_decision_rule_issue_time,2026-05-23,6h_prior,,,2026-05-22 06:00:00+00:00,2026-05-22 06:00:00+00:00,1,1,1,0,2026-05-23 14:00:00+08:00,2026-05-23 14:00:00+08:00,,1500.0,REJECTED,local_hour_count_1
data/interim/notebook02_sources/hourly_forecasts/01_19a_hko_ecmwf_single_run_hourly_forecasts.csv,source_target_date_decision_rule_issue_time,2026-05-23,12h_prior,,,2026-05-22 06:00:00+00:00,2026-05-22 06:00:00+00:00,1,1,1,0,2026-05-23 20:00:00+08:00,2026-05-23 20:00:00+08:00,,1500.0,REJECTED,local_hour_count_1
data/interim/notebook02_sources/hourly_forecasts/01_19a_hko_ecmwf_single_run_hourly_forecasts.csv,source_target_date_decision_rule_issue_time,2026-05-24,6h_prior,,,2026-05-22 06:00:00+00:00,2026-05-22 06:00:00+00:00,1,1,1,0,2026-05-24 14:00:00+08:00,2026-05-24 14:00:00+08:00,,1500.0,REJECTED,local_hour_count_1
data/interim/notebook02_sources/hourly_forecasts/01_19a_hko_ecmwf_single_run_hourly_forecasts.csv,source_target_date_decision_rule_issue_time,2026-05-24,12h_prior,,,2026-05-22 06:00:00+00:00,2026-05-22 06:00:00+00:00,1,1,1,0,2026-05-24 20:00:00+08:00,2026-05-24 20:00:00+08:00,,1500.0,REJECTED,local_hour_count_1
data/interim/notebook02_sources/hourly_forecasts/01_19a_hko_ecmwf_single_run_hourly_forecasts.csv,source_target_date_decision_rule_issue_time,2026-05-25,6h_prior,,,2026-05-22 06:00:00+00:00,2026-05-22 06:00:00+00:00,1,1,1,0,2026-05-25 14:00:00+08:00,2026-05-25 14:00:00+08:00,,1500.0,REJECTED,local_hour_count_1
data/interim/notebook02_sources/hourly_forecasts/01_19a_hko_ecmwf_single_run_hourly_forecasts.csv,source_target_date_decision_rule_issue_time,2026-05-25,12h_prior,,,2026-05-22 06:00:00+00:00,2026-05-22 06:00:00+00:00,1,1,1,0,2026-05-25 20:00:00+08:00,2026-05-25 20:00:00+08:00,,1500.0,REJECTED,local_hour_count_1
data/interim/notebook02_sources/hourly_forecasts/01_19a_hko_ecmwf_single_run_hourly_forecasts.csv,source_target_date_decision_rule_issue_time,2026-05-26,6h_prior,,,2026-05-22 06:00:00+00:00,2026-05-22 06:00:00+00:00,1,1,1,0,2026-05-26 14:00:00+08:00,2026-05-26 14:00:00+08:00,,1500.0,REJECTED,local_hour_count_1
data/interim/notebook02_sources/hourly_forecasts/01_19a_hko_ecmwf_single_run_hourly_forecasts.csv,source_target_date_decision_rule_issue_time,2026-05-26,12h_prior,,,2026-05-22 06:00:00+00:00,2026-05-22 06:00:00+00:00,1,1,1,0,2026-05-26 20:00:00+08:00,2026-05-26 20:00:00+08:00,,1500.0,REJECTED,local_hour_count_1
data/interim/notebook02_sources/hourly_forecasts/01_19a_hko_ecmwf_single_run_hourly_forecasts.csv,source_target_date_decision_rule_issue_time,2026-05-27,6h_prior,,,2026-05-22 06:00:00+00:00,2026-05-22 06:00:00+00:00,1,1,1,0,2026-05-27 14:00:00+08:00,2026-05-27 14:00:00+08:00,,1500.0,REJECTED,local_hour_count_1
data/interim/notebook02_sources/hourly_forecasts/01_19a_hko_ecmwf_single_run_hourly_forecasts.csv,source_target_date_decision_rule_issue_time,2026-05-27,12h_prior,,,2026-05-22 06:00:00+00:00,2026-05-22 06:00:00+00:00,1,1,1,0,2026-05-27 20:00:00+08:00,2026-05-27 20:00:00+08:00,,1500.0,REJECTED,local_hour_count_1
data/interim/notebook02_sources/hourly_forecasts/01_19a_hko_ecmwf_single_run_hourly_forecasts.csv,source_target_date_decision_rule_issue_time,2026-05-28,6h_prior,,,2026-05-22 06:00:00+00:00,2026-05-22 06:00:00+00:00,1,1,1,0,2026-05-28 14:00:00+08:00,2026-05-28 14:00:00+08:00,,1500.0,REJECTED,local_hour_count_1
data/interim/notebook02_sources/hourly_forecasts/01_19a_hko_ecmwf_single_run_hourly_forecasts.csv,source_target_date_decision_rule_issue_time,2026-05-28,12h_prior,,,2026-05-22 06:00:00+00:00,2026-05-22 06:00:00+00:00,1,1,1,0,2026-05-28 20:00:00+08:00,2026-05-28 20:00:00+08:00,,1500.0,REJECTED,local_hour_count_1
data/interim/notebook02_sources/hourly_forecasts/01_19a_hko_ecmwf_single_run_hourly_forecasts.csv,source_target_date_decision_rule_issue_time,2026-05-23,6h_prior,,,2026-05-22 18:00:00+00:00,2026-05-22 18:00:00+00:00,1,1,1,0,2026-05-23 14:00:00+08:00,2026-05-23 14:00:00+08:00,,1500.0,REJECTED,local_hour_count_1
data/interim/notebook02_sources/hourly_forecasts/01_19a_hko_ecmwf_single_run_hourly_forecasts.csv,source_target_date_decision_rule_issue_time,2026-05-23,12h_prior,,,2026-05-22 18:00:00+00:00,2026-05-22 18:00:00+00:00,1,1,1,0,2026-05-23 20:00:00+08:00,2026-05-23 20:00:00+08:00,,1500.0,REJECTED,local_hour_count_1
data/interim/notebook02_sources/hourly_forecasts/01_19a_hko_ecmwf_single_run_hourly_forecasts.csv,source_target_date_decision_rule_issue_time,2026-05-24,6h_prior,,,2026-05-22 18:00:00+00:00,2026-05-22 18:00:00+00:00,1,1,1,0,2026-05-24 14:00:00+08:00,2026-05-24 14:00:00+08:00,,1500.0,REJECTED,local_hour_count_1
data/interim/notebook02_sources/hourly_forecasts/01_19a_hko_ecmwf_single_run_hourly_forecasts.csv,source_target_date_decision_rule_issue_time,2026-05-24,12h_prior,,,2026-05-22 18:00:00+00:00,2026-05-22 18:00:00+00:00,1,1,1,0,2026-05-24 20:00:00+08:00,2026-05-24 20:00:00+08:00,,1500.0,REJECTED,local_hour_count_1
data/interim/notebook02_sources/hourly_forecasts/01_19a_hko_ecmwf_single_run_hourly_forecasts.csv,source_target_date_decision_rule_issue_time,2026-05-25,6h_prior,,,2026-05-22 18:00:00+00:00,2026-05-22 18:00:00+00:00,1,1,1,0,2026-05-25 14:00:00+08:00,2026-05-25 14:00:00+08:00,,1500.0,REJECTED,local_hour_count_1
data/interim/notebook02_sources/hourly_forecasts/01_19a_hko_ecmwf_single_run_hourly_forecasts.csv,source_target_date_decision_rule_issue_time,2026-05-25,12h_prior,,,2026-05-22 18:00:00+00:00,2026-05-22 18:00:00+00:00,1,1,1,0,2026-05-25 20:00:00+08:00,2026-05-25 20:00:00+08:00,,1500.0,REJECTED,local_hour_count_1
data/interim/notebook02_sources/hourly_forecasts/01_19a_hko_ecmwf_single_run_hourly_forecasts.csv,source_target_date_decision_rule_issue_time,2026-05-26,6h_prior,,,2026-05-22 18:00:00+00:00,2026-05-22 18:00:00+00:00,1,1,1,0,2026-05-26 14:00:00+08:00,2026-05-26 14:00:00+08:00,,1500.0,REJECTED,local_hour_count_1
data/interim/notebook02_sources/hourly_forecasts/01_19a_hko_ecmwf_single_run_hourly_forecasts.csv,source_target_date_decision_rule_issue_time,2026-05-26,12h_prior,,,2026-05-22 18:00:00+00:00,2026-05-22 18:00:00+00:00,1,1,1,0,2026-05-26 20:00:00+08:00,2026-05-26 20:00:00+08:00,,1500.0,REJECTED,local_hour_count_1
data/interim/notebook02_sources/hourly_forecasts/01_19a_hko_ecmwf_single_run_hourly_forecasts.csv,source_target_date_decision_rule_issue_time,2026-05-27,6h_prior,,,2026-05-22 18:00:00+00:00,2026-05-22 18:00:00+00:00,1,1,1,0,2026-05-27 14:00:00+08:00,2026-05-27 14:00:00+08:00,,1500.0,REJECTED,local_hour_count_1
data/interim/notebook02_sources/hourly_forecasts/01_19a_hko_ecmwf_single_run_hourly_forecasts.csv,source_target_date_decision_rule_issue_time,2026-05-27,12h_prior,,,2026-05-22 18:00:00+00:00,2026-05-22 18:00:00+00:00,1,1,1,0,2026-05-27 20:00:00+08:00,2026-05-27 20:00:00+08:00,,1500.0,REJECTED,local_hour_count_1
data/interim/notebook02_sources/hourly_forecasts/01_19a_hko_ecmwf_single_run_hourly_forecasts.csv,source_target_date_decision_rule_issue_time,2026-05-28,6h_prior,,,2026-05-22 18:00:00+00:00,2026-05-22 18:00:00+00:00,1,1,1,0,2026-05-28 14:00:00+08:00,2026-05-28 14:00:00+08:00,,1500.0,REJECTED,local_hour_count_1
data/interim/notebook02_sources/hourly_forecasts/01_19a_hko_ecmwf_single_run_hourly_forecasts.csv,source_target_date_decision_rule_issue_time,2026-05-28,12h_prior,,,2026-05-22 18:00:00+00:00,2026-05-22 18:00:00+00:00,1,1,1,0,2026-05-28 20:00:00+08:00,2026-05-28 20:00:00+08:00,,1500.0,REJECTED,local_hour_count_1
data/interim/notebook02_sources/hourly_forecasts/01_19a_hko_ecmwf_single_run_hourly_forecasts.csv,source_target_date_decision_rule_issue_time,2026-05-23,12h_prior,,,2026-05-23 00:00:00+00:00,2026-05-23 00:00:00+00:00,1,1,1,0,2026-05-23 20:00:00+08:00,2026-05-23 20:00:00+08:00,,1500.0,REJECTED,local_hour_count_1
data/interim/notebook02_sources/hourly_forecasts/01_19a_hko_ecmwf_single_run_hourly_forecasts.csv,source_target_date_decision_rule_issue_time,2026-05-24,6h_prior,,,2026-05-23 00:00:00+00:00,2026-05-23 00:00:00+00:00,1,1,1,0,2026-05-24 14:00:00+08:00,2026-05-24 14:00:00+08:00,,1500.0,REJECTED,local_hour_count_1
data/interim/notebook02_sources/hourly_forecasts/01_19a_hko_ecmwf_single_run_hourly_forecasts.csv,source_target_date_decision_rule_issue_time,2026-05-24,12h_prior,,,2026-05-23 00:00:00+00:00,2026-05-23 00:00:00+00:00,1,1,1,0,2026-05-24 20:00:00+08:00,2026-05-24 20:00:00+08:00,,1500.0,REJECTED,local_hour_count_1
data/interim/notebook02_sources/hourly_forecasts/01_19a_hko_ecmwf_single_run_hourly_forecasts.csv,source_target_date_decision_rule_issue_time,2026-05-25,6h_prior,,,2026-05-23 00:00:00+00:00,2026-05-23 00:00:00+00:00,1,1,1,0,2026-05-25 14:00:00+08:00,2026-05-25 14:00:00+08:00,,1500.0,REJECTED,local_hour_count_1
data/interim/notebook02_sources/hourly_forecasts/01_19a_hko_ecmwf_single_run_hourly_forecasts.csv,source_target_date_decision_rule_issue_time,2026-05-25,12h_prior,,,2026-05-23 00:00:00+00:00,2026-05-23 00:00:00+00:00,1,1,1,0,2026-05-25 20:00:00+08:00,2026-05-25 20:00:00+08:00,,1500.0,REJECTED,local_hour_count_1
data/interim/notebook02_sources/hourly_forecasts/01_19a_hko_ecmwf_single_run_hourly_forecasts.csv,source_target_date_decision_rule_issue_time,2026-05-26,6h_prior,,,2026-05-23 00:00:00+00:00,2026-05-23 00:00:00+00:00,1,1,1,0,2026-05-26 14:00:00+08:00,2026-05-26 14:00:00+08:00,,1500.0,REJECTED,local_hour_count_1
data/interim/notebook02_sources/hourly_forecasts/01_19a_hko_ecmwf_single_run_hourly_forecasts.csv,source_target_date_decision_rule_issue_time,2026-05-26,12h_prior,,,2026-05-23 00:00:00+00:00,2026-05-23 00:00:00+00:00,1,1,1,0,2026-05-26 20:00:00+08:00,2026-05-26 20:00:00+08:00,,1500.0,REJECTED,local_hour_count_1
data/interim/notebook02_sources/hourly_forecasts/01_19a_hko_ecmwf_single_run_hourly_forecasts.csv,source_target_date_decision_rule_issue_time,2026-05-27,6h_prior,,,2026-05-23 00:00:00+00:00,2026-05-23 00:00:00+00:00,1,1,1,0,2026-05-27 14:00:00+08:00,2026-05-27 14:00:00+08:00,,1500.0,REJECTED,local_hour_count_1
data/interim/notebook02_sources/hourly_forecasts/01_19a_hko_ecmwf_single_run_hourly_forecasts.csv,source_target_date_decision_rule_issue_time,2026-05-27,12h_prior,,,2026-05-23 00:00:00+00:00,2026-05-23 00:00:00+00:00,1,1,1,0,2026-05-27 20:00:00+08:00,2026-05-27 20:00:00+08:00,,1500.0,REJECTED,local_hour_count_1
data/interim/notebook02_sources/hourly_forecasts/01_19a_hko_ecmwf_single_run_hourly_forecasts.csv,source_target_date_decision_rule_issue_time,2026-05-28,6h_prior,,,2026-05-23 00:00:00+00:00,2026-05-23 00:00:00+00:00,1,1,1,0,2026-05-28 14:00:00+08:00,2026-05-28 14:00:00+08:00,,1500.0,REJECTED,local_hour_count_1
data/interim/notebook02_sources/hourly_forecasts/01_19a_hko_ecmwf_single_run_hourly_forecasts.csv,source_target_date_decision_rule_issue_time,2026-05-28,12h_prior,,,2026-05-23 00:00:00+00:00,2026-05-23 00:00:00+00:00,1,1,1,0,2026-05-28 20:00:00+08:00,2026-05-28 20:00:00+08:00,,1500.0,REJECTED,local_hour_count_1
data/interim/notebook02_sources/hourly_forecasts/01_19a_hko_ecmwf_single_run_hourly_forecasts.csv,source_target_date_decision_rule_issue_time,2026-05-29,6h_prior,,,2026-05-23 00:00:00+00:00,2026-05-23 00:00:00+00:00,1,1,1,0,2026-05-29 14:00:00+08:00,2026-05-29 14:00:00+08:00,,1500.0,REJECTED,local_hour_count_1
data/interim/notebook02_sources/hourly_forecasts/01_19a_hko_ecmwf_single_run_hourly_forecasts.csv,source_target_date_decision_rule_issue_time,2026-05-29,12h_prior,,,2026-05-23 00:00:00+00:00,2026-05-23 00:00:00+00:00,1,1,1,0,2026-05-29 20:00:00+08:00,2026-05-29 20:00:00+08:00,,1500.0,REJECTED,local_hour_count_1
data/interim/notebook02_sources/hourly_forecasts/01_19a_hko_ecmwf_single_run_hourly_forecasts.csv,source_target_date_decision_rule_issue_time,2026-05-30,6h_prior,,,2026-05-23 00:00:00+00:00,2026-05-23 00:00:00+00:00,1,1,1,0,2026-05-30 14:00:00+08:00,2026-05-30 14:00:00+08:00,,1500.0,REJECTED,local_hour_count_1
data/interim/notebook02_sources/hourly_forecasts/01_19a_hko_ecmwf_single_run_hourly_forecasts.csv,source_target_date_decision_rule_issue_time,2026-05-30,12h_prior,,,2026-05-23 00:00:00+00:00,2026-05-23 00:00:00+00:00,1,1,1,0,2026-05-30 20:00:00+08:00,2026-05-30 20:00:00+08:00,,1500.0,REJECTED,local_hour_count_1
data/interim/notebook02_sources/hourly_forecasts/01_19a_hko_ecmwf_single_run_hourly_forecasts.csv,source_target_date_decision_rule_issue_time,2026-05-31,6h_prior,,,2026-05-23 00:00:00+00:00,2026-05-23 00:00:00+00:00,1,1,1,0,2026-05-31 14:00:00+08:00,2026-05-31 14:00:00+08:00,,1500.0,REJECTED,local_hour_count_1
data/interim/notebook02_sources/hourly_forecasts/01_19a_hko_ecmwf_single_run_hourly_forecasts.csv,source_target_date_decision_rule_issue_time,2026-05-31,12h_prior,,,2026-05-23 00:00:00+00:00,2026-05-23 00:00:00+00:00,1,1,1,0,2026-05-31 20:00:00+08:00,2026-05-31 20:00:00+08:00,,1500.0,REJECTED,local_hour_count_1
data/interim/notebook02_sources/hourly_forecasts/01_19a_hko_ecmwf_single_run_hourly_forecasts.csv,source_target_date_decision_rule_issue_time,2026-06-01,6h_prior,,,2026-05-23 00:00:00+00:00,2026-05-23 00:00:00+00:00,1,1,1,0,2026-06-01 14:00:00+08:00,2026-06-01 14:00:00+08:00,,1500.0,REJECTED,local_hour_count_1
data/interim/notebook02_sources/hourly_forecasts/01_19a_hko_ecmwf_single_run_hourly_forecasts.csv,source_target_date_decision_rule_issue_time,2026-06-01,12h_prior,,,2026-05-23 00:00:00+00:00,2026-05-23 00:00:00+00:00,1,1,1,0,2026-06-01 20:00:00+08:00,2026-06-01 20:00:00+08:00,,1500.0,REJECTED,local_hour_count_1
data/interim/notebook02_sources/hourly_forecasts/01_19a_hko_ecmwf_single_run_hourly_forecasts.csv,source_target_date_decision_rule_issue_time,2026-06-02,6h_prior,,,2026-05-23 00:00:00+00:00,2026-05-23 00:00:00+00:00,1,1,1,0,2026-06-02 14:00:00+08:00,2026-06-02 14:00:00+08:00,,1500.0,REJECTED,local_hour_count_1
data/interim/notebook02_sources/hourly_forecasts/01_19a_hko_ecmwf_single_run_hourly_forecasts.csv,source_target_date_decision_rule_issue_time,2026-05-24,6h_prior,,,2026-05-23 06:00:00+00:00,2026-05-23 06:00:00+00:00,1,1,1,0,2026-05-24 14:00:00+08:00,2026-05-24 14:00:00+08:00,,1500.0,REJECTED,local_hour_count_1
data/interim/notebook02_sources/hourly_forecasts/01_19a_hko_ecmwf_single_run_hourly_forecasts.csv,source_target_date_decision_rule_issue_time,2026-05-24,12h_prior,,,2026-05-23 06:00:00+00:00,2026-05-23 06:00:00+00:00,1,1,1,0,2026-05-24 20:00:00+08:00,2026-05-24 20:00:00+08:00,,1500.0,REJECTED,local_hour_count_1
data/interim/notebook02_sources/hourly_forecasts/01_19a_hko_ecmwf_single_run_hourly_forecasts.csv,source_target_date_decision_rule_issue_time,2026-05-25,6h_prior,,,2026-05-23 06:00:00+00:00,2026-05-23 06:00:00+00:00,1,1,1,0,2026-05-25 14:00:00+08:00,2026-05-25 14:00:00+08:00,,1500.0,REJECTED,local_hour_count_1
data/interim/notebook02_sources/hourly_forecasts/01_19a_hko_ecmwf_single_run_hourly_forecasts.csv,source_target_date_decision_rule_issue_time,2026-05-25,12h_prior,,,2026-05-23 06:00:00+00:00,2026-05-23 06:00:00+00:00,1,1,1,0,2026-05-25 20:00:00+08:00,2026-05-25 20:00:00+08:00,,1500.0,REJECTED,local_hour_count_1
data/interim/notebook02_sources/hourly_forecasts/01_19a_hko_ecmwf_single_run_hourly_forecasts.csv,source_target_date_decision_rule_issue_time,2026-05-26,6h_prior,,,2026-05-23 06:00:00+00:00,2026-05-23 06:00:00+00:00,1,1,1,0,2026-05-26 14:00:00+08:00,2026-05-26 14:00:00+08:00,,1500.0,REJECTED,local_hour_count_1
data/interim/notebook02_sources/hourly_forecasts/01_19a_hko_ecmwf_single_run_hourly_forecasts.csv,source_target_date_decision_rule_issue_time,2026-05-26,12h_prior,,,2026-05-23 06:00:00+00:00,2026-05-23 06:00:00+00:00,1,1,1,0,2026-05-26 20:00:00+08:00,2026-05-26 20:00:00+08:00,,1500.0,REJECTED,local_hour_count_1
data/interim/notebook02_sources/hourly_forecasts/01_19a_hko_ecmwf_single_run_hourly_forecasts.csv,source_target_date_decision_rule_issue_time,2026-05-27,6h_prior,,,2026-05-23 06:00:00+00:00,2026-05-23 06:00:00+00:00,1,1,1,0,2026-05-27 14:00:00+08:00,2026-05-27 14:00:00+08:00,,1500.0,REJECTED,local_hour_count_1
data/interim/notebook02_sources/hourly_forecasts/01_19a_hko_ecmwf_single_run_hourly_forecasts.csv,source_target_date_decision_rule_issue_time,2026-05-27,12h_prior,,,2026-05-23 06:00:00+00:00,2026-05-23 06:00:00+00:00,1,1,1,0,2026-05-27 20:00:00+08:00,2026-05-27 20:00:00+08:00,,1500.0,REJECTED,local_hour_count_1
data/interim/notebook02_sources/hourly_forecasts/01_19a_hko_ecmwf_single_run_hourly_forecasts.csv,source_target_date_decision_rule_issue_time,2026-05-28,6h_prior,,,2026-05-23 06:00:00+00:00,2026-05-23 06:00:00+00:00,1,1,1,0,2026-05-28 14:00:00+08:00,2026-05-28 14:00:00+08:00,,1500.0,REJECTED,local_hour_count_1
data/interim/notebook02_sources/hourly_forecasts/01_19a_hko_ecmwf_single_run_hourly_forecasts.csv,source_target_date_decision_rule_issue_time,2026-05-28,12h_prior,,,2026-05-23 06:00:00+00:00,2026-05-23 06:00:00+00:00,1,1,1,0,2026-05-28 20:00:00+08:00,2026-05-28 20:00:00+08:00,,1500.0,REJECTED,local_hour_count_1
data/interim/notebook02_sources/hourly_forecasts/01_19a_hko_ecmwf_single_run_hourly_forecasts.csv,source_target_date_decision_rule_issue_time,2026-05-29,6h_prior,,,2026-05-23 06:00:00+00:00,2026-05-23 06:00:00+00:00,1,1,1,0,2026-05-29 14:00:00+08:00,2026-05-29 14:00:00+08:00,,1500.0,REJECTED,local_hour_count_1
data/interim/notebook02_sources/hourly_forecasts/01_19a_hko_ecmwf_single_run_hourly_forecasts.csv,source_target_date_decision_rule_issue_time,2026-05-29,12h_prior,,,2026-05-23 06:00:00+00:00,2026-05-23 06:00:00+00:00,1,1,1,0,2026-05-29 20:00:00+08:00,2026-05-29 20:00:00+08:00,,1500.0,REJECTED,local_hour_count_1
data/interim/notebook02_sources/hourly_forecasts/01_19a_hko_ecmwf_single_run_hourly_forecasts.csv,source_target_date_decision_rule_issue_time,2026-05-24,6h_prior,,,2026-05-23 18:00:00+00:00,2026-05-23 18:00:00+00:00,1,1,1,0,2026-05-24 14:00:00+08:00,2026-05-24 14:00:00+08:00,,1500.0,REJECTED,local_hour_count_1
data/interim/notebook02_sources/hourly_forecasts/01_19a_hko_ecmwf_single_run_hourly_forecasts.csv,source_target_date_decision_rule_issue_time,2026-05-24,12h_prior,,,2026-05-23 18:00:00+00:00,2026-05-23 18:00:00+00:00,1,1,1,0,2026-05-24 20:00:00+08:00,2026-05-24 20:00:00+08:00,,1500.0,REJECTED,local_hour_count_1
data/interim/notebook02_sources/hourly_forecasts/01_19a_hko_ecmwf_single_run_hourly_forecasts.csv,source_target_date_decision_rule_issue_time,2026-05-25,6h_prior,,,2026-05-23 18:00:00+00:00,2026-05-23 18:00:00+00:00,1,1,1,0,2026-05-25 14:00:00+08:00,2026-05-25 14:00:00+08:00,,1500.0,REJECTED,local_hour_count_1
data/interim/notebook02_sources/hourly_forecasts/01_19a_hko_ecmwf_single_run_hourly_forecasts.csv,source_target_date_decision_rule_issue_time,2026-05-25,12h_prior,,,2026-05-23 18:00:00+00:00,2026-05-23 18:00:00+00:00,1,1,1,0,2026-05-25 20:00:00+08:00,2026-05-25 20:00:00+08:00,,1500.0,REJECTED,local_hour_count_1
data/interim/notebook02_sources/hourly_forecasts/01_19a_hko_ecmwf_single_run_hourly_forecasts.csv,source_target_date_decision_rule_issue_time,2026-05-26,6h_prior,,,2026-05-23 18:00:00+00:00,2026-05-23 18:00:00+00:00,1,1,1,0,2026-05-26 14:00:00+08:00,2026-05-26 14:00:00+08:00,,1500.0,REJECTED,local_hour_count_1
data/interim/notebook02_sources/hourly_forecasts/01_19a_hko_ecmwf_single_run_hourly_forecasts.csv,source_target_date_decision_rule_issue_time,2026-05-26,12h_prior,,,2026-05-23 18:00:00+00:00,2026-05-23 18:00:00+00:00,1,1,1,0,2026-05-26 20:00:00+08:00,2026-05-26 20:00:00+08:00,,1500.0,REJECTED,local_hour_count_1
data/interim/notebook02_sources/hourly_forecasts/01_19a_hko_ecmwf_single_run_hourly_forecasts.csv,source_target_date_decision_rule_issue_time,2026-05-27,6h_prior,,,2026-05-23 18:00:00+00:00,2026-05-23 18:00:00+00:00,1,1,1,0,2026-05-27 14:00:00+08:00,2026-05-27 14:00:00+08:00,,1500.0,REJECTED,local_hour_count_1
data/interim/notebook02_sources/hourly_forecasts/01_19a_hko_ecmwf_single_run_hourly_forecasts.csv,source_target_date_decision_rule_issue_time,2026-05-27,12h_prior,,,2026-05-23 18:00:00+00:00,2026-05-23 18:00:00+00:00,1,1,1,0,2026-05-27 20:00:00+08:00,2026-05-27 20:00:00+08:00,,1500.0,REJECTED,local_hour_count_1
data/interim/notebook02_sources/hourly_forecasts/01_19a_hko_ecmwf_single_run_hourly_forecasts.csv,source_target_date_decision_rule_issue_time,2026-05-28,6h_prior,,,2026-05-23 18:00:00+00:00,2026-05-23 18:00:00+00:00,1,1,1,0,2026-05-28 14:00:00+08:00,2026-05-28 14:00:00+08:00,,1500.0,REJECTED,local_hour_count_1
data/interim/notebook02_sources/hourly_forecasts/01_19a_hko_ecmwf_single_run_hourly_forecasts.csv,source_target_date_decision_rule_issue_time,2026-05-28,12h_prior,,,2026-05-23 18:00:00+00:00,2026-05-23 18:00:00+00:00,1,1,1,0,2026-05-28 20:00:00+08:00,2026-05-28 20:00:00+08:00,,1500.0,REJECTED,local_hour_count_1
data/interim/notebook02_sources/hourly_forecasts/01_19a_hko_ecmwf_single_run_hourly_forecasts.csv,source_target_date_decision_rule_issue_time,2026-05-29,6h_prior,,,2026-05-23 18:00:00+00:00,2026-05-23 18:00:00+00:00,1,1,1,0,2026-05-29 14:00:00+08:00,2026-05-29 14:00:00+08:00,,1500.0,REJECTED,local_hour_count_1
data/interim/notebook02_sources/hourly_forecasts/01_19a_hko_ecmwf_single_run_hourly_forecasts.csv,source_target_date_decision_rule_issue_time,2026-05-29,12h_prior,,,2026-05-23 18:00:00+00:00,2026-05-23 18:00:00+00:00,1,1,1,0,2026-05-29 20:00:00+08:00,2026-05-29 20:00:00+08:00,,1500.0,REJECTED,local_hour_count_1
data/interim/notebook02_sources/hourly_forecasts/01_19a_hko_ecmwf_single_run_hourly_forecasts.csv,source_target_date_decision_rule_issue_time,2026-05-24,12h_prior,,,2026-05-24 00:00:00+00:00,2026-05-24 00:00:00+00:00,1,1,1,0,2026-05-24 20:00:00+08:00,2026-05-24 20:00:00+08:00,,1500.0,REJECTED,local_hour_count_1
data/interim/notebook02_sources/hourly_forecasts/01_19a_hko_ecmwf_single_run_hourly_forecasts.csv,source_target_date_decision_rule_issue_time,2026-05-25,6h_prior,,,2026-05-24 00:00:00+00:00,2026-05-24 00:00:00+00:00,1,1,1,0,2026-05-25 14:00:00+08:00,2026-05-25 14:00:00+08:00,,1500.0,REJECTED,local_hour_count_1
data/interim/notebook02_sources/hourly_forecasts/01_19a_hko_ecmwf_single_run_hourly_forecasts.csv,source_target_date_decision_rule_issue_time,2026-05-25,12h_prior,,,2026-05-24 00:00:00+00:00,2026-05-24 00:00:00+00:00,1,1,1,0,2026-05-25 20:00:00+08:00,2026-05-25 20:00:00+08:00,,1500.0,REJECTED,local_hour_count_1
data/interim/notebook02_sources/hourly_forecasts/01_19a_hko_ecmwf_single_run_hourly_forecasts.csv,source_target_date_decision_rule_issue_time,2026-05-26,6h_prior,,,2026-05-24 00:00:00+00:00,2026-05-24 00:00:00+00:00,1,1,1,0,2026-05-26 14:00:00+08:00,2026-05-26 14:00:00+08:00,,1500.0,REJECTED,local_hour_count_1
data/interim/notebook02_sources/hourly_forecasts/01_19a_hko_ecmwf_single_run_hourly_forecasts.csv,source_target_date_decision_rule_issue_time,2026-05-26,12h_prior,,,2026-05-24 00:00:00+00:00,2026-05-24 00:00:00+00:00,1,1,1,0,2026-05-26 20:00:00+08:00,2026-05-26 20:00:00+08:00,,1500.0,REJECTED,local_hour_count_1
data/interim/notebook02_sources/hourly_forecasts/01_19a_hko_ecmwf_single_run_hourly_forecasts.csv,source_target_date_decision_rule_issue_time,2026-05-27,6h_prior,,,2026-05-24 00:00:00+00:00,2026-05-24 00:00:00+00:00,1,1,1,0,2026-05-27 14:00:00+08:00,2026-05-27 14:00:00+08:00,,1500.0,REJECTED,local_hour_count_1
data/interim/notebook02_sources/hourly_forecasts/01_19a_hko_ecmwf_single_run_hourly_forecasts.csv,source_target_date_decision_rule_issue_time,2026-05-27,12h_prior,,,2026-05-24 00:00:00+00:00,2026-05-24 00:00:00+00:00,1,1,1,0,2026-05-27 20:00:00+08:00,2026-05-27 20:00:00+08:00,,1500.0,REJECTED,local_hour_count_1
data/interim/notebook02_sources/hourly_forecasts/01_19a_hko_ecmwf_single_run_hourly_forecasts.csv,source_target_date_decision_rule_issue_time,2026-05-28,6h_prior,,,2026-05-24 00:00:00+00:00,2026-05-24 00:00:00+00:00,1,1,1,0,2026-05-28 14:00:00+08:00,2026-05-28 14:00:00+08:00,,1500.0,REJECTED,local_hour_count_1
data/interim/notebook02_sources/hourly_forecasts/01_19a_hko_ecmwf_single_run_hourly_forecasts.csv,source_target_date_decision_rule_issue_time,2026-05-28,12h_prior,,,2026-05-24 00:00:00+00:00,2026-05-24 00:00:00+00:00,1,1,1,0,2026-05-28 20:00:00+08:00,2026-05-28 20:00:00+08:00,,1500.0,REJECTED,local_hour_count_1
data/interim/notebook02_sources/hourly_forecasts/01_19a_hko_ecmwf_single_run_hourly_forecasts.csv,source_target_date_decision_rule_issue_time,2026-05-29,6h_prior,,,2026-05-24 00:00:00+00:00,2026-05-24 00:00:00+00:00,1,1,1,0,2026-05-29 14:00:00+08:00,2026-05-29 14:00:00+08:00,,1500.0,REJECTED,local_hour_count_1
data/interim/notebook02_sources/hourly_forecasts/01_19a_hko_ecmwf_single_run_hourly_forecasts.csv,source_target_date_decision_rule_issue_time,2026-05-29,12h_prior,,,2026-05-24 00:00:00+00:00,2026-05-24 00:00:00+00:00,1,1,1,0,2026-05-29 20:00:00+08:00,2026-05-29 20:00:00+08:00,,1500.0,REJECTED,local_hour_count_1
data/interim/notebook02_sources/hourly_forecasts/01_19a_hko_ecmwf_single_run_hourly_forecasts.csv,source_target_date_decision_rule_issue_time,2026-05-30,6h_prior,,,2026-05-24 00:00:00+00:00,2026-05-24 00:00:00+00:00,1,1,1,0,2026-05-30 14:00:00+08:00,2026-05-30 14:00:00+08:00,,1500.0,REJECTED,local_hour_count_1
data/interim/notebook02_sources/hourly_forecasts/01_19a_hko_ecmwf_single_run_hourly_forecasts.csv,source_target_date_decision_rule_issue_time,2026-05-30,12h_prior,,,2026-05-24 00:00:00+00:00,2026-05-24 00:00:00+00:00,1,1,1,0,2026-05-30 20:00:00+08:00,2026-05-30 20:00:00+08:00,,1500.0,REJECTED,local_hour_count_1
data/interim/notebook02_sources/hourly_forecasts/01_19a_hko_ecmwf_single_run_hourly_forecasts.csv,source_target_date_decision_rule_issue_time,2026-05-31,6h_prior,,,2026-05-24 00:00:00+00:00,2026-05-24 00:00:00+00:00,1,1,1,0,2026-05-31 14:00:00+08:00,2026-05-31 14:00:00+08:00,,1500.0,REJECTED,local_hour_count_1
data/interim/notebook02_sources/hourly_forecasts/01_19a_hko_ecmwf_single_run_hourly_forecasts.csv,source_target_date_decision_rule_issue_time,2026-05-31,12h_prior,,,2026-05-24 00:00:00+00:00,2026-05-24 00:00:00+00:00,1,1,1,0,2026-05-31 20:00:00+08:00,2026-05-31 20:00:00+08:00,,1500.0,REJECTED,local_hour_count_1
data/interim/notebook02_sources/hourly_forecasts/01_19a_hko_ecmwf_single_run_hourly_forecasts.csv,source_target_date_decision_rule_issue_time,2026-06-01,6h_prior,,,2026-05-24 00:00:00+00:00,2026-05-24 00:00:00+00:00,1,1,1,0,2026-06-01 14:00:00+08:00,2026-06-01 14:00:00+08:00,,1500.0,REJECTED,local_hour_count_1
data/interim/notebook02_sources/hourly_forecasts/01_19a_hko_ecmwf_single_run_hourly_forecasts.csv,source_target_date_decision_rule_issue_time,2026-06-01,12h_prior,,,2026-05-24 00:00:00+00:00,2026-05-24 00:00:00+00:00,1,1,1,0,2026-06-01 20:00:00+08:00,2026-06-01 20:00:00+08:00,,1500.0,REJECTED,local_hour_count_1
data/interim/notebook02_sources/hourly_forecasts/01_19a_hko_ecmwf_single_run_hourly_forecasts.csv,source_target_date_decision_rule_issue_time,2026-06-02,6h_prior,,,2026-05-24 00:00:00+00:00,2026-05-24 00:00:00+00:00,1,1,1,0,2026-06-02 14:00:00+08:00,2026-06-02 14:00:00+08:00,,1500.0,REJECTED,local_hour_count_1
data/interim/notebook02_sources/hourly_forecasts/01_19a_hko_ecmwf_single_run_hourly_forecasts.csv,source_target_date_decision_rule_issue_time,2026-06-02,12h_prior,,,2026-05-24 00:00:00+00:00,2026-05-24 00:00:00+00:00,1,1,1,0,2026-06-02 20:00:00+08:00,2026-06-02 20:00:00+08:00,,1500.0,REJECTED,local_hour_count_1
data/interim/notebook02_sources/hourly_forecasts/01_19a_hko_ecmwf_single_run_hourly_forecasts.csv,source_target_date_decision_rule_issue_time,2026-06-03,6h_prior,,,2026-05-24 00:00:00+00:00,2026-05-24 00:00:00+00:00,1,1,1,0,2026-06-03 14:00:00+08:00,2026-06-03 14:00:00+08:00,,1500.0,REJECTED,local_hour_count_1
data/interim/notebook02_sources/hourly_forecasts/01_19a_hko_ecmwf_single_run_hourly_forecasts.csv,source_target_date_decision_rule_issue_time,2026-05-25,6h_prior,,,2026-05-24 06:00:00+00:00,2026-05-24 06:00:00+00:00,1,1,1,0,2026-05-25 14:00:00+08:00,2026-05-25 14:00:00+08:00,,1500.0,REJECTED,local_hour_count_1
data/interim/notebook02_sources/hourly_forecasts/01_19a_hko_ecmwf_single_run_hourly_forecasts.csv,source_target_date_decision_rule_issue_time,2026-05-25,12h_prior,,,2026-05-24 06:00:00+00:00,2026-05-24 06:00:00+00:00,1,1,1,0,2026-05-25 20:00:00+08:00,2026-05-25 20:00:00+08:00,,1500.0,REJECTED,local_hour_count_1
data/interim/notebook02_sources/hourly_forecasts/01_19a_hko_ecmwf_single_run_hourly_forecasts.csv,source_target_date_decision_rule_issue_time,2026-05-26,6h_prior,,,2026-05-24 06:00:00+00:00,2026-05-24 06:00:00+00:00,1,1,1,0,2026-05-26 14:00:00+08:00,2026-05-26 14:00:00+08:00,,1500.0,REJECTED,local_hour_count_1
data/interim/notebook02_sources/hourly_forecasts/01_19a_hko_ecmwf_single_run_hourly_forecasts.csv,source_target_date_decision_rule_issue_time,2026-05-26,12h_prior,,,2026-05-24 06:00:00+00:00,2026-05-24 06:00:00+00:00,1,1,1,0,2026-05-26 20:00:00+08:00,2026-05-26 20:00:00+08:00,,1500.0,REJECTED,local_hour_count_1
data/interim/notebook02_sources/hourly_forecasts/01_19a_hko_ecmwf_single_run_hourly_forecasts.csv,source_target_date_decision_rule_issue_time,2026-05-27,6h_prior,,,2026-05-24 06:00:00+00:00,2026-05-24 06:00:00+00:00,1,1,1,0,2026-05-27 14:00:00+08:00,2026-05-27 14:00:00+08:00,,1500.0,REJECTED,local_hour_count_1
data/interim/notebook02_sources/hourly_forecasts/01_19a_hko_ecmwf_single_run_hourly_forecasts.csv,source_target_date_decision_rule_issue_time,2026-05-27,12h_prior,,,2026-05-24 06:00:00+00:00,2026-05-24 06:00:00+00:00,1,1,1,0,2026-05-27 20:00:00+08:00,2026-05-27 20:00:00+08:00,,1500.0,REJECTED,local_hour_count_1
data/interim/notebook02_sources/hourly_forecasts/01_19a_hko_ecmwf_single_run_hourly_forecasts.csv,source_target_date_decision_rule_issue_time,2026-05-28,6h_prior,,,2026-05-24 06:00:00+00:00,2026-05-24 06:00:00+00:00,1,1,1,0,2026-05-28 14:00:00+08:00,2026-05-28 14:00:00+08:00,,1500.0,REJECTED,local_hour_count_1
data/interim/notebook02_sources/hourly_forecasts/01_19a_hko_ecmwf_single_run_hourly_forecasts.csv,source_target_date_decision_rule_issue_time,2026-05-28,12h_prior,,,2026-05-24 06:00:00+00:00,2026-05-24 06:00:00+00:00,1,1,1,0,2026-05-28 20:00:00+08:00,2026-05-28 20:00:00+08:00,,1500.0,REJECTED,local_hour_count_1
data/interim/notebook02_sources/hourly_forecasts/01_19a_hko_ecmwf_single_run_hourly_forecasts.csv,source_target_date_decision_rule_issue_time,2026-05-29,6h_prior,,,2026-05-24 06:00:00+00:00,2026-05-24 06:00:00+00:00,1,1,1,0,2026-05-29 14:00:00+08:00,2026-05-29 14:00:00+08:00,,1500.0,REJECTED,local_hour_count_1
data/interim/notebook02_sources/hourly_forecasts/01_19a_hko_ecmwf_single_run_hourly_forecasts.csv,source_target_date_decision_rule_issue_time,2026-05-29,12h_prior,,,2026-05-24 06:00:00+00:00,2026-05-24 06:00:00+00:00,1,1,1,0,2026-05-29 20:00:00+08:00,2026-05-29 20:00:00+08:00,,1500.0,REJECTED,local_hour_count_1
data/interim/notebook02_sources/hourly_forecasts/01_19a_hko_ecmwf_single_run_hourly_forecasts.csv,source_target_date_decision_rule_issue_time,2026-05-30,6h_prior,,,2026-05-24 06:00:00+00:00,2026-05-24 06:00:00+00:00,1,1,1,0,2026-05-30 14:00:00+08:00,2026-05-30 14:00:00+08:00,,1500.0,REJECTED,local_hour_count_1
data/interim/notebook02_sources/hourly_forecasts/01_19a_hko_ecmwf_single_run_hourly_forecasts.csv,source_target_date_decision_rule_issue_time,2026-05-30,12h_prior,,,2026-05-24 06:00:00+00:00,2026-05-24 06:00:00+00:00,1,1,1,0,2026-05-30 20:00:00+08:00,2026-05-30 20:00:00+08:00,,1500.0,REJECTED,local_hour_count_1
data/interim/notebook02_sources/hourly_forecasts/01_19a_hko_ecmwf_single_run_hourly_forecasts.csv,source_target_date_decision_rule_issue_time,2026-05-25,6h_prior,,,2026-05-24 18:00:00+00:00,2026-05-24 18:00:00+00:00,1,1,1,0,2026-05-25 14:00:00+08:00,2026-05-25 14:00:00+08:00,,1500.0,REJECTED,local_hour_count_1
data/interim/notebook02_sources/hourly_forecasts/01_19a_hko_ecmwf_single_run_hourly_forecasts.csv,source_target_date_decision_rule_issue_time,2026-05-25,12h_prior,,,2026-05-24 18:00:00+00:00,2026-05-24 18:00:00+00:00,1,1,1,0,2026-05-25 20:00:00+08:00,2026-05-25 20:00:00+08:00,,1500.0,REJECTED,local_hour_count_1
data/interim/notebook02_sources/hourly_forecasts/01_19a_hko_ecmwf_single_run_hourly_forecasts.csv,source_target_date_decision_rule_issue_time,2026-05-26,6h_prior,,,2026-05-24 18:00:00+00:00,2026-05-24 18:00:00+00:00,1,1,1,0,2026-05-26 14:00:00+08:00,2026-05-26 14:00:00+08:00,,1500.0,REJECTED,local_hour_count_1
data/interim/notebook02_sources/hourly_forecasts/01_19a_hko_ecmwf_single_run_hourly_forecasts.csv,source_target_date_decision_rule_issue_time,2026-05-26,12h_prior,,,2026-05-24 18:00:00+00:00,2026-05-24 18:00:00+00:00,1,1,1,0,2026-05-26 20:00:00+08:00,2026-05-26 20:00:00+08:00,,1500.0,REJECTED,local_hour_count_1
data/interim/notebook02_sources/hourly_forecasts/01_19a_hko_ecmwf_single_run_hourly_forecasts.csv,source_target_date_decision_rule_issue_time,2026-05-27,6h_prior,,,2026-05-24 18:00:00+00:00,2026-05-24 18:00:00+00:00,1,1,1,0,2026-05-27 14:00:00+08:00,2026-05-27 14:00:00+08:00,,1500.0,REJECTED,local_hour_count_1
data/interim/notebook02_sources/hourly_forecasts/01_19a_hko_ecmwf_single_run_hourly_forecasts.csv,source_target_date_decision_rule_issue_time,2026-05-27,12h_prior,,,2026-05-24 18:00:00+00:00,2026-05-24 18:00:00+00:00,1,1,1,0,2026-05-27 20:00:00+08:00,2026-05-27 20:00:00+08:00,,1500.0,REJECTED,local_hour_count_1
data/interim/notebook02_sources/hourly_forecasts/01_19a_hko_ecmwf_single_run_hourly_forecasts.csv,source_target_date_decision_rule_issue_time,2026-05-28,6h_prior,,,2026-05-24 18:00:00+00:00,2026-05-24 18:00:00+00:00,1,1,1,0,2026-05-28 14:00:00+08:00,2026-05-28 14:00:00+08:00,,1500.0,REJECTED,local_hour_count_1
data/interim/notebook02_sources/hourly_forecasts/01_19a_hko_ecmwf_single_run_hourly_forecasts.csv,source_target_date_decision_rule_issue_time,2026-05-28,12h_prior,,,2026-05-24 18:00:00+00:00,2026-05-24 18:00:00+00:00,1,1,1,0,2026-05-28 20:00:00+08:00,2026-05-28 20:00:00+08:00,,1500.0,REJECTED,local_hour_count_1
data/interim/notebook02_sources/hourly_forecasts/01_19a_hko_ecmwf_single_run_hourly_forecasts.csv,source_target_date_decision_rule_issue_time,2026-05-29,6h_prior,,,2026-05-24 18:00:00+00:00,2026-05-24 18:00:00+00:00,1,1,1,0,2026-05-29 14:00:00+08:00,2026-05-29 14:00:00+08:00,,1500.0,REJECTED,local_hour_count_1
data/interim/notebook02_sources/hourly_forecasts/01_19a_hko_ecmwf_single_run_hourly_forecasts.csv,source_target_date_decision_rule_issue_time,2026-05-29,12h_prior,,,2026-05-24 18:00:00+00:00,2026-05-24 18:00:00+00:00,1,1,1,0,2026-05-29 20:00:00+08:00,2026-05-29 20:00:00+08:00,,1500.0,REJECTED,local_hour_count_1
data/interim/notebook02_sources/hourly_forecasts/01_19a_hko_ecmwf_single_run_hourly_forecasts.csv,source_target_date_decision_rule_issue_time,2026-05-30,6h_prior,,,2026-05-24 18:00:00+00:00,2026-05-24 18:00:00+00:00,1,1,1,0,2026-05-30 14:00:00+08:00,2026-05-30 14:00:00+08:00,,1500.0,REJECTED,local_hour_count_1
data/interim/notebook02_sources/hourly_forecasts/01_19a_hko_ecmwf_single_run_hourly_forecasts.csv,source_target_date_decision_rule_issue_time,2026-05-30,12h_prior,,,2026-05-24 18:00:00+00:00,2026-05-24 18:00:00+00:00,1,1,1,0,2026-05-30 20:00:00+08:00,2026-05-30 20:00:00+08:00,,1500.0,REJECTED,local_hour_count_1
data/interim/notebook02_sources/hourly_forecasts/01_19a_hko_ecmwf_single_run_hourly_forecasts.csv,source_target_date_decision_rule_issue_time,2026-05-25,12h_prior,,,2026-05-25 00:00:00+00:00,2026-05-25 00:00:00+00:00,1,1,1,0,2026-05-25 20:00:00+08:00,2026-05-25 20:00:00+08:00,,1500.0,REJECTED,local_hour_count_1
data/interim/notebook02_sources/hourly_forecasts/01_19a_hko_ecmwf_single_run_hourly_forecasts.csv,source_target_date_decision_rule_issue_time,2026-05-26,6h_prior,,,2026-05-25 00:00:00+00:00,2026-05-25 00:00:00+00:00,1,1,1,0,2026-05-26 14:00:00+08:00,2026-05-26 14:00:00+08:00,,1500.0,REJECTED,local_hour_count_1
data/interim/notebook02_sources/hourly_forecasts/01_19a_hko_ecmwf_single_run_hourly_forecasts.csv,source_target_date_decision_rule_issue_time,2026-05-26,12h_prior,,,2026-05-25 00:00:00+00:00,2026-05-25 00:00:00+00:00,1,1,1,0,2026-05-26 20:00:00+08:00,2026-05-26 20:00:00+08:00,,1500.0,REJECTED,local_hour_count_1
data/interim/notebook02_sources/hourly_forecasts/01_19a_hko_ecmwf_single_run_hourly_forecasts.csv,source_target_date_decision_rule_issue_time,2026-05-27,6h_prior,,,2026-05-25 00:00:00+00:00,2026-05-25 00:00:00+00:00,1,1,1,0,2026-05-27 14:00:00+08:00,2026-05-27 14:00:00+08:00,,1500.0,REJECTED,local_hour_count_1
data/interim/notebook02_sources/hourly_forecasts/01_19a_hko_ecmwf_single_run_hourly_forecasts.csv,source_target_date_decision_rule_issue_time,2026-05-27,12h_prior,,,2026-05-25 00:00:00+00:00,2026-05-25 00:00:00+00:00,1,1,1,0,2026-05-27 20:00:00+08:00,2026-05-27 20:00:00+08:00,,1500.0,REJECTED,local_hour_count_1
data/interim/notebook02_sources/hourly_forecasts/01_19a_hko_ecmwf_single_run_hourly_forecasts.csv,source_target_date_decision_rule_issue_time,2026-05-28,6h_prior,,,2026-05-25 00:00:00+00:00,2026-05-25 00:00:00+00:00,1,1,1,0,2026-05-28 14:00:00+08:00,2026-05-28 14:00:00+08:00,,1500.0,REJECTED,local_hour_count_1
data/interim/notebook02_sources/hourly_forecasts/01_19a_hko_ecmwf_single_run_hourly_forecasts.csv,source_target_date_decision_rule_issue_time,2026-05-28,12h_prior,,,2026-05-25 00:00:00+00:00,2026-05-25 00:00:00+00:00,1,1,1,0,2026-05-28 20:00:00+08:00,2026-05-28 20:00:00+08:00,,1500.0,REJECTED,local_hour_count_1
data/interim/notebook02_sources/hourly_forecasts/01_19a_hko_ecmwf_single_run_hourly_forecasts.csv,source_target_date_decision_rule_issue_time,2026-05-29,6h_prior,,,2026-05-25 00:00:00+00:00,2026-05-25 00:00:00+00:00,1,1,1,0,2026-05-29 14:00:00+08:00,2026-05-29 14:00:00+08:00,,1500.0,REJECTED,local_hour_count_1
data/interim/notebook02_sources/hourly_forecasts/01_19a_hko_ecmwf_single_run_hourly_forecasts.csv,source_target_date_decision_rule_issue_time,2026-05-29,12h_prior,,,2026-05-25 00:00:00+00:00,2026-05-25 00:00:00+00:00,1,1,1,0,2026-05-29 20:00:00+08:00,2026-05-29 20:00:00+08:00,,1500.0,REJECTED,local_hour_count_1
data/interim/notebook02_sources/hourly_forecasts/01_19a_hko_ecmwf_single_run_hourly_forecasts.csv,source_target_date_decision_rule_issue_time,2026-05-30,6h_prior,,,2026-05-25 00:00:00+00:00,2026-05-25 00:00:00+00:00,1,1,1,0,2026-05-30 14:00:00+08:00,2026-05-30 14:00:00+08:00,,1500.0,REJECTED,local_hour_count_1
data/interim/notebook02_sources/hourly_forecasts/01_19a_hko_ecmwf_single_run_hourly_forecasts.csv,source_target_date_decision_rule_issue_time,2026-05-30,12h_prior,,,2026-05-25 00:00:00+00:00,2026-05-25 00:00:00+00:00,1,1,1,0,2026-05-30 20:00:00+08:00,2026-05-30 20:00:00+08:00,,1500.0,REJECTED,local_hour_count_1
data/interim/notebook02_sources/hourly_forecasts/01_19a_hko_ecmwf_single_run_hourly_forecasts.csv,source_target_date_decision_rule_issue_time,2026-05-31,6h_prior,,,2026-05-25 00:00:00+00:00,2026-05-25 00:00:00+00:00,1,1,1,0,2026-05-31 14:00:00+08:00,2026-05-31 14:00:00+08:00,,1500.0,REJECTED,local_hour_count_1
data/interim/notebook02_sources/hourly_forecasts/01_19a_hko_ecmwf_single_run_hourly_forecasts.csv,source_target_date_decision_rule_issue_time,2026-05-31,12h_prior,,,2026-05-25 00:00:00+00:00,2026-05-25 00:00:00+00:00,1,1,1,0,2026-05-31 20:00:00+08:00,2026-05-31 20:00:00+08:00,,1500.0,REJECTED,local_hour_count_1
data/interim/notebook02_sources/hourly_forecasts/01_19a_hko_ecmwf_single_run_hourly_forecasts.csv,source_target_date_decision_rule_issue_time,2026-06-01,6h_prior,,,2026-05-25 00:00:00+00:00,2026-05-25 00:00:00+00:00,1,1,1,0,2026-06-01 14:00:00+08:00,2026-06-01 14:00:00+08:00,,1500.0,REJECTED,local_hour_count_1
data/interim/notebook02_sources/hourly_forecasts/01_19a_hko_ecmwf_single_run_hourly_forecasts.csv,source_target_date_decision_rule_issue_time,2026-06-01,12h_prior,,,2026-05-25 00:00:00+00:00,2026-05-25 00:00:00+00:00,1,1,1,0,2026-06-01 20:00:00+08:00,2026-06-01 20:00:00+08:00,,1500.0,REJECTED,local_hour_count_1
data/interim/notebook02_sources/hourly_forecasts/01_19a_hko_ecmwf_single_run_hourly_forecasts.csv,source_target_date_decision_rule_issue_time,2026-06-02,6h_prior,,,2026-05-25 00:00:00+00:00,2026-05-25 00:00:00+00:00,1,1,1,0,2026-06-02 14:00:00+08:00,2026-06-02 14:00:00+08:00,,1500.0,REJECTED,local_hour_count_1
data/interim/notebook02_sources/hourly_forecasts/01_19a_hko_ecmwf_single_run_hourly_forecasts.csv,source_target_date_decision_rule_issue_time,2026-06-02,12h_prior,,,2026-05-25 00:00:00+00:00,2026-05-25 00:00:00+00:00,1,1,1,0,2026-06-02 20:00:00+08:00,2026-06-02 20:00:00+08:00,,1500.0,REJECTED,local_hour_count_1
data/interim/notebook02_sources/hourly_forecasts/01_19a_hko_ecmwf_single_run_hourly_forecasts.csv,source_target_date_decision_rule_issue_time,2026-06-03,6h_prior,,,2026-05-25 00:00:00+00:00,2026-05-25 00:00:00+00:00,1,1,1,0,2026-06-03 14:00:00+08:00,2026-06-03 14:00:00+08:00,,1500.0,REJECTED,local_hour_count_1
data/interim/notebook02_sources/hourly_forecasts/01_19a_hko_ecmwf_single_run_hourly_forecasts.csv,source_target_date_decision_rule_issue_time,2026-06-03,12h_prior,,,2026-05-25 00:00:00+00:00,2026-05-25 00:00:00+00:00,1,1,1,0,2026-06-03 20:00:00+08:00,2026-06-03 20:00:00+08:00,,1500.0,REJECTED,local_hour_count_1
data/interim/notebook02_sources/hourly_forecasts/01_19a_hko_ecmwf_single_run_hourly_forecasts.csv,source_target_date_decision_rule_issue_time,2026-06-04,6h_prior,,,2026-05-25 00:00:00+00:00,2026-05-25 00:00:00+00:00,1,1,1,0,2026-06-04 14:00:00+08:00,2026-06-04 14:00:00+08:00,,1500.0,REJECTED,local_hour_count_1
data/interim/notebook02_sources/hourly_forecasts/01_19a_hko_ecmwf_single_run_hourly_forecasts.csv,source_target_date_decision_rule_issue_time,2026-05-26,6h_prior,,,2026-05-25 06:00:00+00:00,2026-05-25 06:00:00+00:00,1,1,1,0,2026-05-26 14:00:00+08:00,2026-05-26 14:00:00+08:00,,1500.0,REJECTED,local_hour_count_1
data/interim/notebook02_sources/hourly_forecasts/01_19a_hko_ecmwf_single_run_hourly_forecasts.csv,source_target_date_decision_rule_issue_time,2026-05-26,12h_prior,,,2026-05-25 06:00:00+00:00,2026-05-25 06:00:00+00:00,1,1,1,0,2026-05-26 20:00:00+08:00,2026-05-26 20:00:00+08:00,,1500.0,REJECTED,local_hour_count_1
data/interim/notebook02_sources/hourly_forecasts/01_19a_hko_ecmwf_single_run_hourly_forecasts.csv,source_target_date_decision_rule_issue_time,2026-05-27,6h_prior,,,2026-05-25 06:00:00+00:00,2026-05-25 06:00:00+00:00,1,1,1,0,2026-05-27 14:00:00+08:00,2026-05-27 14:00:00+08:00,,1500.0,REJECTED,local_hour_count_1
data/interim/notebook02_sources/hourly_forecasts/01_19a_hko_ecmwf_single_run_hourly_forecasts.csv,source_target_date_decision_rule_issue_time,2026-05-27,12h_prior,,,2026-05-25 06:00:00+00:00,2026-05-25 06:00:00+00:00,1,1,1,0,2026-05-27 20:00:00+08:00,2026-05-27 20:00:00+08:00,,1500.0,REJECTED,local_hour_count_1
data/interim/notebook02_sources/hourly_forecasts/01_19a_hko_ecmwf_single_run_hourly_forecasts.csv,source_target_date_decision_rule_issue_time,2026-05-28,6h_prior,,,2026-05-25 06:00:00+00:00,2026-05-25 06:00:00+00:00,1,1,1,0,2026-05-28 14:00:00+08:00,2026-05-28 14:00:00+08:00,,1500.0,REJECTED,local_hour_count_1
data/interim/notebook02_sources/hourly_forecasts/01_19a_hko_ecmwf_single_run_hourly_forecasts.csv,source_target_date_decision_rule_issue_time,2026-05-28,12h_prior,,,2026-05-25 06:00:00+00:00,2026-05-25 06:00:00+00:00,1,1,1,0,2026-05-28 20:00:00+08:00,2026-05-28 20:00:00+08:00,,1500.0,REJECTED,local_hour_count_1
data/interim/notebook02_sources/hourly_forecasts/01_19a_hko_ecmwf_single_run_hourly_forecasts.csv,source_target_date_decision_rule_issue_time,2026-05-29,6h_prior,,,2026-05-25 06:00:00+00:00,2026-05-25 06:00:00+00:00,1,1,1,0,2026-05-29 14:00:00+08:00,2026-05-29 14:00:00+08:00,,1500.0,REJECTED,local_hour_count_1
data/interim/notebook02_sources/hourly_forecasts/01_19a_hko_ecmwf_single_run_hourly_forecasts.csv,source_target_date_decision_rule_issue_time,2026-05-29,12h_prior,,,2026-05-25 06:00:00+00:00,2026-05-25 06:00:00+00:00,1,1,1,0,2026-05-29 20:00:00+08:00,2026-05-29 20:00:00+08:00,,1500.0,REJECTED,local_hour_count_1
data/interim/notebook02_sources/hourly_forecasts/01_19a_hko_ecmwf_single_run_hourly_forecasts.csv,source_target_date_decision_rule_issue_time,2026-05-30,6h_prior,,,2026-05-25 06:00:00+00:00,2026-05-25 06:00:00+00:00,1,1,1,0,2026-05-30 14:00:00+08:00,2026-05-30 14:00:00+08:00,,1500.0,REJECTED,local_hour_count_1
data/interim/notebook02_sources/hourly_forecasts/01_19a_hko_ecmwf_single_run_hourly_forecasts.csv,source_target_date_decision_rule_issue_time,2026-05-30,12h_prior,,,2026-05-25 06:00:00+00:00,2026-05-25 06:00:00+00:00,1,1,1,0,2026-05-30 20:00:00+08:00,2026-05-30 20:00:00+08:00,,1500.0,REJECTED,local_hour_count_1
data/interim/notebook02_sources/hourly_forecasts/01_19a_hko_ecmwf_single_run_hourly_forecasts.csv,source_target_date_decision_rule_issue_time,2026-05-31,6h_prior,,,2026-05-25 06:00:00+00:00,2026-05-25 06:00:00+00:00,1,1,1,0,2026-05-31 14:00:00+08:00,2026-05-31 14:00:00+08:00,,1500.0,REJECTED,local_hour_count_1
data/interim/notebook02_sources/hourly_forecasts/01_19a_hko_ecmwf_single_run_hourly_forecasts.csv,source_target_date_decision_rule_issue_time,2026-05-31,12h_prior,,,2026-05-25 06:00:00+00:00,2026-05-25 06:00:00+00:00,1,1,1,0,2026-05-31 20:00:00+08:00,2026-05-31 20:00:00+08:00,,1500.0,REJECTED,local_hour_count_1
data/interim/notebook02_sources/hourly_forecasts/01_19a_hko_ecmwf_single_run_hourly_forecasts.csv,source_target_date_decision_rule_issue_time,2026-05-26,6h_prior,,,2026-05-25 18:00:00+00:00,2026-05-25 18:00:00+00:00,1,1,1,0,2026-05-26 14:00:00+08:00,2026-05-26 14:00:00+08:00,,1500.0,REJECTED,local_hour_count_1
data/interim/notebook02_sources/hourly_forecasts/01_19a_hko_ecmwf_single_run_hourly_forecasts.csv,source_target_date_decision_rule_issue_time,2026-05-26,12h_prior,,,2026-05-25 18:00:00+00:00,2026-05-25 18:00:00+00:00,1,1,1,0,2026-05-26 20:00:00+08:00,2026-05-26 20:00:00+08:00,,1500.0,REJECTED,local_hour_count_1
data/interim/notebook02_sources/hourly_forecasts/01_19a_hko_ecmwf_single_run_hourly_forecasts.csv,source_target_date_decision_rule_issue_time,2026-05-27,6h_prior,,,2026-05-25 18:00:00+00:00,2026-05-25 18:00:00+00:00,1,1,1,0,2026-05-27 14:00:00+08:00,2026-05-27 14:00:00+08:00,,1500.0,REJECTED,local_hour_count_1
data/interim/notebook02_sources/hourly_forecasts/01_19a_hko_ecmwf_single_run_hourly_forecasts.csv,source_target_date_decision_rule_issue_time,2026-05-27,12h_prior,,,2026-05-25 18:00:00+00:00,2026-05-25 18:00:00+00:00,1,1,1,0,2026-05-27 20:00:00+08:00,2026-05-27 20:00:00+08:00,,1500.0,REJECTED,local_hour_count_1
data/interim/notebook02_sources/hourly_forecasts/01_19a_hko_ecmwf_single_run_hourly_forecasts.csv,source_target_date_decision_rule_issue_time,2026-05-28,6h_prior,,,2026-05-25 18:00:00+00:00,2026-05-25 18:00:00+00:00,1,1,1,0,2026-05-28 14:00:00+08:00,2026-05-28 14:00:00+08:00,,1500.0,REJECTED,local_hour_count_1
data/interim/notebook02_sources/hourly_forecasts/01_19a_hko_ecmwf_single_run_hourly_forecasts.csv,source_target_date_decision_rule_issue_time,2026-05-28,12h_prior,,,2026-05-25 18:00:00+00:00,2026-05-25 18:00:00+00:00,1,1,1,0,2026-05-28 20:00:00+08:00,2026-05-28 20:00:00+08:00,,1500.0,REJECTED,local_hour_count_1
data/interim/notebook02_sources/hourly_forecasts/01_19a_hko_ecmwf_single_run_hourly_forecasts.csv,source_target_date_decision_rule_issue_time,2026-05-29,6h_prior,,,2026-05-25 18:00:00+00:00,2026-05-25 18:00:00+00:00,1,1,1,0,2026-05-29 14:00:00+08:00,2026-05-29 14:00:00+08:00,,1500.0,REJECTED,local_hour_count_1
data/interim/notebook02_sources/hourly_forecasts/01_19a_hko_ecmwf_single_run_hourly_forecasts.csv,source_target_date_decision_rule_issue_time,2026-05-29,12h_prior,,,2026-05-25 18:00:00+00:00,2026-05-25 18:00:00+00:00,1,1,1,0,2026-05-29 20:00:00+08:00,2026-05-29 20:00:00+08:00,,1500.0,REJECTED,local_hour_count_1
data/interim/notebook02_sources/hourly_forecasts/01_19a_hko_ecmwf_single_run_hourly_forecasts.csv,source_target_date_decision_rule_issue_time,2026-05-30,6h_prior,,,2026-05-25 18:00:00+00:00,2026-05-25 18:00:00+00:00,1,1,1,0,2026-05-30 14:00:00+08:00,2026-05-30 14:00:00+08:00,,1500.0,REJECTED,local_hour_count_1
data/interim/notebook02_sources/hourly_forecasts/01_19a_hko_ecmwf_single_run_hourly_forecasts.csv,source_target_date_decision_rule_issue_time,2026-05-30,12h_prior,,,2026-05-25 18:00:00+00:00,2026-05-25 18:00:00+00:00,1,1,1,0,2026-05-30 20:00:00+08:00,2026-05-30 20:00:00+08:00,,1500.0,REJECTED,local_hour_count_1
data/interim/notebook02_sources/hourly_forecasts/01_19a_hko_ecmwf_single_run_hourly_forecasts.csv,source_target_date_decision_rule_issue_time,2026-05-31,6h_prior,,,2026-05-25 18:00:00+00:00,2026-05-25 18:00:00+00:00,1,1,1,0,2026-05-31 14:00:00+08:00,2026-05-31 14:00:00+08:00,,1500.0,REJECTED,local_hour_count_1
data/interim/notebook02_sources/hourly_forecasts/01_19a_hko_ecmwf_single_run_hourly_forecasts.csv,source_target_date_decision_rule_issue_time,2026-05-31,12h_prior,,,2026-05-25 18:00:00+00:00,2026-05-25 18:00:00+00:00,1,1,1,0,2026-05-31 20:00:00+08:00,2026-05-31 20:00:00+08:00,,1500.0,REJECTED,local_hour_count_1
data/interim/notebook02_sources/hourly_forecasts/01_19a_hko_ecmwf_single_run_hourly_forecasts.csv,source_target_date_decision_rule_issue_time,2026-05-26,12h_prior,,,2026-05-26 00:00:00+00:00,2026-05-26 00:00:00+00:00,1,1,1,0,2026-05-26 20:00:00+08:00,2026-05-26 20:00:00+08:00,,1500.0,REJECTED,local_hour_count_1
data/interim/notebook02_sources/hourly_forecasts/01_19a_hko_ecmwf_single_run_hourly_forecasts.csv,source_target_date_decision_rule_issue_time,2026-05-27,6h_prior,,,2026-05-26 00:00:00+00:00,2026-05-26 00:00:00+00:00,1,1,1,0,2026-05-27 14:00:00+08:00,2026-05-27 14:00:00+08:00,,1500.0,REJECTED,local_hour_count_1
data/interim/notebook02_sources/hourly_forecasts/01_19a_hko_ecmwf_single_run_hourly_forecasts.csv,source_target_date_decision_rule_issue_time,2026-05-27,12h_prior,,,2026-05-26 00:00:00+00:00,2026-05-26 00:00:00+00:00,1,1,1,0,2026-05-27 20:00:00+08:00,2026-05-27 20:00:00+08:00,,1500.0,REJECTED,local_hour_count_1
data/interim/notebook02_sources/hourly_forecasts/01_19a_hko_ecmwf_single_run_hourly_forecasts.csv,source_target_date_decision_rule_issue_time,2026-05-28,6h_prior,,,2026-05-26 00:00:00+00:00,2026-05-26 00:00:00+00:00,1,1,1,0,2026-05-28 14:00:00+08:00,2026-05-28 14:00:00+08:00,,1500.0,REJECTED,local_hour_count_1
data/interim/notebook02_sources/hourly_forecasts/01_19a_hko_ecmwf_single_run_hourly_forecasts.csv,source_target_date_decision_rule_issue_time,2026-05-28,12h_prior,,,2026-05-26 00:00:00+00:00,2026-05-26 00:00:00+00:00,1,1,1,0,2026-05-28 20:00:00+08:00,2026-05-28 20:00:00+08:00,,1500.0,REJECTED,local_hour_count_1
data/interim/notebook02_sources/hourly_forecasts/01_19a_hko_ecmwf_single_run_hourly_forecasts.csv,source_target_date_decision_rule_issue_time,2026-05-29,6h_prior,,,2026-05-26 00:00:00+00:00,2026-05-26 00:00:00+00:00,1,1,1,0,2026-05-29 14:00:00+08:00,2026-05-29 14:00:00+08:00,,1500.0,REJECTED,local_hour_count_1
data/interim/notebook02_sources/hourly_forecasts/01_19a_hko_ecmwf_single_run_hourly_forecasts.csv,source_target_date_decision_rule_issue_time,2026-05-29,12h_prior,,,2026-05-26 00:00:00+00:00,2026-05-26 00:00:00+00:00,1,1,1,0,2026-05-29 20:00:00+08:00,2026-05-29 20:00:00+08:00,,1500.0,REJECTED,local_hour_count_1
data/interim/notebook02_sources/hourly_forecasts/01_19a_hko_ecmwf_single_run_hourly_forecasts.csv,source_target_date_decision_rule_issue_time,2026-05-30,6h_prior,,,2026-05-26 00:00:00+00:00,2026-05-26 00:00:00+00:00,1,1,1,0,2026-05-30 14:00:00+08:00,2026-05-30 14:00:00+08:00,,1500.0,REJECTED,local_hour_count_1
data/interim/notebook02_sources/hourly_forecasts/01_19a_hko_ecmwf_single_run_hourly_forecasts.csv,source_target_date_decision_rule_issue_time,2026-05-30,12h_prior,,,2026-05-26 00:00:00+00:00,2026-05-26 00:00:00+00:00,1,1,1,0,2026-05-30 20:00:00+08:00,2026-05-30 20:00:00+08:00,,1500.0,REJECTED,local_hour_count_1
data/interim/notebook02_sources/hourly_forecasts/01_19a_hko_ecmwf_single_run_hourly_forecasts.csv,source_target_date_decision_rule_issue_time,2026-05-31,6h_prior,,,2026-05-26 00:00:00+00:00,2026-05-26 00:00:00+00:00,1,1,1,0,2026-05-31 14:00:00+08:00,2026-05-31 14:00:00+08:00,,1500.0,REJECTED,local_hour_count_1
data/interim/notebook02_sources/hourly_forecasts/01_19a_hko_ecmwf_single_run_hourly_forecasts.csv,source_target_date_decision_rule_issue_time,2026-05-31,12h_prior,,,2026-05-26 00:00:00+00:00,2026-05-26 00:00:00+00:00,1,1,1,0,2026-05-31 20:00:00+08:00,2026-05-31 20:00:00+08:00,,1500.0,REJECTED,local_hour_count_1
data/interim/notebook02_sources/hourly_forecasts/01_19a_hko_ecmwf_single_run_hourly_forecasts.csv,source_target_date_decision_rule_issue_time,2026-06-01,6h_prior,,,2026-05-26 00:00:00+00:00,2026-05-26 00:00:00+00:00,1,1,1,0,2026-06-01 14:00:00+08:00,2026-06-01 14:00:00+08:00,,1500.0,REJECTED,local_hour_count_1
data/interim/notebook02_sources/hourly_forecasts/01_19a_hko_ecmwf_single_run_hourly_forecasts.csv,source_target_date_decision_rule_issue_time,2026-06-01,12h_prior,,,2026-05-26 00:00:00+00:00,2026-05-26 00:00:00+00:00,1,1,1,0,2026-06-01 20:00:00+08:00,2026-06-01 20:00:00+08:00,,1500.0,REJECTED,local_hour_count_1
data/interim/notebook02_sources/hourly_forecasts/01_19a_hko_ecmwf_single_run_hourly_forecasts.csv,source_target_date_decision_rule_issue_time,2026-06-02,6h_prior,,,2026-05-26 00:00:00+00:00,2026-05-26 00:00:00+00:00,1,1,1,0,2026-06-02 14:00:00+08:00,2026-06-02 14:00:00+08:00,,1500.0,REJECTED,local_hour_count_1
data/interim/notebook02_sources/hourly_forecasts/01_19a_hko_ecmwf_single_run_hourly_forecasts.csv,source_target_date_decision_rule_issue_time,2026-06-02,12h_prior,,,2026-05-26 00:00:00+00:00,2026-05-26 00:00:00+00:00,1,1,1,0,2026-06-02 20:00:00+08:00,2026-06-02 20:00:00+08:00,,1500.0,REJECTED,local_hour_count_1
data/interim/notebook02_sources/hourly_forecasts/01_19a_hko_ecmwf_single_run_hourly_forecasts.csv,source_target_date_decision_rule_issue_time,2026-06-03,6h_prior,,,2026-05-26 00:00:00+00:00,2026-05-26 00:00:00+00:00,1,1,1,0,2026-06-03 14:00:00+08:00,2026-06-03 14:00:00+08:00,,1500.0,REJECTED,local_hour_count_1
data/interim/notebook02_sources/hourly_forecasts/01_19a_hko_ecmwf_single_run_hourly_forecasts.csv,source_target_date_decision_rule_issue_time,2026-06-03,12h_prior,,,2026-05-26 00:00:00+00:00,2026-05-26 00:00:00+00:00,1,1,1,0,2026-06-03 20:00:00+08:00,2026-06-03 20:00:00+08:00,,1500.0,REJECTED,local_hour_count_1
data/interim/notebook02_sources/hourly_forecasts/01_19a_hko_ecmwf_single_run_hourly_forecasts.csv,source_target_date_decision_rule_issue_time,2026-06-04,6h_prior,,,2026-05-26 00:00:00+00:00,2026-05-26 00:00:00+00:00,1,1,1,0,2026-06-04 14:00:00+08:00,2026-06-04 14:00:00+08:00,,1500.0,REJECTED,local_hour_count_1
data/interim/notebook02_sources/hourly_forecasts/01_19a_hko_ecmwf_single_run_hourly_forecasts.csv,source_target_date_decision_rule_issue_time,2026-06-04,12h_prior,,,2026-05-26 00:00:00+00:00,2026-05-26 00:00:00+00:00,1,1,1,0,2026-06-04 20:00:00+08:00,2026-06-04 20:00:00+08:00,,1500.0,REJECTED,local_hour_count_1
data/interim/notebook02_sources/hourly_forecasts/01_19a_hko_ecmwf_single_run_hourly_forecasts.csv,source_target_date_decision_rule_issue_time,2026-06-05,6h_prior,,,2026-05-26 00:00:00+00:00,2026-05-26 00:00:00+00:00,1,1,1,0,2026-06-05 14:00:00+08:00,2026-06-05 14:00:00+08:00,,1500.0,REJECTED,local_hour_count_1
data/interim/notebook02_sources/hourly_forecasts/01_19a_hko_ecmwf_single_run_hourly_forecasts.csv,source_target_date_decision_rule_issue_time,2026-05-27,6h_prior,,,2026-05-26 06:00:00+00:00,2026-05-26 06:00:00+00:00,1,1,1,0,2026-05-27 14:00:00+08:00,2026-05-27 14:00:00+08:00,,1500.0,REJECTED,local_hour_count_1
data/interim/notebook02_sources/hourly_forecasts/01_19a_hko_ecmwf_single_run_hourly_forecasts.csv,source_target_date_decision_rule_issue_time,2026-05-27,12h_prior,,,2026-05-26 06:00:00+00:00,2026-05-26 06:00:00+00:00,1,1,1,0,2026-05-27 20:00:00+08:00,2026-05-27 20:00:00+08:00,,1500.0,REJECTED,local_hour_count_1
data/interim/notebook02_sources/hourly_forecasts/01_19a_hko_ecmwf_single_run_hourly_forecasts.csv,source_target_date_decision_rule_issue_time,2026-05-28,6h_prior,,,2026-05-26 06:00:00+00:00,2026-05-26 06:00:00+00:00,1,1,1,0,2026-05-28 14:00:00+08:00,2026-05-28 14:00:00+08:00,,1500.0,REJECTED,local_hour_count_1
data/interim/notebook02_sources/hourly_forecasts/01_19a_hko_ecmwf_single_run_hourly_forecasts.csv,source_target_date_decision_rule_issue_time,2026-05-28,12h_prior,,,2026-05-26 06:00:00+00:00,2026-05-26 06:00:00+00:00,1,1,1,0,2026-05-28 20:00:00+08:00,2026-05-28 20:00:00+08:00,,1500.0,REJECTED,local_hour_count_1
data/interim/notebook02_sources/hourly_forecasts/01_19a_hko_ecmwf_single_run_hourly_forecasts.csv,source_target_date_decision_rule_issue_time,2026-05-29,6h_prior,,,2026-05-26 06:00:00+00:00,2026-05-26 06:00:00+00:00,1,1,1,0,2026-05-29 14:00:00+08:00,2026-05-29 14:00:00+08:00,,1500.0,REJECTED,local_hour_count_1
data/interim/notebook02_sources/hourly_forecasts/01_19a_hko_ecmwf_single_run_hourly_forecasts.csv,source_target_date_decision_rule_issue_time,2026-05-29,12h_prior,,,2026-05-26 06:00:00+00:00,2026-05-26 06:00:00+00:00,1,1,1,0,2026-05-29 20:00:00+08:00,2026-05-29 20:00:00+08:00,,1500.0,REJECTED,local_hour_count_1
data/interim/notebook02_sources/hourly_forecasts/01_19a_hko_ecmwf_single_run_hourly_forecasts.csv,source_target_date_decision_rule_issue_time,2026-05-30,6h_prior,,,2026-05-26 06:00:00+00:00,2026-05-26 06:00:00+00:00,1,1,1,0,2026-05-30 14:00:00+08:00,2026-05-30 14:00:00+08:00,,1500.0,REJECTED,local_hour_count_1
data/interim/notebook02_sources/hourly_forecasts/01_19a_hko_ecmwf_single_run_hourly_forecasts.csv,source_target_date_decision_rule_issue_time,2026-05-30,12h_prior,,,2026-05-26 06:00:00+00:00,2026-05-26 06:00:00+00:00,1,1,1,0,2026-05-30 20:00:00+08:00,2026-05-30 20:00:00+08:00,,1500.0,REJECTED,local_hour_count_1
data/interim/notebook02_sources/hourly_forecasts/01_19a_hko_ecmwf_single_run_hourly_forecasts.csv,source_target_date_decision_rule_issue_time,2026-05-31,6h_prior,,,2026-05-26 06:00:00+00:00,2026-05-26 06:00:00+00:00,1,1,1,0,2026-05-31 14:00:00+08:00,2026-05-31 14:00:00+08:00,,1500.0,REJECTED,local_hour_count_1
data/interim/notebook02_sources/hourly_forecasts/01_19a_hko_ecmwf_single_run_hourly_forecasts.csv,source_target_date_decision_rule_issue_time,2026-05-31,12h_prior,,,2026-05-26 06:00:00+00:00,2026-05-26 06:00:00+00:00,1,1,1,0,2026-05-31 20:00:00+08:00,2026-05-31 20:00:00+08:00,,1500.0,REJECTED,local_hour_count_1
data/interim/notebook02_sources/hourly_forecasts/01_19a_hko_ecmwf_single_run_hourly_forecasts.csv,source_target_date_decision_rule_issue_time,2026-06-01,6h_prior,,,2026-05-26 06:00:00+00:00,2026-05-26 06:00:00+00:00,1,1,1,0,2026-06-01 14:00:00+08:00,2026-06-01 14:00:00+08:00,,1500.0,REJECTED,local_hour_count_1
data/interim/notebook02_sources/hourly_forecasts/01_19a_hko_ecmwf_single_run_hourly_forecasts.csv,source_target_date_decision_rule_issue_time,2026-06-01,12h_prior,,,2026-05-26 06:00:00+00:00,2026-05-26 06:00:00+00:00,1,1,1,0,2026-06-01 20:00:00+08:00,2026-06-01 20:00:00+08:00,,1500.0,REJECTED,local_hour_count_1
data/interim/notebook02_sources/hourly_forecasts/01_19a_hko_ecmwf_single_run_hourly_forecasts.csv,source_target_date_decision_rule_issue_time,2026-05-27,6h_prior,,,2026-05-26 18:00:00+00:00,2026-05-26 18:00:00+00:00,1,1,1,0,2026-05-27 14:00:00+08:00,2026-05-27 14:00:00+08:00,,1500.0,REJECTED,local_hour_count_1
data/interim/notebook02_sources/hourly_forecasts/01_19a_hko_ecmwf_single_run_hourly_forecasts.csv,source_target_date_decision_rule_issue_time,2026-05-27,12h_prior,,,2026-05-26 18:00:00+00:00,2026-05-26 18:00:00+00:00,1,1,1,0,2026-05-27 20:00:00+08:00,2026-05-27 20:00:00+08:00,,1500.0,REJECTED,local_hour_count_1
data/interim/notebook02_sources/hourly_forecasts/01_19a_hko_ecmwf_single_run_hourly_forecasts.csv,source_target_date_decision_rule_issue_time,2026-05-28,6h_prior,,,2026-05-26 18:00:00+00:00,2026-05-26 18:00:00+00:00,1,1,1,0,2026-05-28 14:00:00+08:00,2026-05-28 14:00:00+08:00,,1500.0,REJECTED,local_hour_count_1
data/interim/notebook02_sources/hourly_forecasts/01_19a_hko_ecmwf_single_run_hourly_forecasts.csv,source_target_date_decision_rule_issue_time,2026-05-28,12h_prior,,,2026-05-26 18:00:00+00:00,2026-05-26 18:00:00+00:00,1,1,1,0,2026-05-28 20:00:00+08:00,2026-05-28 20:00:00+08:00,,1500.0,REJECTED,local_hour_count_1
data/interim/notebook02_sources/hourly_forecasts/01_19a_hko_ecmwf_single_run_hourly_forecasts.csv,source_target_date_decision_rule_issue_time,2026-05-29,6h_prior,,,2026-05-26 18:00:00+00:00,2026-05-26 18:00:00+00:00,1,1,1,0,2026-05-29 14:00:00+08:00,2026-05-29 14:00:00+08:00,,1500.0,REJECTED,local_hour_count_1
data/interim/notebook02_sources/hourly_forecasts/01_19a_hko_ecmwf_single_run_hourly_forecasts.csv,source_target_date_decision_rule_issue_time,2026-05-29,12h_prior,,,2026-05-26 18:00:00+00:00,2026-05-26 18:00:00+00:00,1,1,1,0,2026-05-29 20:00:00+08:00,2026-05-29 20:00:00+08:00,,1500.0,REJECTED,local_hour_count_1
data/interim/notebook02_sources/hourly_forecasts/01_19a_hko_ecmwf_single_run_hourly_forecasts.csv,source_target_date_decision_rule_issue_time,2026-05-30,6h_prior,,,2026-05-26 18:00:00+00:00,2026-05-26 18:00:00+00:00,1,1,1,0,2026-05-30 14:00:00+08:00,2026-05-30 14:00:00+08:00,,1500.0,REJECTED,local_hour_count_1
data/interim/notebook02_sources/hourly_forecasts/01_19a_hko_ecmwf_single_run_hourly_forecasts.csv,source_target_date_decision_rule_issue_time,2026-05-30,12h_prior,,,2026-05-26 18:00:00+00:00,2026-05-26 18:00:00+00:00,1,1,1,0,2026-05-30 20:00:00+08:00,2026-05-30 20:00:00+08:00,,1500.0,REJECTED,local_hour_count_1
data/interim/notebook02_sources/hourly_forecasts/01_19a_hko_ecmwf_single_run_hourly_forecasts.csv,source_target_date_decision_rule_issue_time,2026-05-31,6h_prior,,,2026-05-26 18:00:00+00:00,2026-05-26 18:00:00+00:00,1,1,1,0,2026-05-31 14:00:00+08:00,2026-05-31 14:00:00+08:00,,1500.0,REJECTED,local_hour_count_1
data/interim/notebook02_sources/hourly_forecasts/01_19a_hko_ecmwf_single_run_hourly_forecasts.csv,source_target_date_decision_rule_issue_time,2026-05-31,12h_prior,,,2026-05-26 18:00:00+00:00,2026-05-26 18:00:00+00:00,1,1,1,0,2026-05-31 20:00:00+08:00,2026-05-31 20:00:00+08:00,,1500.0,REJECTED,local_hour_count_1
data/interim/notebook02_sources/hourly_forecasts/01_19a_hko_ecmwf_single_run_hourly_forecasts.csv,source_target_date_decision_rule_issue_time,2026-06-01,6h_prior,,,2026-05-26 18:00:00+00:00,2026-05-26 18:00:00+00:00,1,1,1,0,2026-06-01 14:00:00+08:00,2026-06-01 14:00:00+08:00,,1500.0,REJECTED,local_hour_count_1
data/interim/notebook02_sources/hourly_forecasts/01_19a_hko_ecmwf_single_run_hourly_forecasts.csv,source_target_date_decision_rule_issue_time,2026-06-01,12h_prior,,,2026-05-26 18:00:00+00:00,2026-05-26 18:00:00+00:00,1,1,1,0,2026-06-01 20:00:00+08:00,2026-06-01 20:00:00+08:00,,1500.0,REJECTED,local_hour_count_1
data/interim/notebook02_sources/hourly_forecasts/01_19a_hko_ecmwf_single_run_hourly_forecasts.csv,source_target_date_decision_rule_issue_time,2026-05-27,12h_prior,,,2026-05-27 00:00:00+00:00,2026-05-27 00:00:00+00:00,1,1,1,0,2026-05-27 20:00:00+08:00,2026-05-27 20:00:00+08:00,,1500.0,REJECTED,local_hour_count_1
data/interim/notebook02_sources/hourly_forecasts/01_19a_hko_ecmwf_single_run_hourly_forecasts.csv,source_target_date_decision_rule_issue_time,2026-05-28,6h_prior,,,2026-05-27 00:00:00+00:00,2026-05-27 00:00:00+00:00,1,1,1,0,2026-05-28 14:00:00+08:00,2026-05-28 14:00:00+08:00,,1500.0,REJECTED,local_hour_count_1
data/interim/notebook02_sources/hourly_forecasts/01_19a_hko_ecmwf_single_run_hourly_forecasts.csv,source_target_date_decision_rule_issue_time,2026-05-28,12h_prior,,,2026-05-27 00:00:00+00:00,2026-05-27 00:00:00+00:00,1,1,1,0,2026-05-28 20:00:00+08:00,2026-05-28 20:00:00+08:00,,1500.0,REJECTED,local_hour_count_1
data/interim/notebook02_sources/hourly_forecasts/01_19a_hko_ecmwf_single_run_hourly_forecasts.csv,source_target_date_decision_rule_issue_time,2026-05-29,6h_prior,,,2026-05-27 00:00:00+00:00,2026-05-27 00:00:00+00:00,1,1,1,0,2026-05-29 14:00:00+08:00,2026-05-29 14:00:00+08:00,,1500.0,REJECTED,local_hour_count_1
data/interim/notebook02_sources/hourly_forecasts/01_19a_hko_ecmwf_single_run_hourly_forecasts.csv,source_target_date_decision_rule_issue_time,2026-05-29,12h_prior,,,2026-05-27 00:00:00+00:00,2026-05-27 00:00:00+00:00,1,1,1,0,2026-05-29 20:00:00+08:00,2026-05-29 20:00:00+08:00,,1500.0,REJECTED,local_hour_count_1
data/interim/notebook02_sources/hourly_forecasts/01_19a_hko_ecmwf_single_run_hourly_forecasts.csv,source_target_date_decision_rule_issue_time,2026-05-30,6h_prior,,,2026-05-27 00:00:00+00:00,2026-05-27 00:00:00+00:00,1,1,1,0,2026-05-30 14:00:00+08:00,2026-05-30 14:00:00+08:00,,1500.0,REJECTED,local_hour_count_1
data/interim/notebook02_sources/hourly_forecasts/01_19a_hko_ecmwf_single_run_hourly_forecasts.csv,source_target_date_decision_rule_issue_time,2026-05-30,12h_prior,,,2026-05-27 00:00:00+00:00,2026-05-27 00:00:00+00:00,1,1,1,0,2026-05-30 20:00:00+08:00,2026-05-30 20:00:00+08:00,,1500.0,REJECTED,local_hour_count_1
data/interim/notebook02_sources/hourly_forecasts/01_19a_hko_ecmwf_single_run_hourly_forecasts.csv,source_target_date_decision_rule_issue_time,2026-05-31,6h_prior,,,2026-05-27 00:00:00+00:00,2026-05-27 00:00:00+00:00,1,1,1,0,2026-05-31 14:00:00+08:00,2026-05-31 14:00:00+08:00,,1500.0,REJECTED,local_hour_count_1
data/interim/notebook02_sources/hourly_forecasts/01_19a_hko_ecmwf_single_run_hourly_forecasts.csv,source_target_date_decision_rule_issue_time,2026-05-31,12h_prior,,,2026-05-27 00:00:00+00:00,2026-05-27 00:00:00+00:00,1,1,1,0,2026-05-31 20:00:00+08:00,2026-05-31 20:00:00+08:00,,1500.0,REJECTED,local_hour_count_1
data/interim/notebook02_sources/hourly_forecasts/01_19a_hko_ecmwf_single_run_hourly_forecasts.csv,source_target_date_decision_rule_issue_time,2026-06-01,6h_prior,,,2026-05-27 00:00:00+00:00,2026-05-27 00:00:00+00:00,1,1,1,0,2026-06-01 14:00:00+08:00,2026-06-01 14:00:00+08:00,,1500.0,REJECTED,local_hour_count_1
data/interim/notebook02_sources/hourly_forecasts/01_19a_hko_ecmwf_single_run_hourly_forecasts.csv,source_target_date_decision_rule_issue_time,2026-06-01,12h_prior,,,2026-05-27 00:00:00+00:00,2026-05-27 00:00:00+00:00,1,1,1,0,2026-06-01 20:00:00+08:00,2026-06-01 20:00:00+08:00,,1500.0,REJECTED,local_hour_count_1
data/interim/notebook02_sources/hourly_forecasts/01_19a_hko_ecmwf_single_run_hourly_forecasts.csv,source_target_date_decision_rule_issue_time,2026-06-02,6h_prior,,,2026-05-27 00:00:00+00:00,2026-05-27 00:00:00+00:00,1,1,1,0,2026-06-02 14:00:00+08:00,2026-06-02 14:00:00+08:00,,1500.0,REJECTED,local_hour_count_1
data/interim/notebook02_sources/hourly_forecasts/01_19a_hko_ecmwf_single_run_hourly_forecasts.csv,source_target_date_decision_rule_issue_time,2026-06-02,12h_prior,,,2026-05-27 00:00:00+00:00,2026-05-27 00:00:00+00:00,1,1,1,0,2026-06-02 20:00:00+08:00,2026-06-02 20:00:00+08:00,,1500.0,REJECTED,local_hour_count_1
data/interim/notebook02_sources/hourly_forecasts/01_19a_hko_ecmwf_single_run_hourly_forecasts.csv,source_target_date_decision_rule_issue_time,2026-06-03,6h_prior,,,2026-05-27 00:00:00+00:00,2026-05-27 00:00:00+00:00,1,1,1,0,2026-06-03 14:00:00+08:00,2026-06-03 14:00:00+08:00,,1500.0,REJECTED,local_hour_count_1
data/interim/notebook02_sources/hourly_forecasts/01_19a_hko_ecmwf_single_run_hourly_forecasts.csv,source_target_date_decision_rule_issue_time,2026-06-03,12h_prior,,,2026-05-27 00:00:00+00:00,2026-05-27 00:00:00+00:00,1,1,1,0,2026-06-03 20:00:00+08:00,2026-06-03 20:00:00+08:00,,1500.0,REJECTED,local_hour_count_1
data/interim/notebook02_sources/hourly_forecasts/01_19a_hko_ecmwf_single_run_hourly_forecasts.csv,source_target_date_decision_rule_issue_time,2026-06-04,6h_prior,,,2026-05-27 00:00:00+00:00,2026-05-27 00:00:00+00:00,1,1,1,0,2026-06-04 14:00:00+08:00,2026-06-04 14:00:00+08:00,,1500.0,REJECTED,local_hour_count_1
data/interim/notebook02_sources/hourly_forecasts/01_19a_hko_ecmwf_single_run_hourly_forecasts.csv,source_target_date_decision_rule_issue_time,2026-06-04,12h_prior,,,2026-05-27 00:00:00+00:00,2026-05-27 00:00:00+00:00,1,1,1,0,2026-06-04 20:00:00+08:00,2026-06-04 20:00:00+08:00,,1500.0,REJECTED,local_hour_count_1
data/interim/notebook02_sources/hourly_forecasts/01_19a_hko_ecmwf_single_run_hourly_forecasts.csv,source_target_date_decision_rule_issue_time,2026-06-05,6h_prior,,,2026-05-27 00:00:00+00:00,2026-05-27 00:00:00+00:00,1,1,1,0,2026-06-05 14:00:00+08:00,2026-06-05 14:00:00+08:00,,1500.0,REJECTED,local_hour_count_1
data/interim/notebook02_sources/hourly_forecasts/01_19a_hko_ecmwf_single_run_hourly_forecasts.csv,source_target_date_decision_rule_issue_time,2026-06-05,12h_prior,,,2026-05-27 00:00:00+00:00,2026-05-27 00:00:00+00:00,1,1,1,0,2026-06-05 20:00:00+08:00,2026-06-05 20:00:00+08:00,,1500.0,REJECTED,local_hour_count_1
data/interim/notebook02_sources/hourly_forecasts/01_19a_hko_ecmwf_single_run_hourly_forecasts.csv,source_target_date_decision_rule_issue_time,2026-06-06,6h_prior,,,2026-05-27 00:00:00+00:00,2026-05-27 00:00:00+00:00,1,1,1,0,2026-06-06 14:00:00+08:00,2026-06-06 14:00:00+08:00,,1500.0,REJECTED,local_hour_count_1
data/interim/notebook02_sources/hourly_forecasts/01_19a_hko_ecmwf_single_run_hourly_forecasts.csv,source_target_date_decision_rule_issue_time,2026-05-28,6h_prior,,,2026-05-27 06:00:00+00:00,2026-05-27 06:00:00+00:00,1,1,1,0,2026-05-28 14:00:00+08:00,2026-05-28 14:00:00+08:00,,1500.0,REJECTED,local_hour_count_1
data/interim/notebook02_sources/hourly_forecasts/01_19a_hko_ecmwf_single_run_hourly_forecasts.csv,source_target_date_decision_rule_issue_time,2026-05-28,12h_prior,,,2026-05-27 06:00:00+00:00,2026-05-27 06:00:00+00:00,1,1,1,0,2026-05-28 20:00:00+08:00,2026-05-28 20:00:00+08:00,,1500.0,REJECTED,local_hour_count_1
data/interim/notebook02_sources/hourly_forecasts/01_19a_hko_ecmwf_single_run_hourly_forecasts.csv,source_target_date_decision_rule_issue_time,2026-05-29,6h_prior,,,2026-05-27 06:00:00+00:00,2026-05-27 06:00:00+00:00,1,1,1,0,2026-05-29 14:00:00+08:00,2026-05-29 14:00:00+08:00,,1500.0,REJECTED,local_hour_count_1
data/interim/notebook02_sources/hourly_forecasts/01_19a_hko_ecmwf_single_run_hourly_forecasts.csv,source_target_date_decision_rule_issue_time,2026-05-29,12h_prior,,,2026-05-27 06:00:00+00:00,2026-05-27 06:00:00+00:00,1,1,1,0,2026-05-29 20:00:00+08:00,2026-05-29 20:00:00+08:00,,1500.0,REJECTED,local_hour_count_1
data/interim/notebook02_sources/hourly_forecasts/01_19a_hko_ecmwf_single_run_hourly_forecasts.csv,source_target_date_decision_rule_issue_time,2026-05-30,6h_prior,,,2026-05-27 06:00:00+00:00,2026-05-27 06:00:00+00:00,1,1,1,0,2026-05-30 14:00:00+08:00,2026-05-30 14:00:00+08:00,,1500.0,REJECTED,local_hour_count_1
data/interim/notebook02_sources/hourly_forecasts/01_19a_hko_ecmwf_single_run_hourly_forecasts.csv,source_target_date_decision_rule_issue_time,2026-05-30,12h_prior,,,2026-05-27 06:00:00+00:00,2026-05-27 06:00:00+00:00,1,1,1,0,2026-05-30 20:00:00+08:00,2026-05-30 20:00:00+08:00,,1500.0,REJECTED,local_hour_count_1
data/interim/notebook02_sources/hourly_forecasts/01_19a_hko_ecmwf_single_run_hourly_forecasts.csv,source_target_date_decision_rule_issue_time,2026-05-31,6h_prior,,,2026-05-27 06:00:00+00:00,2026-05-27 06:00:00+00:00,1,1,1,0,2026-05-31 14:00:00+08:00,2026-05-31 14:00:00+08:00,,1500.0,REJECTED,local_hour_count_1
data/interim/notebook02_sources/hourly_forecasts/01_19a_hko_ecmwf_single_run_hourly_forecasts.csv,source_target_date_decision_rule_issue_time,2026-05-31,12h_prior,,,2026-05-27 06:00:00+00:00,2026-05-27 06:00:00+00:00,1,1,1,0,2026-05-31 20:00:00+08:00,2026-05-31 20:00:00+08:00,,1500.0,REJECTED,local_hour_count_1
data/interim/notebook02_sources/hourly_forecasts/01_19a_hko_ecmwf_single_run_hourly_forecasts.csv,source_target_date_decision_rule_issue_time,2026-06-01,6h_prior,,,2026-05-27 06:00:00+00:00,2026-05-27 06:00:00+00:00,1,1,1,0,2026-06-01 14:00:00+08:00,2026-06-01 14:00:00+08:00,,1500.0,REJECTED,local_hour_count_1
data/interim/notebook02_sources/hourly_forecasts/01_19a_hko_ecmwf_single_run_hourly_forecasts.csv,source_target_date_decision_rule_issue_time,2026-06-01,12h_prior,,,2026-05-27 06:00:00+00:00,2026-05-27 06:00:00+00:00,1,1,1,0,2026-06-01 20:00:00+08:00,2026-06-01 20:00:00+08:00,,1500.0,REJECTED,local_hour_count_1
data/interim/notebook02_sources/hourly_forecasts/01_19a_hko_ecmwf_single_run_hourly_forecasts.csv,source_target_date_decision_rule_issue_time,2026-06-02,6h_prior,,,2026-05-27 06:00:00+00:00,2026-05-27 06:00:00+00:00,1,1,1,0,2026-06-02 14:00:00+08:00,2026-06-02 14:00:00+08:00,,1500.0,REJECTED,local_hour_count_1
data/interim/notebook02_sources/hourly_forecasts/01_19a_hko_ecmwf_single_run_hourly_forecasts.csv,source_target_date_decision_rule_issue_time,2026-06-02,12h_prior,,,2026-05-27 06:00:00+00:00,2026-05-27 06:00:00+00:00,1,1,1,0,2026-06-02 20:00:00+08:00,2026-06-02 20:00:00+08:00,,1500.0,REJECTED,local_hour_count_1
data/interim/notebook02_sources/hourly_forecasts/01_19a_hko_ecmwf_single_run_hourly_forecasts.csv,source_target_date_decision_rule_issue_time,2026-05-28,6h_prior,,,2026-05-27 18:00:00+00:00,2026-05-27 18:00:00+00:00,1,1,1,0,2026-05-28 14:00:00+08:00,2026-05-28 14:00:00+08:00,,1500.0,REJECTED,local_hour_count_1
data/interim/notebook02_sources/hourly_forecasts/01_19a_hko_ecmwf_single_run_hourly_forecasts.csv,source_target_date_decision_rule_issue_time,2026-05-28,12h_prior,,,2026-05-27 18:00:00+00:00,2026-05-27 18:00:00+00:00,1,1,1,0,2026-05-28 20:00:00+08:00,2026-05-28 20:00:00+08:00,,1500.0,REJECTED,local_hour_count_1
data/interim/notebook02_sources/hourly_forecasts/01_19a_hko_ecmwf_single_run_hourly_forecasts.csv,source_target_date_decision_rule_issue_time,2026-05-29,6h_prior,,,2026-05-27 18:00:00+00:00,2026-05-27 18:00:00+00:00,1,1,1,0,2026-05-29 14:00:00+08:00,2026-05-29 14:00:00+08:00,,1500.0,REJECTED,local_hour_count_1
data/interim/notebook02_sources/hourly_forecasts/01_19a_hko_ecmwf_single_run_hourly_forecasts.csv,source_target_date_decision_rule_issue_time,2026-05-29,12h_prior,,,2026-05-27 18:00:00+00:00,2026-05-27 18:00:00+00:00,1,1,1,0,2026-05-29 20:00:00+08:00,2026-05-29 20:00:00+08:00,,1500.0,REJECTED,local_hour_count_1
data/interim/notebook02_sources/hourly_forecasts/01_19a_hko_ecmwf_single_run_hourly_forecasts.csv,source_target_date_decision_rule_issue_time,2026-05-30,6h_prior,,,2026-05-27 18:00:00+00:00,2026-05-27 18:00:00+00:00,1,1,1,0,2026-05-30 14:00:00+08:00,2026-05-30 14:00:00+08:00,,1500.0,REJECTED,local_hour_count_1
data/interim/notebook02_sources/hourly_forecasts/01_19a_hko_ecmwf_single_run_hourly_forecasts.csv,source_target_date_decision_rule_issue_time,2026-05-30,12h_prior,,,2026-05-27 18:00:00+00:00,2026-05-27 18:00:00+00:00,1,1,1,0,2026-05-30 20:00:00+08:00,2026-05-30 20:00:00+08:00,,1500.0,REJECTED,local_hour_count_1
data/interim/notebook02_sources/hourly_forecasts/01_19a_hko_ecmwf_single_run_hourly_forecasts.csv,source_target_date_decision_rule_issue_time,2026-05-31,6h_prior,,,2026-05-27 18:00:00+00:00,2026-05-27 18:00:00+00:00,1,1,1,0,2026-05-31 14:00:00+08:00,2026-05-31 14:00:00+08:00,,1500.0,REJECTED,local_hour_count_1
data/interim/notebook02_sources/hourly_forecasts/01_19a_hko_ecmwf_single_run_hourly_forecasts.csv,source_target_date_decision_rule_issue_time,2026-05-31,12h_prior,,,2026-05-27 18:00:00+00:00,2026-05-27 18:00:00+00:00,1,1,1,0,2026-05-31 20:00:00+08:00,2026-05-31 20:00:00+08:00,,1500.0,REJECTED,local_hour_count_1
data/interim/notebook02_sources/hourly_forecasts/01_19a_hko_ecmwf_single_run_hourly_forecasts.csv,source_target_date_decision_rule_issue_time,2026-06-01,6h_prior,,,2026-05-27 18:00:00+00:00,2026-05-27 18:00:00+00:00,1,1,1,0,2026-06-01 14:00:00+08:00,2026-06-01 14:00:00+08:00,,1500.0,REJECTED,local_hour_count_1
data/interim/notebook02_sources/hourly_forecasts/01_19a_hko_ecmwf_single_run_hourly_forecasts.csv,source_target_date_decision_rule_issue_time,2026-06-01,12h_prior,,,2026-05-27 18:00:00+00:00,2026-05-27 18:00:00+00:00,1,1,1,0,2026-06-01 20:00:00+08:00,2026-06-01 20:00:00+08:00,,1500.0,REJECTED,local_hour_count_1
data/interim/notebook02_sources/hourly_forecasts/01_19a_hko_ecmwf_single_run_hourly_forecasts.csv,source_target_date_decision_rule_issue_time,2026-06-02,6h_prior,,,2026-05-27 18:00:00+00:00,2026-05-27 18:00:00+00:00,1,1,1,0,2026-06-02 14:00:00+08:00,2026-06-02 14:00:00+08:00,,1500.0,REJECTED,local_hour_count_1
data/interim/notebook02_sources/hourly_forecasts/01_19a_hko_ecmwf_single_run_hourly_forecasts.csv,source_target_date_decision_rule_issue_time,2026-06-02,12h_prior,,,2026-05-27 18:00:00+00:00,2026-05-27 18:00:00+00:00,1,1,1,0,2026-06-02 20:00:00+08:00,2026-06-02 20:00:00+08:00,,1500.0,REJECTED,local_hour_count_1
data/interim/notebook02_sources/hourly_forecasts/01_19a_hko_ecmwf_single_run_hourly_forecasts.csv,source_target_date_decision_rule_issue_time,2026-05-28,12h_prior,,,2026-05-28 00:00:00+00:00,2026-05-28 00:00:00+00:00,1,1,1,0,2026-05-28 20:00:00+08:00,2026-05-28 20:00:00+08:00,,1500.0,REJECTED,local_hour_count_1
data/interim/notebook02_sources/hourly_forecasts/01_19a_hko_ecmwf_single_run_hourly_forecasts.csv,source_target_date_decision_rule_issue_time,2026-05-29,6h_prior,,,2026-05-28 00:00:00+00:00,2026-05-28 00:00:00+00:00,1,1,1,0,2026-05-29 14:00:00+08:00,2026-05-29 14:00:00+08:00,,1500.0,REJECTED,local_hour_count_1
data/interim/notebook02_sources/hourly_forecasts/01_19a_hko_ecmwf_single_run_hourly_forecasts.csv,source_target_date_decision_rule_issue_time,2026-05-29,12h_prior,,,2026-05-28 00:00:00+00:00,2026-05-28 00:00:00+00:00,1,1,1,0,2026-05-29 20:00:00+08:00,2026-05-29 20:00:00+08:00,,1500.0,REJECTED,local_hour_count_1
data/interim/notebook02_sources/hourly_forecasts/01_19a_hko_ecmwf_single_run_hourly_forecasts.csv,source_target_date_decision_rule_issue_time,2026-05-30,6h_prior,,,2026-05-28 00:00:00+00:00,2026-05-28 00:00:00+00:00,1,1,1,0,2026-05-30 14:00:00+08:00,2026-05-30 14:00:00+08:00,,1500.0,REJECTED,local_hour_count_1
data/interim/notebook02_sources/hourly_forecasts/01_19a_hko_ecmwf_single_run_hourly_forecasts.csv,source_target_date_decision_rule_issue_time,2026-05-30,12h_prior,,,2026-05-28 00:00:00+00:00,2026-05-28 00:00:00+00:00,1,1,1,0,2026-05-30 20:00:00+08:00,2026-05-30 20:00:00+08:00,,1500.0,REJECTED,local_hour_count_1
data/interim/notebook02_sources/hourly_forecasts/01_19a_hko_ecmwf_single_run_hourly_forecasts.csv,source_target_date_decision_rule_issue_time,2026-05-31,6h_prior,,,2026-05-28 00:00:00+00:00,2026-05-28 00:00:00+00:00,1,1,1,0,2026-05-31 14:00:00+08:00,2026-05-31 14:00:00+08:00,,1500.0,REJECTED,local_hour_count_1
data/interim/notebook02_sources/hourly_forecasts/01_19a_hko_ecmwf_single_run_hourly_forecasts.csv,source_target_date_decision_rule_issue_time,2026-05-31,12h_prior,,,2026-05-28 00:00:00+00:00,2026-05-28 00:00:00+00:00,1,1,1,0,2026-05-31 20:00:00+08:00,2026-05-31 20:00:00+08:00,,1500.0,REJECTED,local_hour_count_1
data/interim/notebook02_sources/hourly_forecasts/01_19a_hko_ecmwf_single_run_hourly_forecasts.csv,source_target_date_decision_rule_issue_time,2026-06-01,6h_prior,,,2026-05-28 00:00:00+00:00,2026-05-28 00:00:00+00:00,1,1,1,0,2026-06-01 14:00:00+08:00,2026-06-01 14:00:00+08:00,,1500.0,REJECTED,local_hour_count_1
data/interim/notebook02_sources/hourly_forecasts/01_19a_hko_ecmwf_single_run_hourly_forecasts.csv,source_target_date_decision_rule_issue_time,2026-06-01,12h_prior,,,2026-05-28 00:00:00+00:00,2026-05-28 00:00:00+00:00,1,1,1,0,2026-06-01 20:00:00+08:00,2026-06-01 20:00:00+08:00,,1500.0,REJECTED,local_hour_count_1
data/interim/notebook02_sources/hourly_forecasts/01_19a_hko_ecmwf_single_run_hourly_forecasts.csv,source_target_date_decision_rule_issue_time,2026-06-02,6h_prior,,,2026-05-28 00:00:00+00:00,2026-05-28 00:00:00+00:00,1,1,1,0,2026-06-02 14:00:00+08:00,2026-06-02 14:00:00+08:00,,1500.0,REJECTED,local_hour_count_1
data/interim/notebook02_sources/hourly_forecasts/01_19a_hko_ecmwf_single_run_hourly_forecasts.csv,source_target_date_decision_rule_issue_time,2026-06-02,12h_prior,,,2026-05-28 00:00:00+00:00,2026-05-28 00:00:00+00:00,1,1,1,0,2026-06-02 20:00:00+08:00,2026-06-02 20:00:00+08:00,,1500.0,REJECTED,local_hour_count_1
data/interim/notebook02_sources/hourly_forecasts/01_19a_hko_ecmwf_single_run_hourly_forecasts.csv,source_target_date_decision_rule_issue_time,2026-06-03,6h_prior,,,2026-05-28 00:00:00+00:00,2026-05-28 00:00:00+00:00,1,1,1,0,2026-06-03 14:00:00+08:00,2026-06-03 14:00:00+08:00,,1500.0,REJECTED,local_hour_count_1
data/interim/notebook02_sources/hourly_forecasts/01_19a_hko_ecmwf_single_run_hourly_forecasts.csv,source_target_date_decision_rule_issue_time,2026-06-03,12h_prior,,,2026-05-28 00:00:00+00:00,2026-05-28 00:00:00+00:00,1,1,1,0,2026-06-03 20:00:00+08:00,2026-06-03 20:00:00+08:00,,1500.0,REJECTED,local_hour_count_1
data/interim/notebook02_sources/hourly_forecasts/01_19a_hko_ecmwf_single_run_hourly_forecasts.csv,source_target_date_decision_rule_issue_time,2026-06-04,6h_prior,,,2026-05-28 00:00:00+00:00,2026-05-28 00:00:00+00:00,1,1,1,0,2026-06-04 14:00:00+08:00,2026-06-04 14:00:00+08:00,,1500.0,REJECTED,local_hour_count_1
data/interim/notebook02_sources/hourly_forecasts/01_19a_hko_ecmwf_single_run_hourly_forecasts.csv,source_target_date_decision_rule_issue_time,2026-06-04,12h_prior,,,2026-05-28 00:00:00+00:00,2026-05-28 00:00:00+00:00,1,1,1,0,2026-06-04 20:00:00+08:00,2026-06-04 20:00:00+08:00,,1500.0,REJECTED,local_hour_count_1
data/interim/notebook02_sources/hourly_forecasts/01_19a_hko_ecmwf_single_run_hourly_forecasts.csv,source_target_date_decision_rule_issue_time,2026-06-05,6h_prior,,,2026-05-28 00:00:00+00:00,2026-05-28 00:00:00+00:00,1,1,1,0,2026-06-05 14:00:00+08:00,2026-06-05 14:00:00+08:00,,1500.0,REJECTED,local_hour_count_1
data/interim/notebook02_sources/hourly_forecasts/01_19a_hko_ecmwf_single_run_hourly_forecasts.csv,source_target_date_decision_rule_issue_time,2026-06-05,12h_prior,,,2026-05-28 00:00:00+00:00,2026-05-28 00:00:00+00:00,1,1,1,0,2026-06-05 20:00:00+08:00,2026-06-05 20:00:00+08:00,,1500.0,REJECTED,local_hour_count_1
data/interim/notebook02_sources/hourly_forecasts/01_19a_hko_ecmwf_single_run_hourly_forecasts.csv,source_target_date_decision_rule_issue_time,2026-06-06,6h_prior,,,2026-05-28 00:00:00+00:00,2026-05-28 00:00:00+00:00,1,1,1,0,2026-06-06 14:00:00+08:00,2026-06-06 14:00:00+08:00,,1500.0,REJECTED,local_hour_count_1
data/interim/notebook02_sources/hourly_forecasts/01_19a_hko_ecmwf_single_run_hourly_forecasts.csv,source_target_date_decision_rule_issue_time,2026-06-06,12h_prior,,,2026-05-28 00:00:00+00:00,2026-05-28 00:00:00+00:00,1,1,1,0,2026-06-06 20:00:00+08:00,2026-06-06 20:00:00+08:00,,1500.0,REJECTED,local_hour_count_1
data/interim/notebook02_sources/hourly_forecasts/01_19a_hko_ecmwf_single_run_hourly_forecasts.csv,source_target_date_decision_rule_issue_time,2026-06-07,6h_prior,,,2026-05-28 00:00:00+00:00,2026-05-28 00:00:00+00:00,1,1,1,0,2026-06-07 14:00:00+08:00,2026-06-07 14:00:00+08:00,,1500.0,REJECTED,local_hour_count_1
data/interim/notebook02_sources/hourly_forecasts/01_19a_hko_ecmwf_single_run_hourly_forecasts.csv,source_target_date_decision_rule_issue_time,2026-05-29,6h_prior,,,2026-05-28 06:00:00+00:00,2026-05-28 06:00:00+00:00,1,1,1,0,2026-05-29 14:00:00+08:00,2026-05-29 14:00:00+08:00,,1500.0,REJECTED,local_hour_count_1
data/interim/notebook02_sources/hourly_forecasts/01_19a_hko_ecmwf_single_run_hourly_forecasts.csv,source_target_date_decision_rule_issue_time,2026-05-29,12h_prior,,,2026-05-28 06:00:00+00:00,2026-05-28 06:00:00+00:00,1,1,1,0,2026-05-29 20:00:00+08:00,2026-05-29 20:00:00+08:00,,1500.0,REJECTED,local_hour_count_1
data/interim/notebook02_sources/hourly_forecasts/01_19a_hko_ecmwf_single_run_hourly_forecasts.csv,source_target_date_decision_rule_issue_time,2026-05-30,6h_prior,,,2026-05-28 06:00:00+00:00,2026-05-28 06:00:00+00:00,1,1,1,0,2026-05-30 14:00:00+08:00,2026-05-30 14:00:00+08:00,,1500.0,REJECTED,local_hour_count_1
data/interim/notebook02_sources/hourly_forecasts/01_19a_hko_ecmwf_single_run_hourly_forecasts.csv,source_target_date_decision_rule_issue_time,2026-05-30,12h_prior,,,2026-05-28 06:00:00+00:00,2026-05-28 06:00:00+00:00,1,1,1,0,2026-05-30 20:00:00+08:00,2026-05-30 20:00:00+08:00,,1500.0,REJECTED,local_hour_count_1
data/interim/notebook02_sources/hourly_forecasts/01_19a_hko_ecmwf_single_run_hourly_forecasts.csv,source_target_date_decision_rule_issue_time,2026-05-31,6h_prior,,,2026-05-28 06:00:00+00:00,2026-05-28 06:00:00+00:00,1,1,1,0,2026-05-31 14:00:00+08:00,2026-05-31 14:00:00+08:00,,1500.0,REJECTED,local_hour_count_1
data/interim/notebook02_sources/hourly_forecasts/01_19a_hko_ecmwf_single_run_hourly_forecasts.csv,source_target_date_decision_rule_issue_time,2026-05-31,12h_prior,,,2026-05-28 06:00:00+00:00,2026-05-28 06:00:00+00:00,1,1,1,0,2026-05-31 20:00:00+08:00,2026-05-31 20:00:00+08:00,,1500.0,REJECTED,local_hour_count_1
data/interim/notebook02_sources/hourly_forecasts/01_19a_hko_ecmwf_single_run_hourly_forecasts.csv,source_target_date_decision_rule_issue_time,2026-06-01,6h_prior,,,2026-05-28 06:00:00+00:00,2026-05-28 06:00:00+00:00,1,1,1,0,2026-06-01 14:00:00+08:00,2026-06-01 14:00:00+08:00,,1500.0,REJECTED,local_hour_count_1
data/interim/notebook02_sources/hourly_forecasts/01_19a_hko_ecmwf_single_run_hourly_forecasts.csv,source_target_date_decision_rule_issue_time,2026-06-01,12h_prior,,,2026-05-28 06:00:00+00:00,2026-05-28 06:00:00+00:00,1,1,1,0,2026-06-01 20:00:00+08:00,2026-06-01 20:00:00+08:00,,1500.0,REJECTED,local_hour_count_1
data/interim/notebook02_sources/hourly_forecasts/01_19a_hko_ecmwf_single_run_hourly_forecasts.csv,source_target_date_decision_rule_issue_time,2026-06-02,6h_prior,,,2026-05-28 06:00:00+00:00,2026-05-28 06:00:00+00:00,1,1,1,0,2026-06-02 14:00:00+08:00,2026-06-02 14:00:00+08:00,,1500.0,REJECTED,local_hour_count_1
data/interim/notebook02_sources/hourly_forecasts/01_19a_hko_ecmwf_single_run_hourly_forecasts.csv,source_target_date_decision_rule_issue_time,2026-06-02,12h_prior,,,2026-05-28 06:00:00+00:00,2026-05-28 06:00:00+00:00,1,1,1,0,2026-06-02 20:00:00+08:00,2026-06-02 20:00:00+08:00,,1500.0,REJECTED,local_hour_count_1
data/interim/notebook02_sources/hourly_forecasts/01_19a_hko_ecmwf_single_run_hourly_forecasts.csv,source_target_date_decision_rule_issue_time,2026-06-03,6h_prior,,,2026-05-28 06:00:00+00:00,2026-05-28 06:00:00+00:00,1,1,1,0,2026-06-03 14:00:00+08:00,2026-06-03 14:00:00+08:00,,1500.0,REJECTED,local_hour_count_1
data/interim/notebook02_sources/hourly_forecasts/01_19a_hko_ecmwf_single_run_hourly_forecasts.csv,source_target_date_decision_rule_issue_time,2026-06-03,12h_prior,,,2026-05-28 06:00:00+00:00,2026-05-28 06:00:00+00:00,1,1,1,0,2026-06-03 20:00:00+08:00,2026-06-03 20:00:00+08:00,,1500.0,REJECTED,local_hour_count_1
data/interim/notebook02_sources/hourly_forecasts/01_19a_hko_ecmwf_single_run_hourly_forecasts.csv,source_target_date_decision_rule_issue_time,2026-05-29,6h_prior,,,2026-05-28 18:00:00+00:00,2026-05-28 18:00:00+00:00,1,1,1,0,2026-05-29 14:00:00+08:00,2026-05-29 14:00:00+08:00,,1500.0,REJECTED,local_hour_count_1
data/interim/notebook02_sources/hourly_forecasts/01_19a_hko_ecmwf_single_run_hourly_forecasts.csv,source_target_date_decision_rule_issue_time,2026-05-29,12h_prior,,,2026-05-28 18:00:00+00:00,2026-05-28 18:00:00+00:00,1,1,1,0,2026-05-29 20:00:00+08:00,2026-05-29 20:00:00+08:00,,1500.0,REJECTED,local_hour_count_1
data/interim/notebook02_sources/hourly_forecasts/01_19a_hko_ecmwf_single_run_hourly_forecasts.csv,source_target_date_decision_rule_issue_time,2026-05-30,6h_prior,,,2026-05-28 18:00:00+00:00,2026-05-28 18:00:00+00:00,1,1,1,0,2026-05-30 14:00:00+08:00,2026-05-30 14:00:00+08:00,,1500.0,REJECTED,local_hour_count_1
data/interim/notebook02_sources/hourly_forecasts/01_19a_hko_ecmwf_single_run_hourly_forecasts.csv,source_target_date_decision_rule_issue_time,2026-05-30,12h_prior,,,2026-05-28 18:00:00+00:00,2026-05-28 18:00:00+00:00,1,1,1,0,2026-05-30 20:00:00+08:00,2026-05-30 20:00:00+08:00,,1500.0,REJECTED,local_hour_count_1
data/interim/notebook02_sources/hourly_forecasts/01_19a_hko_ecmwf_single_run_hourly_forecasts.csv,source_target_date_decision_rule_issue_time,2026-05-31,6h_prior,,,2026-05-28 18:00:00+00:00,2026-05-28 18:00:00+00:00,1,1,1,0,2026-05-31 14:00:00+08:00,2026-05-31 14:00:00+08:00,,1500.0,REJECTED,local_hour_count_1
data/interim/notebook02_sources/hourly_forecasts/01_19a_hko_ecmwf_single_run_hourly_forecasts.csv,source_target_date_decision_rule_issue_time,2026-05-31,12h_prior,,,2026-05-28 18:00:00+00:00,2026-05-28 18:00:00+00:00,1,1,1,0,2026-05-31 20:00:00+08:00,2026-05-31 20:00:00+08:00,,1500.0,REJECTED,local_hour_count_1
data/interim/notebook02_sources/hourly_forecasts/01_19a_hko_ecmwf_single_run_hourly_forecasts.csv,source_target_date_decision_rule_issue_time,2026-06-01,6h_prior,,,2026-05-28 18:00:00+00:00,2026-05-28 18:00:00+00:00,1,1,1,0,2026-06-01 14:00:00+08:00,2026-06-01 14:00:00+08:00,,1500.0,REJECTED,local_hour_count_1
data/interim/notebook02_sources/hourly_forecasts/01_19a_hko_ecmwf_single_run_hourly_forecasts.csv,source_target_date_decision_rule_issue_time,2026-06-01,12h_prior,,,2026-05-28 18:00:00+00:00,2026-05-28 18:00:00+00:00,1,1,1,0,2026-06-01 20:00:00+08:00,2026-06-01 20:00:00+08:00,,1500.0,REJECTED,local_hour_count_1
data/interim/notebook02_sources/hourly_forecasts/01_19a_hko_ecmwf_single_run_hourly_forecasts.csv,source_target_date_decision_rule_issue_time,2026-06-02,6h_prior,,,2026-05-28 18:00:00+00:00,2026-05-28 18:00:00+00:00,1,1,1,0,2026-06-02 14:00:00+08:00,2026-06-02 14:00:00+08:00,,1500.0,REJECTED,local_hour_count_1
data/interim/notebook02_sources/hourly_forecasts/01_19a_hko_ecmwf_single_run_hourly_forecasts.csv,source_target_date_decision_rule_issue_time,2026-06-02,12h_prior,,,2026-05-28 18:00:00+00:00,2026-05-28 18:00:00+00:00,1,1,1,0,2026-06-02 20:00:00+08:00,2026-06-02 20:00:00+08:00,,1500.0,REJECTED,local_hour_count_1
data/interim/notebook02_sources/hourly_forecasts/01_19a_hko_ecmwf_single_run_hourly_forecasts.csv,source_target_date_decision_rule_issue_time,2026-06-03,6h_prior,,,2026-05-28 18:00:00+00:00,2026-05-28 18:00:00+00:00,1,1,1,0,2026-06-03 14:00:00+08:00,2026-06-03 14:00:00+08:00,,1500.0,REJECTED,local_hour_count_1
data/interim/notebook02_sources/hourly_forecasts/01_19a_hko_ecmwf_single_run_hourly_forecasts.csv,source_target_date_decision_rule_issue_time,2026-06-03,12h_prior,,,2026-05-28 18:00:00+00:00,2026-05-28 18:00:00+00:00,1,1,1,0,2026-06-03 20:00:00+08:00,2026-06-03 20:00:00+08:00,,1500.0,REJECTED,local_hour_count_1
data/interim/notebook02_sources/hourly_forecasts/01_19a_hko_ecmwf_single_run_hourly_forecasts.csv,source_target_date_decision_rule_issue_time,2026-05-29,12h_prior,,,2026-05-29 00:00:00+00:00,2026-05-29 00:00:00+00:00,1,1,1,0,2026-05-29 20:00:00+08:00,2026-05-29 20:00:00+08:00,,1500.0,REJECTED,local_hour_count_1
data/interim/notebook02_sources/hourly_forecasts/01_19a_hko_ecmwf_single_run_hourly_forecasts.csv,source_target_date_decision_rule_issue_time,2026-05-30,6h_prior,,,2026-05-29 00:00:00+00:00,2026-05-29 00:00:00+00:00,1,1,1,0,2026-05-30 14:00:00+08:00,2026-05-30 14:00:00+08:00,,1500.0,REJECTED,local_hour_count_1
data/interim/notebook02_sources/hourly_forecasts/01_19a_hko_ecmwf_single_run_hourly_forecasts.csv,source_target_date_decision_rule_issue_time,2026-05-30,12h_prior,,,2026-05-29 00:00:00+00:00,2026-05-29 00:00:00+00:00,1,1,1,0,2026-05-30 20:00:00+08:00,2026-05-30 20:00:00+08:00,,1500.0,REJECTED,local_hour_count_1
data/interim/notebook02_sources/hourly_forecasts/01_19a_hko_ecmwf_single_run_hourly_forecasts.csv,source_target_date_decision_rule_issue_time,2026-05-31,6h_prior,,,2026-05-29 00:00:00+00:00,2026-05-29 00:00:00+00:00,1,1,1,0,2026-05-31 14:00:00+08:00,2026-05-31 14:00:00+08:00,,1500.0,REJECTED,local_hour_count_1
data/interim/notebook02_sources/hourly_forecasts/01_19a_hko_ecmwf_single_run_hourly_forecasts.csv,source_target_date_decision_rule_issue_time,2026-05-31,12h_prior,,,2026-05-29 00:00:00+00:00,2026-05-29 00:00:00+00:00,1,1,1,0,2026-05-31 20:00:00+08:00,2026-05-31 20:00:00+08:00,,1500.0,REJECTED,local_hour_count_1
data/interim/notebook02_sources/hourly_forecasts/01_19a_hko_ecmwf_single_run_hourly_forecasts.csv,source_target_date_decision_rule_issue_time,2026-06-01,6h_prior,,,2026-05-29 00:00:00+00:00,2026-05-29 00:00:00+00:00,1,1,1,0,2026-06-01 14:00:00+08:00,2026-06-01 14:00:00+08:00,,1500.0,REJECTED,local_hour_count_1
data/interim/notebook02_sources/hourly_forecasts/01_19a_hko_ecmwf_single_run_hourly_forecasts.csv,source_target_date_decision_rule_issue_time,2026-06-01,12h_prior,,,2026-05-29 00:00:00+00:00,2026-05-29 00:00:00+00:00,1,1,1,0,2026-06-01 20:00:00+08:00,2026-06-01 20:00:00+08:00,,1500.0,REJECTED,local_hour_count_1
data/interim/notebook02_sources/hourly_forecasts/01_19a_hko_ecmwf_single_run_hourly_forecasts.csv,source_target_date_decision_rule_issue_time,2026-06-02,6h_prior,,,2026-05-29 00:00:00+00:00,2026-05-29 00:00:00+00:00,1,1,1,0,2026-06-02 14:00:00+08:00,2026-06-02 14:00:00+08:00,,1500.0,REJECTED,local_hour_count_1
data/interim/notebook02_sources/hourly_forecasts/01_19a_hko_ecmwf_single_run_hourly_forecasts.csv,source_target_date_decision_rule_issue_time,2026-06-02,12h_prior,,,2026-05-29 00:00:00+00:00,2026-05-29 00:00:00+00:00,1,1,1,0,2026-06-02 20:00:00+08:00,2026-06-02 20:00:00+08:00,,1500.0,REJECTED,local_hour_count_1
data/interim/notebook02_sources/hourly_forecasts/01_19a_hko_ecmwf_single_run_hourly_forecasts.csv,source_target_date_decision_rule_issue_time,2026-06-03,6h_prior,,,2026-05-29 00:00:00+00:00,2026-05-29 00:00:00+00:00,1,1,1,0,2026-06-03 14:00:00+08:00,2026-06-03 14:00:00+08:00,,1500.0,REJECTED,local_hour_count_1
data/interim/notebook02_sources/hourly_forecasts/01_19a_hko_ecmwf_single_run_hourly_forecasts.csv,source_target_date_decision_rule_issue_time,2026-06-03,12h_prior,,,2026-05-29 00:00:00+00:00,2026-05-29 00:00:00+00:00,1,1,1,0,2026-06-03 20:00:00+08:00,2026-06-03 20:00:00+08:00,,1500.0,REJECTED,local_hour_count_1
data/interim/notebook02_sources/hourly_forecasts/01_19a_hko_ecmwf_single_run_hourly_forecasts.csv,source_target_date_decision_rule_issue_time,2026-06-04,6h_prior,,,2026-05-29 00:00:00+00:00,2026-05-29 00:00:00+00:00,1,1,1,0,2026-06-04 14:00:00+08:00,2026-06-04 14:00:00+08:00,,1500.0,REJECTED,local_hour_count_1
data/interim/notebook02_sources/hourly_forecasts/01_19a_hko_ecmwf_single_run_hourly_forecasts.csv,source_target_date_decision_rule_issue_time,2026-06-04,12h_prior,,,2026-05-29 00:00:00+00:00,2026-05-29 00:00:00+00:00,1,1,1,0,2026-06-04 20:00:00+08:00,2026-06-04 20:00:00+08:00,,1500.0,REJECTED,local_hour_count_1
data/interim/notebook02_sources/hourly_forecasts/01_19a_hko_ecmwf_single_run_hourly_forecasts.csv,source_target_date_decision_rule_issue_time,2026-06-05,6h_prior,,,2026-05-29 00:00:00+00:00,2026-05-29 00:00:00+00:00,1,1,1,0,2026-06-05 14:00:00+08:00,2026-06-05 14:00:00+08:00,,1500.0,REJECTED,local_hour_count_1
data/interim/notebook02_sources/hourly_forecasts/01_19a_hko_ecmwf_single_run_hourly_forecasts.csv,source_target_date_decision_rule_issue_time,2026-06-05,12h_prior,,,2026-05-29 00:00:00+00:00,2026-05-29 00:00:00+00:00,1,1,1,0,2026-06-05 20:00:00+08:00,2026-06-05 20:00:00+08:00,,1500.0,REJECTED,local_hour_count_1
data/interim/notebook02_sources/hourly_forecasts/01_19a_hko_ecmwf_single_run_hourly_forecasts.csv,source_target_date_decision_rule_issue_time,2026-06-06,6h_prior,,,2026-05-29 00:00:00+00:00,2026-05-29 00:00:00+00:00,1,1,1,0,2026-06-06 14:00:00+08:00,2026-06-06 14:00:00+08:00,,1500.0,REJECTED,local_hour_count_1
data/interim/notebook02_sources/hourly_forecasts/01_19a_hko_ecmwf_single_run_hourly_forecasts.csv,source_target_date_decision_rule_issue_time,2026-06-06,12h_prior,,,2026-05-29 00:00:00+00:00,2026-05-29 00:00:00+00:00,1,1,1,0,2026-06-06 20:00:00+08:00,2026-06-06 20:00:00+08:00,,1500.0,REJECTED,local_hour_count_1
data/interim/notebook02_sources/hourly_forecasts/01_19a_hko_ecmwf_single_run_hourly_forecasts.csv,source_target_date_decision_rule_issue_time,2026-06-07,6h_prior,,,2026-05-29 00:00:00+00:00,2026-05-29 00:00:00+00:00,1,1,1,0,2026-06-07 14:00:00+08:00,2026-06-07 14:00:00+08:00,,1500.0,REJECTED,local_hour_count_1
data/interim/notebook02_sources/hourly_forecasts/01_19a_hko_ecmwf_single_run_hourly_forecasts.csv,source_target_date_decision_rule_issue_time,2026-06-07,12h_prior,,,2026-05-29 00:00:00+00:00,2026-05-29 00:00:00+00:00,1,1,1,0,2026-06-07 20:00:00+08:00,2026-06-07 20:00:00+08:00,,1500.0,REJECTED,local_hour_count_1
data/interim/notebook02_sources/hourly_forecasts/01_19a_hko_ecmwf_single_run_hourly_forecasts.csv,source_target_date_decision_rule_issue_time,2026-06-08,6h_prior,,,2026-05-29 00:00:00+00:00,2026-05-29 00:00:00+00:00,1,1,1,0,2026-06-08 14:00:00+08:00,2026-06-08 14:00:00+08:00,,1500.0,REJECTED,local_hour_count_1
data/interim/notebook02_sources/hourly_forecasts/01_19a_hko_ecmwf_single_run_hourly_forecasts.csv,source_target_date_decision_rule_issue_time,2026-05-30,6h_prior,,,2026-05-29 06:00:00+00:00,2026-05-29 06:00:00+00:00,1,1,1,0,2026-05-30 14:00:00+08:00,2026-05-30 14:00:00+08:00,,1500.0,REJECTED,local_hour_count_1
data/interim/notebook02_sources/hourly_forecasts/01_19a_hko_ecmwf_single_run_hourly_forecasts.csv,source_target_date_decision_rule_issue_time,2026-05-30,12h_prior,,,2026-05-29 06:00:00+00:00,2026-05-29 06:00:00+00:00,1,1,1,0,2026-05-30 20:00:00+08:00,2026-05-30 20:00:00+08:00,,1500.0,REJECTED,local_hour_count_1
data/interim/notebook02_sources/hourly_forecasts/01_19a_hko_ecmwf_single_run_hourly_forecasts.csv,source_target_date_decision_rule_issue_time,2026-05-31,6h_prior,,,2026-05-29 06:00:00+00:00,2026-05-29 06:00:00+00:00,1,1,1,0,2026-05-31 14:00:00+08:00,2026-05-31 14:00:00+08:00,,1500.0,REJECTED,local_hour_count_1
data/interim/notebook02_sources/hourly_forecasts/01_19a_hko_ecmwf_single_run_hourly_forecasts.csv,source_target_date_decision_rule_issue_time,2026-05-31,12h_prior,,,2026-05-29 06:00:00+00:00,2026-05-29 06:00:00+00:00,1,1,1,0,2026-05-31 20:00:00+08:00,2026-05-31 20:00:00+08:00,,1500.0,REJECTED,local_hour_count_1
data/interim/notebook02_sources/hourly_forecasts/01_19a_hko_ecmwf_single_run_hourly_forecasts.csv,source_target_date_decision_rule_issue_time,2026-06-01,6h_prior,,,2026-05-29 06:00:00+00:00,2026-05-29 06:00:00+00:00,1,1,1,0,2026-06-01 14:00:00+08:00,2026-06-01 14:00:00+08:00,,1500.0,REJECTED,local_hour_count_1
data/interim/notebook02_sources/hourly_forecasts/01_19a_hko_ecmwf_single_run_hourly_forecasts.csv,source_target_date_decision_rule_issue_time,2026-06-01,12h_prior,,,2026-05-29 06:00:00+00:00,2026-05-29 06:00:00+00:00,1,1,1,0,2026-06-01 20:00:00+08:00,2026-06-01 20:00:00+08:00,,1500.0,REJECTED,local_hour_count_1
data/interim/notebook02_sources/hourly_forecasts/01_19a_hko_ecmwf_single_run_hourly_forecasts.csv,source_target_date_decision_rule_issue_time,2026-06-02,6h_prior,,,2026-05-29 06:00:00+00:00,2026-05-29 06:00:00+00:00,1,1,1,0,2026-06-02 14:00:00+08:00,2026-06-02 14:00:00+08:00,,1500.0,REJECTED,local_hour_count_1
data/interim/notebook02_sources/hourly_forecasts/01_19a_hko_ecmwf_single_run_hourly_forecasts.csv,source_target_date_decision_rule_issue_time,2026-06-02,12h_prior,,,2026-05-29 06:00:00+00:00,2026-05-29 06:00:00+00:00,1,1,1,0,2026-06-02 20:00:00+08:00,2026-06-02 20:00:00+08:00,,1500.0,REJECTED,local_hour_count_1
data/interim/notebook02_sources/hourly_forecasts/01_19a_hko_ecmwf_single_run_hourly_forecasts.csv,source_target_date_decision_rule_issue_time,2026-06-03,6h_prior,,,2026-05-29 06:00:00+00:00,2026-05-29 06:00:00+00:00,1,1,1,0,2026-06-03 14:00:00+08:00,2026-06-03 14:00:00+08:00,,1500.0,REJECTED,local_hour_count_1
data/interim/notebook02_sources/hourly_forecasts/01_19a_hko_ecmwf_single_run_hourly_forecasts.csv,source_target_date_decision_rule_issue_time,2026-06-03,12h_prior,,,2026-05-29 06:00:00+00:00,2026-05-29 06:00:00+00:00,1,1,1,0,2026-06-03 20:00:00+08:00,2026-06-03 20:00:00+08:00,,1500.0,REJECTED,local_hour_count_1
data/interim/notebook02_sources/hourly_forecasts/01_19a_hko_ecmwf_single_run_hourly_forecasts.csv,source_target_date_decision_rule_issue_time,2026-06-04,6h_prior,,,2026-05-29 06:00:00+00:00,2026-05-29 06:00:00+00:00,1,1,1,0,2026-06-04 14:00:00+08:00,2026-06-04 14:00:00+08:00,,1500.0,REJECTED,local_hour_count_1
data/interim/notebook02_sources/hourly_forecasts/01_19a_hko_ecmwf_single_run_hourly_forecasts.csv,source_target_date_decision_rule_issue_time,2026-06-04,12h_prior,,,2026-05-29 06:00:00+00:00,2026-05-29 06:00:00+00:00,1,1,1,0,2026-06-04 20:00:00+08:00,2026-06-04 20:00:00+08:00,,1500.0,REJECTED,local_hour_count_1
data/interim/notebook02_sources/hourly_forecasts/01_19a_hko_ecmwf_single_run_hourly_forecasts.csv,source_target_date_decision_rule_issue_time,2026-05-30,6h_prior,,,2026-05-29 18:00:00+00:00,2026-05-29 18:00:00+00:00,1,1,1,0,2026-05-30 14:00:00+08:00,2026-05-30 14:00:00+08:00,,1500.0,REJECTED,local_hour_count_1
data/interim/notebook02_sources/hourly_forecasts/01_19a_hko_ecmwf_single_run_hourly_forecasts.csv,source_target_date_decision_rule_issue_time,2026-05-30,12h_prior,,,2026-05-29 18:00:00+00:00,2026-05-29 18:00:00+00:00,1,1,1,0,2026-05-30 20:00:00+08:00,2026-05-30 20:00:00+08:00,,1500.0,REJECTED,local_hour_count_1
data/interim/notebook02_sources/hourly_forecasts/01_19a_hko_ecmwf_single_run_hourly_forecasts.csv,source_target_date_decision_rule_issue_time,2026-05-31,6h_prior,,,2026-05-29 18:00:00+00:00,2026-05-29 18:00:00+00:00,1,1,1,0,2026-05-31 14:00:00+08:00,2026-05-31 14:00:00+08:00,,1500.0,REJECTED,local_hour_count_1
data/interim/notebook02_sources/hourly_forecasts/01_19a_hko_ecmwf_single_run_hourly_forecasts.csv,source_target_date_decision_rule_issue_time,2026-05-31,12h_prior,,,2026-05-29 18:00:00+00:00,2026-05-29 18:00:00+00:00,1,1,1,0,2026-05-31 20:00:00+08:00,2026-05-31 20:00:00+08:00,,1500.0,REJECTED,local_hour_count_1
data/interim/notebook02_sources/hourly_forecasts/01_19a_hko_ecmwf_single_run_hourly_forecasts.csv,source_target_date_decision_rule_issue_time,2026-06-01,6h_prior,,,2026-05-29 18:00:00+00:00,2026-05-29 18:00:00+00:00,1,1,1,0,2026-06-01 14:00:00+08:00,2026-06-01 14:00:00+08:00,,1500.0,REJECTED,local_hour_count_1
data/interim/notebook02_sources/hourly_forecasts/01_19a_hko_ecmwf_single_run_hourly_forecasts.csv,source_target_date_decision_rule_issue_time,2026-06-01,12h_prior,,,2026-05-29 18:00:00+00:00,2026-05-29 18:00:00+00:00,1,1,1,0,2026-06-01 20:00:00+08:00,2026-06-01 20:00:00+08:00,,1500.0,REJECTED,local_hour_count_1
data/interim/notebook02_sources/hourly_forecasts/01_19a_hko_ecmwf_single_run_hourly_forecasts.csv,source_target_date_decision_rule_issue_time,2026-06-02,6h_prior,,,2026-05-29 18:00:00+00:00,2026-05-29 18:00:00+00:00,1,1,1,0,2026-06-02 14:00:00+08:00,2026-06-02 14:00:00+08:00,,1500.0,REJECTED,local_hour_count_1
data/interim/notebook02_sources/hourly_forecasts/01_19a_hko_ecmwf_single_run_hourly_forecasts.csv,source_target_date_decision_rule_issue_time,2026-06-02,12h_prior,,,2026-05-29 18:00:00+00:00,2026-05-29 18:00:00+00:00,1,1,1,0,2026-06-02 20:00:00+08:00,2026-06-02 20:00:00+08:00,,1500.0,REJECTED,local_hour_count_1
data/interim/notebook02_sources/hourly_forecasts/01_19a_hko_ecmwf_single_run_hourly_forecasts.csv,source_target_date_decision_rule_issue_time,2026-06-03,6h_prior,,,2026-05-29 18:00:00+00:00,2026-05-29 18:00:00+00:00,1,1,1,0,2026-06-03 14:00:00+08:00,2026-06-03 14:00:00+08:00,,1500.0,REJECTED,local_hour_count_1
data/interim/notebook02_sources/hourly_forecasts/01_19a_hko_ecmwf_single_run_hourly_forecasts.csv,source_target_date_decision_rule_issue_time,2026-06-03,12h_prior,,,2026-05-29 18:00:00+00:00,2026-05-29 18:00:00+00:00,1,1,1,0,2026-06-03 20:00:00+08:00,2026-06-03 20:00:00+08:00,,1500.0,REJECTED,local_hour_count_1
data/interim/notebook02_sources/hourly_forecasts/01_19a_hko_ecmwf_single_run_hourly_forecasts.csv,source_target_date_decision_rule_issue_time,2026-06-04,6h_prior,,,2026-05-29 18:00:00+00:00,2026-05-29 18:00:00+00:00,1,1,1,0,2026-06-04 14:00:00+08:00,2026-06-04 14:00:00+08:00,,1500.0,REJECTED,local_hour_count_1
data/interim/notebook02_sources/hourly_forecasts/01_19a_hko_ecmwf_single_run_hourly_forecasts.csv,source_target_date_decision_rule_issue_time,2026-06-04,12h_prior,,,2026-05-29 18:00:00+00:00,2026-05-29 18:00:00+00:00,1,1,1,0,2026-06-04 20:00:00+08:00,2026-06-04 20:00:00+08:00,,1500.0,REJECTED,local_hour_count_1
data/interim/notebook02_sources/hourly_forecasts/01_19a_hko_ecmwf_single_run_hourly_forecasts.csv,source_target_date_decision_rule_issue_time,2026-05-30,12h_prior,,,2026-05-30 00:00:00+00:00,2026-05-30 00:00:00+00:00,1,1,1,0,2026-05-30 20:00:00+08:00,2026-05-30 20:00:00+08:00,,1500.0,REJECTED,local_hour_count_1
data/interim/notebook02_sources/hourly_forecasts/01_19a_hko_ecmwf_single_run_hourly_forecasts.csv,source_target_date_decision_rule_issue_time,2026-05-31,6h_prior,,,2026-05-30 00:00:00+00:00,2026-05-30 00:00:00+00:00,1,1,1,0,2026-05-31 14:00:00+08:00,2026-05-31 14:00:00+08:00,,1500.0,REJECTED,local_hour_count_1
data/interim/notebook02_sources/hourly_forecasts/01_19a_hko_ecmwf_single_run_hourly_forecasts.csv,source_target_date_decision_rule_issue_time,2026-05-31,12h_prior,,,2026-05-30 00:00:00+00:00,2026-05-30 00:00:00+00:00,1,1,1,0,2026-05-31 20:00:00+08:00,2026-05-31 20:00:00+08:00,,1500.0,REJECTED,local_hour_count_1
data/interim/notebook02_sources/hourly_forecasts/01_19a_hko_ecmwf_single_run_hourly_forecasts.csv,source_target_date_decision_rule_issue_time,2026-06-01,6h_prior,,,2026-05-30 00:00:00+00:00,2026-05-30 00:00:00+00:00,1,1,1,0,2026-06-01 14:00:00+08:00,2026-06-01 14:00:00+08:00,,1500.0,REJECTED,local_hour_count_1
data/interim/notebook02_sources/hourly_forecasts/01_19a_hko_ecmwf_single_run_hourly_forecasts.csv,source_target_date_decision_rule_issue_time,2026-06-01,12h_prior,,,2026-05-30 00:00:00+00:00,2026-05-30 00:00:00+00:00,1,1,1,0,2026-06-01 20:00:00+08:00,2026-06-01 20:00:00+08:00,,1500.0,REJECTED,local_hour_count_1
data/interim/notebook02_sources/hourly_forecasts/01_19a_hko_ecmwf_single_run_hourly_forecasts.csv,source_target_date_decision_rule_issue_time,2026-06-02,6h_prior,,,2026-05-30 00:00:00+00:00,2026-05-30 00:00:00+00:00,1,1,1,0,2026-06-02 14:00:00+08:00,2026-06-02 14:00:00+08:00,,1500.0,REJECTED,local_hour_count_1
data/interim/notebook02_sources/hourly_forecasts/01_19a_hko_ecmwf_single_run_hourly_forecasts.csv,source_target_date_decision_rule_issue_time,2026-06-02,12h_prior,,,2026-05-30 00:00:00+00:00,2026-05-30 00:00:00+00:00,1,1,1,0,2026-06-02 20:00:00+08:00,2026-06-02 20:00:00+08:00,,1500.0,REJECTED,local_hour_count_1
data/interim/notebook02_sources/hourly_forecasts/01_19a_hko_ecmwf_single_run_hourly_forecasts.csv,source_target_date_decision_rule_issue_time,2026-06-03,6h_prior,,,2026-05-30 00:00:00+00:00,2026-05-30 00:00:00+00:00,1,1,1,0,2026-06-03 14:00:00+08:00,2026-06-03 14:00:00+08:00,,1500.0,REJECTED,local_hour_count_1
data/interim/notebook02_sources/hourly_forecasts/01_19a_hko_ecmwf_single_run_hourly_forecasts.csv,source_target_date_decision_rule_issue_time,2026-06-03,12h_prior,,,2026-05-30 00:00:00+00:00,2026-05-30 00:00:00+00:00,1,1,1,0,2026-06-03 20:00:00+08:00,2026-06-03 20:00:00+08:00,,1500.0,REJECTED,local_hour_count_1
data/interim/notebook02_sources/hourly_forecasts/01_19a_hko_ecmwf_single_run_hourly_forecasts.csv,source_target_date_decision_rule_issue_time,2026-06-04,6h_prior,,,2026-05-30 00:00:00+00:00,2026-05-30 00:00:00+00:00,1,1,1,0,2026-06-04 14:00:00+08:00,2026-06-04 14:00:00+08:00,,1500.0,REJECTED,local_hour_count_1
data/interim/notebook02_sources/hourly_forecasts/01_19a_hko_ecmwf_single_run_hourly_forecasts.csv,source_target_date_decision_rule_issue_time,2026-06-04,12h_prior,,,2026-05-30 00:00:00+00:00,2026-05-30 00:00:00+00:00,1,1,1,0,2026-06-04 20:00:00+08:00,2026-06-04 20:00:00+08:00,,1500.0,REJECTED,local_hour_count_1
data/interim/notebook02_sources/hourly_forecasts/01_19a_hko_ecmwf_single_run_hourly_forecasts.csv,source_target_date_decision_rule_issue_time,2026-06-05,6h_prior,,,2026-05-30 00:00:00+00:00,2026-05-30 00:00:00+00:00,1,1,1,0,2026-06-05 14:00:00+08:00,2026-06-05 14:00:00+08:00,,1500.0,REJECTED,local_hour_count_1
data/interim/notebook02_sources/hourly_forecasts/01_19a_hko_ecmwf_single_run_hourly_forecasts.csv,source_target_date_decision_rule_issue_time,2026-06-05,12h_prior,,,2026-05-30 00:00:00+00:00,2026-05-30 00:00:00+00:00,1,1,1,0,2026-06-05 20:00:00+08:00,2026-06-05 20:00:00+08:00,,1500.0,REJECTED,local_hour_count_1
data/interim/notebook02_sources/hourly_forecasts/01_19a_hko_ecmwf_single_run_hourly_forecasts.csv,source_target_date_decision_rule_issue_time,2026-06-06,6h_prior,,,2026-05-30 00:00:00+00:00,2026-05-30 00:00:00+00:00,1,1,1,0,2026-06-06 14:00:00+08:00,2026-06-06 14:00:00+08:00,,1500.0,REJECTED,local_hour_count_1
data/interim/notebook02_sources/hourly_forecasts/01_19a_hko_ecmwf_single_run_hourly_forecasts.csv,source_target_date_decision_rule_issue_time,2026-06-06,12h_prior,,,2026-05-30 00:00:00+00:00,2026-05-30 00:00:00+00:00,1,1,1,0,2026-06-06 20:00:00+08:00,2026-06-06 20:00:00+08:00,,1500.0,REJECTED,local_hour_count_1
data/interim/notebook02_sources/hourly_forecasts/01_19a_hko_ecmwf_single_run_hourly_forecasts.csv,source_target_date_decision_rule_issue_time,2026-06-07,6h_prior,,,2026-05-30 00:00:00+00:00,2026-05-30 00:00:00+00:00,1,1,1,0,2026-06-07 14:00:00+08:00,2026-06-07 14:00:00+08:00,,1500.0,REJECTED,local_hour_count_1
data/interim/notebook02_sources/hourly_forecasts/01_19a_hko_ecmwf_single_run_hourly_forecasts.csv,source_target_date_decision_rule_issue_time,2026-06-07,12h_prior,,,2026-05-30 00:00:00+00:00,2026-05-30 00:00:00+00:00,1,1,1,0,2026-06-07 20:00:00+08:00,2026-06-07 20:00:00+08:00,,1500.0,REJECTED,local_hour_count_1
data/interim/notebook02_sources/hourly_forecasts/01_19a_hko_ecmwf_single_run_hourly_forecasts.csv,source_target_date_decision_rule_issue_time,2026-06-08,6h_prior,,,2026-05-30 00:00:00+00:00,2026-05-30 00:00:00+00:00,1,1,1,0,2026-06-08 14:00:00+08:00,2026-06-08 14:00:00+08:00,,1500.0,REJECTED,local_hour_count_1
data/interim/notebook02_sources/hourly_forecasts/01_19a_hko_ecmwf_single_run_hourly_forecasts.csv,source_target_date_decision_rule_issue_time,2026-06-08,12h_prior,,,2026-05-30 00:00:00+00:00,2026-05-30 00:00:00+00:00,1,1,1,0,2026-06-08 20:00:00+08:00,2026-06-08 20:00:00+08:00,,1500.0,REJECTED,local_hour_count_1
data/interim/notebook02_sources/hourly_forecasts/01_19a_hko_ecmwf_single_run_hourly_forecasts.csv,source_target_date_decision_rule_issue_time,2026-06-09,6h_prior,,,2026-05-30 00:00:00+00:00,2026-05-30 00:00:00+00:00,1,1,1,0,2026-06-09 14:00:00+08:00,2026-06-09 14:00:00+08:00,,1500.0,REJECTED,local_hour_count_1
data/interim/notebook02_sources/hourly_forecasts/01_19a_hko_ecmwf_single_run_hourly_forecasts.csv,source_target_date_decision_rule_issue_time,2026-05-31,6h_prior,,,2026-05-30 06:00:00+00:00,2026-05-30 06:00:00+00:00,1,1,1,0,2026-05-31 14:00:00+08:00,2026-05-31 14:00:00+08:00,,1500.0,REJECTED,local_hour_count_1
data/interim/notebook02_sources/hourly_forecasts/01_19a_hko_ecmwf_single_run_hourly_forecasts.csv,source_target_date_decision_rule_issue_time,2026-05-31,12h_prior,,,2026-05-30 06:00:00+00:00,2026-05-30 06:00:00+00:00,1,1,1,0,2026-05-31 20:00:00+08:00,2026-05-31 20:00:00+08:00,,1500.0,REJECTED,local_hour_count_1
data/interim/notebook02_sources/hourly_forecasts/01_19a_hko_ecmwf_single_run_hourly_forecasts.csv,source_target_date_decision_rule_issue_time,2026-06-01,6h_prior,,,2026-05-30 06:00:00+00:00,2026-05-30 06:00:00+00:00,1,1,1,0,2026-06-01 14:00:00+08:00,2026-06-01 14:00:00+08:00,,1500.0,REJECTED,local_hour_count_1
data/interim/notebook02_sources/hourly_forecasts/01_19a_hko_ecmwf_single_run_hourly_forecasts.csv,source_target_date_decision_rule_issue_time,2026-06-01,12h_prior,,,2026-05-30 06:00:00+00:00,2026-05-30 06:00:00+00:00,1,1,1,0,2026-06-01 20:00:00+08:00,2026-06-01 20:00:00+08:00,,1500.0,REJECTED,local_hour_count_1
data/interim/notebook02_sources/hourly_forecasts/01_19a_hko_ecmwf_single_run_hourly_forecasts.csv,source_target_date_decision_rule_issue_time,2026-06-02,6h_prior,,,2026-05-30 06:00:00+00:00,2026-05-30 06:00:00+00:00,1,1,1,0,2026-06-02 14:00:00+08:00,2026-06-02 14:00:00+08:00,,1500.0,REJECTED,local_hour_count_1
data/interim/notebook02_sources/hourly_forecasts/01_19a_hko_ecmwf_single_run_hourly_forecasts.csv,source_target_date_decision_rule_issue_time,2026-06-02,12h_prior,,,2026-05-30 06:00:00+00:00,2026-05-30 06:00:00+00:00,1,1,1,0,2026-06-02 20:00:00+08:00,2026-06-02 20:00:00+08:00,,1500.0,REJECTED,local_hour_count_1
data/interim/notebook02_sources/hourly_forecasts/01_19a_hko_ecmwf_single_run_hourly_forecasts.csv,source_target_date_decision_rule_issue_time,2026-06-03,6h_prior,,,2026-05-30 06:00:00+00:00,2026-05-30 06:00:00+00:00,1,1,1,0,2026-06-03 14:00:00+08:00,2026-06-03 14:00:00+08:00,,1500.0,REJECTED,local_hour_count_1
data/interim/notebook02_sources/hourly_forecasts/01_19a_hko_ecmwf_single_run_hourly_forecasts.csv,source_target_date_decision_rule_issue_time,2026-06-03,12h_prior,,,2026-05-30 06:00:00+00:00,2026-05-30 06:00:00+00:00,1,1,1,0,2026-06-03 20:00:00+08:00,2026-06-03 20:00:00+08:00,,1500.0,REJECTED,local_hour_count_1
data/interim/notebook02_sources/hourly_forecasts/01_19a_hko_ecmwf_single_run_hourly_forecasts.csv,source_target_date_decision_rule_issue_time,2026-06-04,6h_prior,,,2026-05-30 06:00:00+00:00,2026-05-30 06:00:00+00:00,1,1,1,0,2026-06-04 14:00:00+08:00,2026-06-04 14:00:00+08:00,,1500.0,REJECTED,local_hour_count_1
data/interim/notebook02_sources/hourly_forecasts/01_19a_hko_ecmwf_single_run_hourly_forecasts.csv,source_target_date_decision_rule_issue_time,2026-06-04,12h_prior,,,2026-05-30 06:00:00+00:00,2026-05-30 06:00:00+00:00,1,1,1,0,2026-06-04 20:00:00+08:00,2026-06-04 20:00:00+08:00,,1500.0,REJECTED,local_hour_count_1
data/interim/notebook02_sources/hourly_forecasts/01_19a_hko_ecmwf_single_run_hourly_forecasts.csv,source_target_date_decision_rule_issue_time,2026-06-05,6h_prior,,,2026-05-30 06:00:00+00:00,2026-05-30 06:00:00+00:00,1,1,1,0,2026-06-05 14:00:00+08:00,2026-06-05 14:00:00+08:00,,1500.0,REJECTED,local_hour_count_1
data/interim/notebook02_sources/hourly_forecasts/01_19a_hko_ecmwf_single_run_hourly_forecasts.csv,source_target_date_decision_rule_issue_time,2026-06-05,12h_prior,,,2026-05-30 06:00:00+00:00,2026-05-30 06:00:00+00:00,1,1,1,0,2026-06-05 20:00:00+08:00,2026-06-05 20:00:00+08:00,,1500.0,REJECTED,local_hour_count_1
data/interim/notebook02_sources/hourly_forecasts/03_18q_june_2026_request_hourly_paths.csv,source_target_date_decision_rule_issue_time,2026-06-01,12h_prior,,,2026-05-30 18:00:00+00:00,2026-05-31 04:00:00+00:00,24,24,24,0,2026-06-01 00:00:00+08:00,2026-06-01 23:00:00+08:00,30.0,1900.0,ADMITTED,
data/interim/notebook02_sources/hourly_forecasts/03_18q_june_2026_request_hourly_paths.csv,source_target_date_decision_rule_issue_time,2026-06-01,24h_prior,,,2026-05-30 06:00:00+00:00,2026-05-30 16:00:00+00:00,24,24,24,0,2026-06-01 00:00:00+08:00,2026-06-01 23:00:00+08:00,29.2,1900.0,ADMITTED,
data/interim/notebook02_sources/hourly_forecasts/03_18q_june_2026_request_hourly_paths.csv,source_target_date_decision_rule_issue_time,2026-06-01,6h_prior,,,2026-05-31 00:00:00+00:00,2026-05-31 10:00:00+00:00,24,24,24,0,2026-06-01 00:00:00+08:00,2026-06-01 23:00:00+08:00,29.4,1900.0,ADMITTED,
data/interim/notebook02_sources/hourly_forecasts/03_18q_june_2026_request_hourly_paths.csv,source_target_date_decision_rule_issue_time,2026-06-01,event_day_open,,,2026-05-31 06:00:00+00:00,2026-05-31 16:00:00+00:00,24,24,24,0,2026-06-01 00:00:00+08:00,2026-06-01 23:00:00+08:00,29.5,1900.0,ADMITTED,
data/interim/notebook02_sources/hourly_forecasts/03_18q_june_2026_request_hourly_paths.csv,source_target_date_decision_rule_issue_time,2026-06-02,12h_prior,,,2026-05-31 18:00:00+00:00,2026-06-01 04:00:00+00:00,24,24,24,0,2026-06-02 00:00:00+08:00,2026-06-02 23:00:00+08:00,30.7,1900.0,ADMITTED,
data/interim/notebook02_sources/hourly_forecasts/03_18q_june_2026_request_hourly_paths.csv,source_target_date_decision_rule_issue_time,2026-06-02,24h_prior,,,2026-05-31 06:00:00+00:00,2026-05-31 16:00:00+00:00,24,24,24,0,2026-06-02 00:00:00+08:00,2026-06-02 23:00:00+08:00,31.2,1900.0,ADMITTED,
data/interim/notebook02_sources/hourly_forecasts/03_18q_june_2026_request_hourly_paths.csv,source_target_date_decision_rule_issue_time,2026-06-02,6h_prior,,,2026-06-01 00:00:00+00:00,2026-06-01 10:00:00+00:00,24,24,24,0,2026-06-02 00:00:00+08:00,2026-06-02 23:00:00+08:00,30.9,1900.0,ADMITTED,
data/interim/notebook02_sources/hourly_forecasts/03_18q_june_2026_request_hourly_paths.csv,source_target_date_decision_rule_issue_time,2026-06-02,event_day_open,,,2026-06-01 06:00:00+00:00,2026-06-01 16:00:00+00:00,24,24,24,0,2026-06-02 00:00:00+08:00,2026-06-02 23:00:00+08:00,31.6,1900.0,ADMITTED,
data/interim/notebook02_sources/hourly_forecasts/03_18q_june_2026_request_hourly_paths.csv,source_target_date_decision_rule_issue_time,2026-06-03,12h_prior,,,2026-06-01 18:00:00+00:00,2026-06-02 04:00:00+00:00,24,24,24,0,2026-06-03 00:00:00+08:00,2026-06-03 23:00:00+08:00,31.5,1900.0,ADMITTED,
data/interim/notebook02_sources/hourly_forecasts/03_18q_june_2026_request_hourly_paths.csv,source_target_date_decision_rule_issue_time,2026-06-03,24h_prior,,,2026-06-01 06:00:00+00:00,2026-06-01 16:00:00+00:00,24,24,24,0,2026-06-03 00:00:00+08:00,2026-06-03 23:00:00+08:00,31.1,1900.0,ADMITTED,
data/interim/notebook02_sources/hourly_forecasts/03_18q_june_2026_request_hourly_paths.csv,source_target_date_decision_rule_issue_time,2026-06-03,6h_prior,,,2026-06-02 00:00:00+00:00,2026-06-02 10:00:00+00:00,24,24,24,0,2026-06-03 00:00:00+08:00,2026-06-03 23:00:00+08:00,31.3,1900.0,ADMITTED,
data/interim/notebook02_sources/hourly_forecasts/03_18q_june_2026_request_hourly_paths.csv,source_target_date_decision_rule_issue_time,2026-06-03,event_day_open,,,2026-06-02 06:00:00+00:00,2026-06-02 16:00:00+00:00,24,24,24,0,2026-06-03 00:00:00+08:00,2026-06-03 23:00:00+08:00,31.4,1900.0,ADMITTED,
data/interim/notebook02_sources/hourly_forecasts/03_18q_june_2026_request_hourly_paths.csv,source_target_date_decision_rule_issue_time,2026-06-04,12h_prior,,,2026-06-02 18:00:00+00:00,2026-06-03 04:00:00+00:00,24,24,24,0,2026-06-04 00:00:00+08:00,2026-06-04 23:00:00+08:00,32.4,1900.0,ADMITTED,
data/interim/notebook02_sources/hourly_forecasts/03_18q_june_2026_request_hourly_paths.csv,source_target_date_decision_rule_issue_time,2026-06-04,24h_prior,,,2026-06-02 06:00:00+00:00,2026-06-02 16:00:00+00:00,24,24,24,0,2026-06-04 00:00:00+08:00,2026-06-04 23:00:00+08:00,33.2,1900.0,ADMITTED,
data/interim/notebook02_sources/hourly_forecasts/03_18q_june_2026_request_hourly_paths.csv,source_target_date_decision_rule_issue_time,2026-06-04,6h_prior,,,2026-06-03 00:00:00+00:00,2026-06-03 10:00:00+00:00,24,24,24,0,2026-06-04 00:00:00+08:00,2026-06-04 23:00:00+08:00,33.1,1900.0,ADMITTED,
data/interim/notebook02_sources/hourly_forecasts/03_18q_june_2026_request_hourly_paths.csv,source_target_date_decision_rule_issue_time,2026-06-04,event_day_open,,,2026-06-03 06:00:00+00:00,2026-06-03 16:00:00+00:00,24,24,24,0,2026-06-04 00:00:00+08:00,2026-06-04 23:00:00+08:00,33.3,1900.0,ADMITTED,
data/interim/notebook02_sources/hourly_forecasts/03_18q_june_2026_request_hourly_paths.csv,source_target_date_decision_rule_issue_time,2026-06-05,12h_prior,,,2026-06-03 18:00:00+00:00,2026-06-04 04:00:00+00:00,24,24,24,0,2026-06-05 00:00:00+08:00,2026-06-05 23:00:00+08:00,33.2,1900.0,ADMITTED,
data/interim/notebook02_sources/hourly_forecasts/03_18q_june_2026_request_hourly_paths.csv,source_target_date_decision_rule_issue_time,2026-06-05,24h_prior,,,2026-06-03 06:00:00+00:00,2026-06-03 16:00:00+00:00,24,24,24,0,2026-06-05 00:00:00+08:00,2026-06-05 23:00:00+08:00,33.9,1900.0,ADMITTED,
data/interim/notebook02_sources/hourly_forecasts/03_18q_june_2026_request_hourly_paths.csv,source_target_date_decision_rule_issue_time,2026-06-05,6h_prior,,,2026-06-04 00:00:00+00:00,2026-06-04 10:00:00+00:00,24,24,24,0,2026-06-05 00:00:00+08:00,2026-06-05 23:00:00+08:00,32.9,1900.0,ADMITTED,
data/interim/notebook02_sources/hourly_forecasts/03_18q_june_2026_request_hourly_paths.csv,source_target_date_decision_rule_issue_time,2026-06-05,event_day_open,,,2026-06-04 06:00:00+00:00,2026-06-04 16:00:00+00:00,24,24,24,0,2026-06-05 00:00:00+08:00,2026-06-05 23:00:00+08:00,33.5,1900.0,ADMITTED,
data/interim/notebook02_sources/hourly_forecasts/03_18q_june_2026_request_hourly_paths.csv,source_target_date_decision_rule_issue_time,2026-06-06,12h_prior,,,2026-06-04 18:00:00+00:00,2026-06-05 04:00:00+00:00,24,24,24,0,2026-06-06 00:00:00+08:00,2026-06-06 23:00:00+08:00,30.1,1900.0,ADMITTED,
data/interim/notebook02_sources/hourly_forecasts/03_18q_june_2026_request_hourly_paths.csv,source_target_date_decision_rule_issue_time,2026-06-06,24h_prior,,,2026-06-04 06:00:00+00:00,2026-06-04 16:00:00+00:00,24,24,24,0,2026-06-06 00:00:00+08:00,2026-06-06 23:00:00+08:00,30.5,1900.0,ADMITTED,
data/interim/notebook02_sources/hourly_forecasts/03_18q_june_2026_request_hourly_paths.csv,source_target_date_decision_rule_issue_time,2026-06-06,6h_prior,,,2026-06-05 00:00:00+00:00,2026-06-05 10:00:00+00:00,24,24,24,0,2026-06-06 00:00:00+08:00,2026-06-06 23:00:00+08:00,31.4,1900.0,ADMITTED,
data/interim/notebook02_sources/hourly_forecasts/03_18q_june_2026_request_hourly_paths.csv,source_target_date_decision_rule_issue_time,2026-06-06,event_day_open,,,2026-06-05 06:00:00+00:00,2026-06-05 16:00:00+00:00,24,24,24,0,2026-06-06 00:00:00+08:00,2026-06-06 23:00:00+08:00,30.1,1900.0,ADMITTED,
data/interim/notebook02_sources/hourly_forecasts/03_18q_june_2026_request_hourly_paths.csv,source_target_date_decision_rule_issue_time,2026-06-07,12h_prior,,,2026-06-05 18:00:00+00:00,2026-06-06 04:00:00+00:00,24,24,24,0,2026-06-07 00:00:00+08:00,2026-06-07 23:00:00+08:00,28.7,1900.0,ADMITTED,
data/interim/notebook02_sources/hourly_forecasts/03_18q_june_2026_request_hourly_paths.csv,source_target_date_decision_rule_issue_time,2026-06-07,24h_prior,,,2026-06-05 06:00:00+00:00,2026-06-05 16:00:00+00:00,24,24,24,0,2026-06-07 00:00:00+08:00,2026-06-07 23:00:00+08:00,28.2,1900.0,ADMITTED,
data/interim/notebook02_sources/hourly_forecasts/03_18q_june_2026_request_hourly_paths.csv,source_target_date_decision_rule_issue_time,2026-06-07,6h_prior,,,2026-06-06 00:00:00+00:00,2026-06-06 10:00:00+00:00,24,24,24,0,2026-06-07 00:00:00+08:00,2026-06-07 23:00:00+08:00,28.5,1900.0,ADMITTED,
data/interim/notebook02_sources/hourly_forecasts/03_18q_june_2026_request_hourly_paths.csv,source_target_date_decision_rule_issue_time,2026-06-07,event_day_open,,,2026-06-06 06:00:00+00:00,2026-06-06 16:00:00+00:00,24,24,24,0,2026-06-07 00:00:00+08:00,2026-06-07 23:00:00+08:00,27.0,1900.0,ADMITTED,
data/interim/notebook02_sources/hourly_forecasts/03_18q_june_2026_request_hourly_paths.csv,source_target_date_decision_rule_issue_time,2026-06-08,12h_prior,,,2026-06-06 18:00:00+00:00,2026-06-07 04:00:00+00:00,24,24,24,0,2026-06-08 00:00:00+08:00,2026-06-08 23:00:00+08:00,27.8,1900.0,ADMITTED,
data/interim/notebook02_sources/hourly_forecasts/03_18q_june_2026_request_hourly_paths.csv,source_target_date_decision_rule_issue_time,2026-06-08,24h_prior,,,2026-06-06 06:00:00+00:00,2026-06-06 16:00:00+00:00,24,24,24,0,2026-06-08 00:00:00+08:00,2026-06-08 23:00:00+08:00,28.1,1900.0,ADMITTED,
data/interim/notebook02_sources/hourly_forecasts/03_18q_june_2026_request_hourly_paths.csv,source_target_date_decision_rule_issue_time,2026-06-08,6h_prior,,,2026-06-07 00:00:00+00:00,2026-06-07 10:00:00+00:00,24,24,24,0,2026-06-08 00:00:00+08:00,2026-06-08 23:00:00+08:00,27.2,1900.0,ADMITTED,
data/interim/notebook02_sources/hourly_forecasts/03_18q_june_2026_request_hourly_paths.csv,source_target_date_decision_rule_issue_time,2026-06-08,event_day_open,,,2026-06-07 06:00:00+00:00,2026-06-07 16:00:00+00:00,24,24,24,0,2026-06-08 00:00:00+08:00,2026-06-08 23:00:00+08:00,27.4,1900.0,ADMITTED,
data/interim/notebook02_sources/hourly_forecasts/03_18q_june_2026_request_hourly_paths.csv,source_target_date_decision_rule_issue_time,2026-06-09,12h_prior,,,2026-06-07 18:00:00+00:00,2026-06-08 04:00:00+00:00,24,24,24,0,2026-06-09 00:00:00+08:00,2026-06-09 23:00:00+08:00,27.6,1900.0,ADMITTED,
data/interim/notebook02_sources/hourly_forecasts/03_18q_june_2026_request_hourly_paths.csv,source_target_date_decision_rule_issue_time,2026-06-09,24h_prior,,,2026-06-07 06:00:00+00:00,2026-06-07 16:00:00+00:00,24,24,24,0,2026-06-09 00:00:00+08:00,2026-06-09 23:00:00+08:00,26.2,1900.0,ADMITTED,
data/interim/notebook02_sources/hourly_forecasts/03_18q_june_2026_request_hourly_paths.csv,source_target_date_decision_rule_issue_time,2026-06-09,6h_prior,,,2026-06-08 00:00:00+00:00,2026-06-08 10:00:00+00:00,24,24,24,0,2026-06-09 00:00:00+08:00,2026-06-09 23:00:00+08:00,27.1,1900.0,ADMITTED,
data/interim/notebook02_sources/hourly_forecasts/03_18q_june_2026_request_hourly_paths.csv,source_target_date_decision_rule_issue_time,2026-06-09,event_day_open,,,2026-06-08 06:00:00+00:00,2026-06-08 16:00:00+00:00,24,24,24,0,2026-06-09 00:00:00+08:00,2026-06-09 23:00:00+08:00,29.8,1900.0,ADMITTED,
data/interim/notebook02_sources/hourly_forecasts/03_18q_june_2026_request_hourly_paths.csv,source_target_date_decision_rule_issue_time,2026-06-10,12h_prior,,,2026-06-08 18:00:00+00:00,2026-06-09 04:00:00+00:00,24,24,24,0,2026-06-10 00:00:00+08:00,2026-06-10 23:00:00+08:00,28.0,1900.0,ADMITTED,
data/interim/notebook02_sources/hourly_forecasts/03_18q_june_2026_request_hourly_paths.csv,source_target_date_decision_rule_issue_time,2026-06-10,24h_prior,,,2026-06-08 06:00:00+00:00,2026-06-08 16:00:00+00:00,24,24,24,0,2026-06-10 00:00:00+08:00,2026-06-10 23:00:00+08:00,29.4,1900.0,ADMITTED,
data/interim/notebook02_sources/hourly_forecasts/03_18q_june_2026_request_hourly_paths.csv,source_target_date_decision_rule_issue_time,2026-06-10,6h_prior,,,2026-06-09 00:00:00+00:00,2026-06-09 10:00:00+00:00,24,24,24,0,2026-06-10 00:00:00+08:00,2026-06-10 23:00:00+08:00,27.9,1900.0,ADMITTED,
data/interim/notebook02_sources/hourly_forecasts/03_18q_june_2026_request_hourly_paths.csv,source_target_date_decision_rule_issue_time,2026-06-10,event_day_open,,,2026-06-09 06:00:00+00:00,2026-06-09 16:00:00+00:00,24,24,24,0,2026-06-10 00:00:00+08:00,2026-06-10 23:00:00+08:00,28.3,1900.0,ADMITTED,
data/interim/notebook02_sources/hourly_forecasts/03_18q_june_2026_request_hourly_paths.csv,source_target_date_decision_rule_issue_time,2026-06-11,12h_prior,,,2026-06-09 18:00:00+00:00,2026-06-10 04:00:00+00:00,24,24,24,0,2026-06-11 00:00:00+08:00,2026-06-11 23:00:00+08:00,26.8,1900.0,ADMITTED,
data/interim/notebook02_sources/hourly_forecasts/03_18q_june_2026_request_hourly_paths.csv,source_target_date_decision_rule_issue_time,2026-06-11,24h_prior,,,2026-06-09 06:00:00+00:00,2026-06-09 16:00:00+00:00,24,24,24,0,2026-06-11 00:00:00+08:00,2026-06-11 23:00:00+08:00,27.2,1900.0,ADMITTED,
data/interim/notebook02_sources/hourly_forecasts/03_18q_june_2026_request_hourly_paths.csv,source_target_date_decision_rule_issue_time,2026-06-11,6h_prior,,,2026-06-10 00:00:00+00:00,2026-06-10 10:00:00+00:00,24,24,24,0,2026-06-11 00:00:00+08:00,2026-06-11 23:00:00+08:00,27.8,1900.0,ADMITTED,
data/interim/notebook02_sources/hourly_forecasts/03_18q_june_2026_request_hourly_paths.csv,source_target_date_decision_rule_issue_time,2026-06-11,event_day_open,,,2026-06-10 06:00:00+00:00,2026-06-10 16:00:00+00:00,24,24,24,0,2026-06-11 00:00:00+08:00,2026-06-11 23:00:00+08:00,28.6,1900.0,ADMITTED,
data/interim/notebook02_sources/hourly_forecasts/03_18q_june_2026_request_hourly_paths.csv,source_target_date_decision_rule_issue_time,2026-06-12,12h_prior,,,2026-06-10 18:00:00+00:00,2026-06-11 04:00:00+00:00,24,24,24,0,2026-06-12 00:00:00+08:00,2026-06-12 23:00:00+08:00,28.3,1900.0,ADMITTED,
data/interim/notebook02_sources/hourly_forecasts/03_18q_june_2026_request_hourly_paths.csv,source_target_date_decision_rule_issue_time,2026-06-12,24h_prior,,,2026-06-10 06:00:00+00:00,2026-06-10 16:00:00+00:00,24,24,24,0,2026-06-12 00:00:00+08:00,2026-06-12 23:00:00+08:00,27.4,1900.0,ADMITTED,
data/interim/notebook02_sources/hourly_forecasts/03_18q_june_2026_request_hourly_paths.csv,source_target_date_decision_rule_issue_time,2026-06-12,6h_prior,,,2026-06-11 00:00:00+00:00,2026-06-11 10:00:00+00:00,24,24,24,0,2026-06-12 00:00:00+08:00,2026-06-12 23:00:00+08:00,28.1,1900.0,ADMITTED,
data/interim/notebook02_sources/hourly_forecasts/03_18q_june_2026_request_hourly_paths.csv,source_target_date_decision_rule_issue_time,2026-06-12,event_day_open,,,2026-06-11 06:00:00+00:00,2026-06-11 16:00:00+00:00,24,24,24,0,2026-06-12 00:00:00+08:00,2026-06-12 23:00:00+08:00,27.7,1900.0,ADMITTED,
data/interim/notebook02_sources/hourly_forecasts/03_18q_june_2026_request_hourly_paths.csv,source_target_date_decision_rule_issue_time,2026-06-13,12h_prior,,,2026-06-11 18:00:00+00:00,2026-06-12 04:00:00+00:00,24,24,24,0,2026-06-13 00:00:00+08:00,2026-06-13 23:00:00+08:00,29.3,1900.0,ADMITTED,
data/interim/notebook02_sources/hourly_forecasts/03_18q_june_2026_request_hourly_paths.csv,source_target_date_decision_rule_issue_time,2026-06-13,24h_prior,,,2026-06-11 06:00:00+00:00,2026-06-11 16:00:00+00:00,24,24,24,0,2026-06-13 00:00:00+08:00,2026-06-13 23:00:00+08:00,29.6,1900.0,ADMITTED,
data/interim/notebook02_sources/hourly_forecasts/03_18q_june_2026_request_hourly_paths.csv,source_target_date_decision_rule_issue_time,2026-06-13,6h_prior,,,2026-06-12 00:00:00+00:00,2026-06-12 10:00:00+00:00,24,24,24,0,2026-06-13 00:00:00+08:00,2026-06-13 23:00:00+08:00,29.1,1900.0,ADMITTED,
data/interim/notebook02_sources/hourly_forecasts/03_18q_june_2026_request_hourly_paths.csv,source_target_date_decision_rule_issue_time,2026-06-13,event_day_open,,,2026-06-12 06:00:00+00:00,2026-06-12 16:00:00+00:00,24,24,24,0,2026-06-13 00:00:00+08:00,2026-06-13 23:00:00+08:00,29.4,1900.0,ADMITTED,
data/interim/notebook02_sources/hourly_forecasts/03_18q_june_2026_request_hourly_paths.csv,source_target_date_decision_rule_issue_time,2026-06-14,12h_prior,,,2026-06-12 18:00:00+00:00,2026-06-13 04:00:00+00:00,24,24,24,0,2026-06-14 00:00:00+08:00,2026-06-14 23:00:00+08:00,27.6,1900.0,ADMITTED,
data/interim/notebook02_sources/hourly_forecasts/03_18q_june_2026_request_hourly_paths.csv,source_target_date_decision_rule_issue_time,2026-06-14,24h_prior,,,2026-06-12 06:00:00+00:00,2026-06-12 16:00:00+00:00,24,24,24,0,2026-06-14 00:00:00+08:00,2026-06-14 23:00:00+08:00,28.6,1900.0,ADMITTED,
data/interim/notebook02_sources/hourly_forecasts/03_18q_june_2026_request_hourly_paths.csv,source_target_date_decision_rule_issue_time,2026-06-14,6h_prior,,,2026-06-13 00:00:00+00:00,2026-06-13 10:00:00+00:00,24,24,24,0,2026-06-14 00:00:00+08:00,2026-06-14 23:00:00+08:00,27.8,1900.0,ADMITTED,
data/interim/notebook02_sources/hourly_forecasts/03_18q_june_2026_request_hourly_paths.csv,source_target_date_decision_rule_issue_time,2026-06-14,event_day_open,,,2026-06-13 06:00:00+00:00,2026-06-13 16:00:00+00:00,24,24,24,0,2026-06-14 00:00:00+08:00,2026-06-14 23:00:00+08:00,27.6,1900.0,ADMITTED,
data/interim/notebook02_sources/hourly_forecasts/03_18q_june_2026_request_hourly_paths.csv,source_target_date_decision_rule_issue_time,2026-06-15,12h_prior,,,2026-06-13 18:00:00+00:00,2026-06-14 04:00:00+00:00,24,24,24,0,2026-06-15 00:00:00+08:00,2026-06-15 23:00:00+08:00,28.6,1900.0,ADMITTED,
data/interim/notebook02_sources/hourly_forecasts/03_18q_june_2026_request_hourly_paths.csv,source_target_date_decision_rule_issue_time,2026-06-15,24h_prior,,,2026-06-13 06:00:00+00:00,2026-06-13 16:00:00+00:00,24,24,24,0,2026-06-15 00:00:00+08:00,2026-06-15 23:00:00+08:00,28.4,1900.0,ADMITTED,
data/interim/notebook02_sources/hourly_forecasts/03_18q_june_2026_request_hourly_paths.csv,source_target_date_decision_rule_issue_time,2026-06-15,6h_prior,,,2026-06-14 00:00:00+00:00,2026-06-14 10:00:00+00:00,24,24,24,0,2026-06-15 00:00:00+08:00,2026-06-15 23:00:00+08:00,27.4,1900.0,ADMITTED,
data/interim/notebook02_sources/hourly_forecasts/03_18q_june_2026_request_hourly_paths.csv,source_target_date_decision_rule_issue_time,2026-06-15,event_day_open,,,2026-06-14 06:00:00+00:00,2026-06-14 16:00:00+00:00,24,24,24,0,2026-06-15 00:00:00+08:00,2026-06-15 23:00:00+08:00,27.8,1900.0,ADMITTED,
data/interim/notebook02_sources/hourly_forecasts/03_18q_june_2026_request_hourly_paths.csv,source_target_date_decision_rule_issue_time,2026-06-16,12h_prior,,,2026-06-14 18:00:00+00:00,2026-06-15 04:00:00+00:00,24,24,24,0,2026-06-16 00:00:00+08:00,2026-06-16 23:00:00+08:00,26.5,1900.0,ADMITTED,
data/interim/notebook02_sources/hourly_forecasts/03_18q_june_2026_request_hourly_paths.csv,source_target_date_decision_rule_issue_time,2026-06-16,24h_prior,,,2026-06-14 06:00:00+00:00,2026-06-14 16:00:00+00:00,24,24,24,0,2026-06-16 00:00:00+08:00,2026-06-16 23:00:00+08:00,26.4,1900.0,ADMITTED,
data/interim/notebook02_sources/hourly_forecasts/03_18q_june_2026_request_hourly_paths.csv,source_target_date_decision_rule_issue_time,2026-06-16,6h_prior,,,2026-06-15 00:00:00+00:00,2026-06-15 10:00:00+00:00,24,24,24,0,2026-06-16 00:00:00+08:00,2026-06-16 23:00:00+08:00,27.6,1900.0,ADMITTED,
data/interim/notebook02_sources/hourly_forecasts/03_18q_june_2026_request_hourly_paths.csv,source_target_date_decision_rule_issue_time,2026-06-16,event_day_open,,,2026-06-15 06:00:00+00:00,2026-06-15 16:00:00+00:00,24,24,24,0,2026-06-16 00:00:00+08:00,2026-06-16 23:00:00+08:00,26.2,1900.0,ADMITTED,
data/interim/notebook02_sources/hourly_forecasts/03_18q_june_2026_request_hourly_paths.csv,source_target_date_decision_rule_issue_time,2026-06-17,12h_prior,,,2026-06-15 18:00:00+00:00,2026-06-16 04:00:00+00:00,24,24,24,0,2026-06-17 00:00:00+08:00,2026-06-17 23:00:00+08:00,27.0,1900.0,ADMITTED,
data/interim/notebook02_sources/hourly_forecasts/03_18q_june_2026_request_hourly_paths.csv,source_target_date_decision_rule_issue_time,2026-06-17,24h_prior,,,2026-06-15 06:00:00+00:00,2026-06-15 16:00:00+00:00,24,24,24,0,2026-06-17 00:00:00+08:00,2026-06-17 23:00:00+08:00,26.5,1900.0,ADMITTED,
data/interim/notebook02_sources/hourly_forecasts/03_18q_june_2026_request_hourly_paths.csv,source_target_date_decision_rule_issue_time,2026-06-17,6h_prior,,,2026-06-16 00:00:00+00:00,2026-06-16 10:00:00+00:00,24,24,24,0,2026-06-17 00:00:00+08:00,2026-06-17 23:00:00+08:00,26.4,1900.0,ADMITTED,
data/interim/notebook02_sources/hourly_forecasts/03_18q_june_2026_request_hourly_paths.csv,source_target_date_decision_rule_issue_time,2026-06-17,event_day_open,,,2026-06-16 06:00:00+00:00,2026-06-16 16:00:00+00:00,24,24,24,0,2026-06-17 00:00:00+08:00,2026-06-17 23:00:00+08:00,27.1,1900.0,ADMITTED,
data/interim/notebook02_sources/hourly_forecasts/03_18q_june_2026_request_hourly_paths.csv,source_target_date_decision_rule_issue_time,2026-06-18,12h_prior,,,2026-06-16 18:00:00+00:00,2026-06-17 04:00:00+00:00,24,24,24,0,2026-06-18 00:00:00+08:00,2026-06-18 23:00:00+08:00,28.2,1900.0,ADMITTED,
data/interim/notebook02_sources/hourly_forecasts/03_18q_june_2026_request_hourly_paths.csv,source_target_date_decision_rule_issue_time,2026-06-18,24h_prior,,,2026-06-16 06:00:00+00:00,2026-06-16 16:00:00+00:00,24,24,24,0,2026-06-18 00:00:00+08:00,2026-06-18 23:00:00+08:00,26.1,1900.0,ADMITTED,
data/interim/notebook02_sources/hourly_forecasts/03_18q_june_2026_request_hourly_paths.csv,source_target_date_decision_rule_issue_time,2026-06-18,6h_prior,,,2026-06-17 00:00:00+00:00,2026-06-17 10:00:00+00:00,24,24,24,0,2026-06-18 00:00:00+08:00,2026-06-18 23:00:00+08:00,27.4,1900.0,ADMITTED,
data/interim/notebook02_sources/hourly_forecasts/03_18q_june_2026_request_hourly_paths.csv,source_target_date_decision_rule_issue_time,2026-06-18,event_day_open,,,2026-06-17 06:00:00+00:00,2026-06-17 16:00:00+00:00,24,24,24,0,2026-06-18 00:00:00+08:00,2026-06-18 23:00:00+08:00,27.6,1900.0,ADMITTED,
data/interim/notebook02_sources/hourly_forecasts/03_18q_june_2026_request_hourly_paths.csv,source_target_date_decision_rule_issue_time,2026-06-19,12h_prior,,,2026-06-17 18:00:00+00:00,2026-06-18 04:00:00+00:00,24,24,24,0,2026-06-19 00:00:00+08:00,2026-06-19 23:00:00+08:00,29.5,1900.0,ADMITTED,
data/interim/notebook02_sources/hourly_forecasts/03_18q_june_2026_request_hourly_paths.csv,source_target_date_decision_rule_issue_time,2026-06-19,24h_prior,,,2026-06-17 06:00:00+00:00,2026-06-17 16:00:00+00:00,24,24,24,0,2026-06-19 00:00:00+08:00,2026-06-19 23:00:00+08:00,29.7,1900.0,ADMITTED,
data/interim/notebook02_sources/hourly_forecasts/03_18q_june_2026_request_hourly_paths.csv,source_target_date_decision_rule_issue_time,2026-06-19,6h_prior,,,2026-06-18 00:00:00+00:00,2026-06-18 10:00:00+00:00,24,24,24,0,2026-06-19 00:00:00+08:00,2026-06-19 23:00:00+08:00,29.6,1900.0,ADMITTED,
data/interim/notebook02_sources/hourly_forecasts/03_18q_june_2026_request_hourly_paths.csv,source_target_date_decision_rule_issue_time,2026-06-19,event_day_open,,,2026-06-18 06:00:00+00:00,2026-06-18 16:00:00+00:00,24,24,24,0,2026-06-19 00:00:00+08:00,2026-06-19 23:00:00+08:00,29.6,1900.0,ADMITTED,
data/interim/notebook02_sources/hourly_forecasts/03_18q_june_2026_request_hourly_paths.csv,source_target_date_decision_rule_issue_time,2026-06-20,12h_prior,,,2026-06-18 18:00:00+00:00,2026-06-19 04:00:00+00:00,24,24,24,0,2026-06-20 00:00:00+08:00,2026-06-20 23:00:00+08:00,30.0,1900.0,ADMITTED,
data/interim/notebook02_sources/hourly_forecasts/03_18q_june_2026_request_hourly_paths.csv,source_target_date_decision_rule_issue_time,2026-06-20,24h_prior,,,2026-06-18 06:00:00+00:00,2026-06-18 16:00:00+00:00,24,24,24,0,2026-06-20 00:00:00+08:00,2026-06-20 23:00:00+08:00,30.1,1900.0,ADMITTED,
data/interim/notebook02_sources/hourly_forecasts/03_18q_june_2026_request_hourly_paths.csv,source_target_date_decision_rule_issue_time,2026-06-20,6h_prior,,,2026-06-19 00:00:00+00:00,2026-06-19 10:00:00+00:00,24,24,24,0,2026-06-20 00:00:00+08:00,2026-06-20 23:00:00+08:00,30.4,1900.0,ADMITTED,
data/interim/notebook02_sources/hourly_forecasts/03_18q_june_2026_request_hourly_paths.csv,source_target_date_decision_rule_issue_time,2026-06-20,event_day_open,,,2026-06-19 06:00:00+00:00,2026-06-19 16:00:00+00:00,24,24,24,0,2026-06-20 00:00:00+08:00,2026-06-20 23:00:00+08:00,29.9,1900.0,ADMITTED,
data/interim/notebook02_sources/hourly_forecasts/03_18q_june_2026_request_hourly_paths.csv,source_target_date_decision_rule_issue_time,2026-06-21,12h_prior,,,2026-06-19 18:00:00+00:00,2026-06-20 04:00:00+00:00,24,24,24,0,2026-06-21 00:00:00+08:00,2026-06-21 23:00:00+08:00,30.4,1900.0,ADMITTED,
data/interim/notebook02_sources/hourly_forecasts/03_18q_june_2026_request_hourly_paths.csv,source_target_date_decision_rule_issue_time,2026-06-21,24h_prior,,,2026-06-19 06:00:00+00:00,2026-06-19 16:00:00+00:00,24,24,24,0,2026-06-21 00:00:00+08:00,2026-06-21 23:00:00+08:00,30.2,1900.0,ADMITTED,
data/interim/notebook02_sources/hourly_forecasts/03_18q_june_2026_request_hourly_paths.csv,source_target_date_decision_rule_issue_time,2026-06-21,6h_prior,,,2026-06-20 00:00:00+00:00,2026-06-20 10:00:00+00:00,24,24,24,0,2026-06-21 00:00:00+08:00,2026-06-21 23:00:00+08:00,30.6,1900.0,ADMITTED,
data/interim/notebook02_sources/hourly_forecasts/03_18q_june_2026_request_hourly_paths.csv,source_target_date_decision_rule_issue_time,2026-06-21,event_day_open,,,2026-06-20 06:00:00+00:00,2026-06-20 16:00:00+00:00,24,24,24,0,2026-06-21 00:00:00+08:00,2026-06-21 23:00:00+08:00,30.4,1900.0,ADMITTED,
data/interim/notebook02_sources/hourly_forecasts/03_18q_june_2026_request_hourly_paths.csv,source_target_date_decision_rule_issue_time,2026-06-22,12h_prior,,,2026-06-20 18:00:00+00:00,2026-06-21 04:00:00+00:00,24,24,24,0,2026-06-22 00:00:00+08:00,2026-06-22 23:00:00+08:00,30.3,1900.0,ADMITTED,
data/interim/notebook02_sources/hourly_forecasts/03_18q_june_2026_request_hourly_paths.csv,source_target_date_decision_rule_issue_time,2026-06-22,24h_prior,,,2026-06-20 06:00:00+00:00,2026-06-20 16:00:00+00:00,24,24,24,0,2026-06-22 00:00:00+08:00,2026-06-22 23:00:00+08:00,30.5,1900.0,ADMITTED,
data/interim/notebook02_sources/hourly_forecasts/03_18q_june_2026_request_hourly_paths.csv,source_target_date_decision_rule_issue_time,2026-06-22,6h_prior,,,2026-06-21 00:00:00+00:00,2026-06-21 10:00:00+00:00,24,24,24,0,2026-06-22 00:00:00+08:00,2026-06-22 23:00:00+08:00,31.0,1900.0,ADMITTED,
data/interim/notebook02_sources/hourly_forecasts/03_18q_june_2026_request_hourly_paths.csv,source_target_date_decision_rule_issue_time,2026-06-22,event_day_open,,,2026-06-21 06:00:00+00:00,2026-06-21 16:00:00+00:00,24,24,24,0,2026-06-22 00:00:00+08:00,2026-06-22 23:00:00+08:00,30.8,1900.0,ADMITTED,
data/interim/notebook02_sources/hourly_forecasts/03_18q_june_2026_request_hourly_paths.csv,source_target_date_decision_rule_issue_time,2026-06-23,12h_prior,,,2026-06-21 18:00:00+00:00,2026-06-22 04:00:00+00:00,24,24,24,0,2026-06-23 00:00:00+08:00,2026-06-23 23:00:00+08:00,30.6,1900.0,ADMITTED,
data/interim/notebook02_sources/hourly_forecasts/03_18q_june_2026_request_hourly_paths.csv,source_target_date_decision_rule_issue_time,2026-06-23,24h_prior,,,2026-06-21 06:00:00+00:00,2026-06-21 16:00:00+00:00,24,24,24,0,2026-06-23 00:00:00+08:00,2026-06-23 23:00:00+08:00,30.6,1900.0,ADMITTED,
data/interim/notebook02_sources/hourly_forecasts/03_18q_june_2026_request_hourly_paths.csv,source_target_date_decision_rule_issue_time,2026-06-23,6h_prior,,,2026-06-22 00:00:00+00:00,2026-06-22 10:00:00+00:00,24,24,24,0,2026-06-23 00:00:00+08:00,2026-06-23 23:00:00+08:00,30.5,1900.0,ADMITTED,
data/interim/notebook02_sources/hourly_forecasts/03_18q_june_2026_request_hourly_paths.csv,source_target_date_decision_rule_issue_time,2026-06-23,event_day_open,,,2026-06-22 06:00:00+00:00,2026-06-22 16:00:00+00:00,24,24,24,0,2026-06-23 00:00:00+08:00,2026-06-23 23:00:00+08:00,30.8,1900.0,ADMITTED,
data/interim/notebook02_sources/hourly_forecasts/03_18q_june_2026_request_hourly_paths.csv,source_target_date_decision_rule_issue_time,2026-06-24,12h_prior,,,2026-06-22 18:00:00+00:00,2026-06-23 04:00:00+00:00,24,24,24,0,2026-06-24 00:00:00+08:00,2026-06-24 23:00:00+08:00,31.1,1900.0,ADMITTED,
data/interim/notebook02_sources/hourly_forecasts/03_18q_june_2026_request_hourly_paths.csv,source_target_date_decision_rule_issue_time,2026-06-24,24h_prior,,,2026-06-22 06:00:00+00:00,2026-06-22 16:00:00+00:00,24,24,24,0,2026-06-24 00:00:00+08:00,2026-06-24 23:00:00+08:00,31.5,1900.0,ADMITTED,
data/interim/notebook02_sources/hourly_forecasts/03_18q_june_2026_request_hourly_paths.csv,source_target_date_decision_rule_issue_time,2026-06-24,event_day_open,,,2026-06-23 06:00:00+00:00,2026-06-23 16:00:00+00:00,24,24,24,0,2026-06-24 00:00:00+08:00,2026-06-24 23:00:00+08:00,31.3,1900.0,ADMITTED,
data/interim/notebook02_sources/hourly_forecasts/03_18q_june_2026_request_hourly_paths.csv,source_target_date_decision_rule_issue_time,2026-06-25,12h_prior,,,2026-06-23 18:00:00+00:00,2026-06-24 04:00:00+00:00,24,24,24,0,2026-06-25 00:00:00+08:00,2026-06-25 23:00:00+08:00,32.0,1900.0,ADMITTED,
data/interim/notebook02_sources/hourly_forecasts/03_18q_june_2026_request_hourly_paths.csv,source_target_date_decision_rule_issue_time,2026-06-25,24h_prior,,,2026-06-23 06:00:00+00:00,2026-06-23 16:00:00+00:00,24,24,24,0,2026-06-25 00:00:00+08:00,2026-06-25 23:00:00+08:00,31.2,1900.0,ADMITTED,
data/interim/notebook02_sources/hourly_forecasts/03_18q_june_2026_request_hourly_paths.csv,source_target_date_decision_rule_issue_time,2026-06-25,6h_prior,,,2026-06-24 00:00:00+00:00,2026-06-24 10:00:00+00:00,24,24,24,0,2026-06-25 00:00:00+08:00,2026-06-25 23:00:00+08:00,32.1,1900.0,ADMITTED,
data/interim/notebook02_sources/hourly_forecasts/03_18q_june_2026_request_hourly_paths.csv,source_target_date_decision_rule_issue_time,2026-06-25,event_day_open,,,2026-06-24 06:00:00+00:00,2026-06-24 16:00:00+00:00,24,24,24,0,2026-06-25 00:00:00+08:00,2026-06-25 23:00:00+08:00,31.7,1900.0,ADMITTED,
data/interim/notebook02_sources/hourly_forecasts/03_18q_june_2026_request_hourly_paths.csv,source_target_date_decision_rule_issue_time,2026-06-26,12h_prior,,,2026-06-24 18:00:00+00:00,2026-06-25 04:00:00+00:00,24,24,24,0,2026-06-26 00:00:00+08:00,2026-06-26 23:00:00+08:00,30.1,1900.0,ADMITTED,
data/interim/notebook02_sources/hourly_forecasts/03_18q_june_2026_request_hourly_paths.csv,source_target_date_decision_rule_issue_time,2026-06-26,24h_prior,,,2026-06-24 06:00:00+00:00,2026-06-24 16:00:00+00:00,24,24,24,0,2026-06-26 00:00:00+08:00,2026-06-26 23:00:00+08:00,30.5,1900.0,ADMITTED,
data/interim/notebook02_sources/hourly_forecasts/03_18q_june_2026_request_hourly_paths.csv,source_target_date_decision_rule_issue_time,2026-06-26,6h_prior,,,2026-06-25 00:00:00+00:00,2026-06-25 10:00:00+00:00,24,24,24,0,2026-06-26 00:00:00+08:00,2026-06-26 23:00:00+08:00,31.4,1900.0,ADMITTED,
data/interim/notebook02_sources/hourly_forecasts/03_18q_june_2026_request_hourly_paths.csv,source_target_date_decision_rule_issue_time,2026-06-26,event_day_open,,,2026-06-25 06:00:00+00:00,2026-06-25 16:00:00+00:00,24,24,24,0,2026-06-26 00:00:00+08:00,2026-06-26 23:00:00+08:00,30.0,1900.0,ADMITTED,
data/interim/notebook02_sources/hourly_forecasts/03_18q_june_2026_request_hourly_paths.csv,source_target_date_decision_rule_issue_time,2026-06-27,12h_prior,,,2026-06-25 18:00:00+00:00,2026-06-26 04:00:00+00:00,24,24,24,0,2026-06-27 00:00:00+08:00,2026-06-27 23:00:00+08:00,29.0,1900.0,ADMITTED,
data/interim/notebook02_sources/hourly_forecasts/03_18q_june_2026_request_hourly_paths.csv,source_target_date_decision_rule_issue_time,2026-06-27,24h_prior,,,2026-06-25 06:00:00+00:00,2026-06-25 16:00:00+00:00,24,24,24,0,2026-06-27 00:00:00+08:00,2026-06-27 23:00:00+08:00,27.2,1900.0,ADMITTED,
data/interim/notebook02_sources/hourly_forecasts/03_18q_june_2026_request_hourly_paths.csv,source_target_date_decision_rule_issue_time,2026-06-27,6h_prior,,,2026-06-26 00:00:00+00:00,2026-06-26 10:00:00+00:00,24,24,24,0,2026-06-27 00:00:00+08:00,2026-06-27 23:00:00+08:00,28.8,1900.0,ADMITTED,
data/interim/notebook02_sources/hourly_forecasts/03_18q_june_2026_request_hourly_paths.csv,source_target_date_decision_rule_issue_time,2026-06-27,event_day_open,,,2026-06-26 06:00:00+00:00,2026-06-26 16:00:00+00:00,24,24,24,0,2026-06-27 00:00:00+08:00,2026-06-27 23:00:00+08:00,29.2,1900.0,ADMITTED,
data/interim/notebook02_sources/hourly_forecasts/03_18q_june_2026_request_hourly_paths.csv,source_target_date_decision_rule_issue_time,2026-06-28,12h_prior,,,2026-06-26 18:00:00+00:00,2026-06-27 04:00:00+00:00,24,24,24,0,2026-06-28 00:00:00+08:00,2026-06-28 23:00:00+08:00,28.9,1900.0,ADMITTED,
data/interim/notebook02_sources/hourly_forecasts/03_18q_june_2026_request_hourly_paths.csv,source_target_date_decision_rule_issue_time,2026-06-28,24h_prior,,,2026-06-26 06:00:00+00:00,2026-06-26 16:00:00+00:00,24,24,24,0,2026-06-28 00:00:00+08:00,2026-06-28 23:00:00+08:00,29.4,1900.0,ADMITTED,
data/interim/notebook02_sources/hourly_forecasts/03_18q_june_2026_request_hourly_paths.csv,source_target_date_decision_rule_issue_time,2026-06-28,6h_prior,,,2026-06-27 00:00:00+00:00,2026-06-27 10:00:00+00:00,24,24,24,0,2026-06-28 00:00:00+08:00,2026-06-28 23:00:00+08:00,29.6,1900.0,ADMITTED,
data/interim/notebook02_sources/hourly_forecasts/03_18q_june_2026_request_hourly_paths.csv,source_target_date_decision_rule_issue_time,2026-06-28,event_day_open,,,2026-06-27 06:00:00+00:00,2026-06-27 16:00:00+00:00,24,24,24,0,2026-06-28 00:00:00+08:00,2026-06-28 23:00:00+08:00,28.7,1900.0,ADMITTED,
data/interim/notebook02_sources/hourly_forecasts/03_18q_june_2026_request_hourly_paths.csv,source_target_date_decision_rule_issue_time,2026-06-29,12h_prior,,,2026-06-27 18:00:00+00:00,2026-06-28 04:00:00+00:00,24,24,24,0,2026-06-29 00:00:00+08:00,2026-06-29 23:00:00+08:00,29.4,1900.0,ADMITTED,
data/interim/notebook02_sources/hourly_forecasts/03_18q_june_2026_request_hourly_paths.csv,source_target_date_decision_rule_issue_time,2026-06-29,24h_prior,,,2026-06-27 06:00:00+00:00,2026-06-27 16:00:00+00:00,24,24,24,0,2026-06-29 00:00:00+08:00,2026-06-29 23:00:00+08:00,29.5,1900.0,ADMITTED,
data/interim/notebook02_sources/hourly_forecasts/03_18q_june_2026_request_hourly_paths.csv,source_target_date_decision_rule_issue_time,2026-06-29,6h_prior,,,2026-06-28 00:00:00+00:00,2026-06-28 10:00:00+00:00,24,24,24,0,2026-06-29 00:00:00+08:00,2026-06-29 23:00:00+08:00,30.2,1900.0,ADMITTED,
data/interim/notebook02_sources/hourly_forecasts/03_18q_june_2026_request_hourly_paths.csv,source_target_date_decision_rule_issue_time,2026-06-29,event_day_open,,,2026-06-28 06:00:00+00:00,2026-06-28 16:00:00+00:00,24,24,24,0,2026-06-29 00:00:00+08:00,2026-06-29 23:00:00+08:00,30.0,1900.0,ADMITTED,
data/interim/notebook02_sources/hourly_forecasts/03_18q_june_2026_request_hourly_paths.csv,source_target_date_decision_rule_issue_time,2026-06-30,12h_prior,,,2026-06-28 18:00:00+00:00,2026-06-29 04:00:00+00:00,24,24,24,0,2026-06-30 00:00:00+08:00,2026-06-30 23:00:00+08:00,29.1,1900.0,ADMITTED,
data/interim/notebook02_sources/hourly_forecasts/03_18q_june_2026_request_hourly_paths.csv,source_target_date_decision_rule_issue_time,2026-06-30,24h_prior,,,2026-06-28 06:00:00+00:00,2026-06-28 16:00:00+00:00,24,24,24,0,2026-06-30 00:00:00+08:00,2026-06-30 23:00:00+08:00,29.2,1900.0,ADMITTED,
data/interim/notebook02_sources/hourly_forecasts/03_18q_june_2026_request_hourly_paths.csv,source_target_date_decision_rule_issue_time,2026-06-30,6h_prior,,,2026-06-29 00:00:00+00:00,2026-06-29 10:00:00+00:00,24,24,24,0,2026-06-30 00:00:00+08:00,2026-06-30 23:00:00+08:00,28.9,1900.0,ADMITTED,
data/interim/notebook02_sources/hourly_forecasts/03_18q_june_2026_request_hourly_paths.csv,source_target_date_decision_rule_issue_time,2026-06-30,event_day_open,,,2026-06-29 06:00:00+00:00,2026-06-29 16:00:00+00:00,24,24,24,0,2026-06-30 00:00:00+08:00,2026-06-30 23:00:00+08:00,29.2,1900.0,ADMITTED,
